  1   4
  1   5
  1   2
  2   5
  2   6
  3   7
  3   8
  3   4
  4   8
  4   9
  4   5
  5   9
  5  10
  5   6
  6  10
  7  11
  7  12
  7   8
  8  12
  8  13
  8   9
  9  13
  9  14
  9  10
 10  14
 10  15
 11  16
 11  12
 12  16
 12  17
 12  13
 13  17
 13  18
 13  14
 14  18
 14  19
 14  15
 15  19
 16  20
 16  21
 16  17
 17  21
 17  22
 17  18
 18  22
 18  23
 18  19
 19  23
 19  24
 20  25
 20  21
 21  25
 21  26
 21  22
 22  26
 22  27
 22  23
 23  27
 23  28
 23  24
 24  28
 25  29
 25  26
 26  29
 26  30
 26  27
 27  30
 27  31
 27  28
 28  31
 28  32
 29  33
 29  34
 29  30
 30  34
 30  35
 30  31
 31  35
 31  36
 31  32
 32  36
 33  37
 33  38
 33  34
 34  38
 34  39
 34  35
 35  39
 35  40
 35  36
 36  40
 36  41
 37  45
 37  46
 37  38
 38  46
 38  47
 38  39
 39  47
 39  48
 39  40
 40  48
 40  49
 40  41
 41  49
 42  55
 42  56
 42  43
 43  56
 43  57
 43  44
 44  57
 44  58
 44  45
 45  58
 45  59
 45  46
 46  59
 46  60
 46  47
 47  60
 47  61
 47  48
 48  61
 48  62
 48  49
 49  62
 49  63
 50  66
 50  67
 50  51
 51  67
 51  68
 51  52
 52  68
 52  69
 53  70
 53  71
 53  54
 54  71
 54  72
 54  55
 55  72
 55  73
 55  56
 56  73
 56  74
 56  57
 57  74
 57  75
 57  58
 58  75
 58  76
 58  59
 59  76
 59  77
 59  60
 60  77
 60  78
 60  61
 61  78
 61  79
 61  62
 62  79
 62  80
 62  63
 63  80
 64  83
 64  84
 64  65
 65  84
 65  85
 65  66
 66  85
 66  86
 66  67
 67  86
 67  87
 67  68
 68  87
 68  88
 68  69
 69  88
 69  89
 69  70
 70  89
 70  90
 70  71
 71  90
 71  91
 71  72
 72  91
 72  92
 72  73
 73  92
 73  93
 73  74
 74  93
 74  94
 74  75
 75  94
 75  95
 75  76
 76  95
 76  96
 76  77
 77  96
 77  97
 77  78
 78  97
 78  98
 78  79
 79  98
 79  99
 79  80
 80  99
 80 100
 81 101
 81 102
 81  82
 82 102
 82 103
 82  83
 83 103
 83 104
 83  84
 84 104
 84 105
 84  85
 85 105
 85 106
 85  86
 86 106
 86 107
 86  87
 87 107
 87 108
 87  88
 88 108
 88 109
 88  89
 89 109
 89 110
 89  90
 90 110
 90 111
 90  91
 91 111
 91 112
 91  92
 92 112
 92 113
 92  93
 93 113
 93 114
 93  94
 94 114
 94 115
 94  95
 95 115
 95 116
 95  96
 96 116
 96 117
 96  97
 97 117
 97 118
 97  98
 98 118
 98 119
 98  99
 99 119
 99 120
 99 100
100 120
101 121
101 102
102 121
102 122
102 103
103 122
103 123
103 104
104 123
104 124
104 105
105 124
105 125
105 106
106 125
106 126
106 107
107 126
107 127
107 108
108 127
108 128
108 109
109 128
109 129
109 110
110 129
110 130
110 111
111 130
111 131
111 112
112 131
112 132
112 113
113 132
113 133
113 114
114 133
114 134
114 115
115 134
115 135
115 116
116 135
116 136
116 117
117 136
117 137
117 118
118 137
118 138
118 119
119 138
119 139
119 120
120 139
120 140
121 141
121 142
121 122
122 142
122 143
122 123
123 143
123 144
123 124
124 144
124 145
124 125
125 145
125 146
125 126
126 146
126 147
126 127
127 147
127 148
127 128
128 148
128 149
128 129
129 149
129 150
129 130
130 150
130 151
130 131
131 151
131 152
131 132
132 152
132 153
132 133
133 153
133 154
133 134
134 154
134 155
134 135
135 155
135 156
135 136
136 156
136 157
136 137
137 157
137 158
137 138
138 158
138 159
138 139
139 159
139 160
139 140
140 160
141 161
141 142
142 161
142 162
142 143
143 162
143 163
143 144
144 163
144 164
144 145
145 164
145 165
145 146
146 165
146 166
146 147
147 166
147 167
147 148
148 167
148 168
148 149
149 168
149 169
149 150
150 169
150 170
150 151
151 170
151 171
151 152
152 171
152 172
152 153
153 172
153 173
153 154
154 173
154 174
154 155
155 174
155 175
155 156
156 175
156 176
156 157
157 176
157 177
157 158
158 177
158 178
158 159
159 178
159 179
159 160
160 179
160 180
161 162
162 181
162 163
163 181
163 182
163 164
164 182
164 183
164 165
165 183
165 184
165 166
166 184
166 185
166 167
167 185
167 186
167 168
168 186
168 187
168 169
169 187
169 188
169 170
170 188
170 189
170 171
171 189
171 190
171 172
172 190
172 191
172 173
173 191
173 192
173 174
174 192
174 193
174 175
175 193
175 194
175 176
176 194
176 195
176 177
177 195
177 196
177 178
178 196
178 197
178 179
179 197
179 198
179 180
180 198
181 182
182 199
182 183
183 199
183 200
183 184
184 200
184 201
184 185
185 201
185 202
185 186
186 202
186 203
186 187
187 203
187 204
187 188
188 204
188 205
188 189
189 205
189 206
189 190
190 206
190 207
190 191
191 207
191 208
191 192
192 208
192 209
192 193
193 209
193 210
193 194
194 210
194 211
194 195
195 211
195 212
195 196
196 212
196 213
196 197
197 213
197 214
197 198
198 214
198 215
199 200
200 201
201 216
201 202
202 216
202 217
202 203
203 217
203 218
203 204
204 218
204 219
204 205
205 219
205 220
205 206
206 220
206 221
206 207
207 221
207 222
207 208
208 222
208 223
208 209
209 223
209 224
209 210
210 224
210 225
210 211
211 225
211 226
211 212
212 226
212 227
212 213
213 227
213 228
213 214
214 228
214 229
214 215
215 229
216 230
216 217
217 230
217 231
217 218
218 231
218 232
218 219
219 232
219 233
219 220
220 233
220 234
220 221
221 234
221 235
221 222
222 235
222 236
222 223
223 236
223 237
223 224
224 237
224 238
224 225
225 238
225 239
225 226
226 239
226 240
226 227
227 240
227 241
227 228
228 241
228 242
228 229
229 242
229 243
230 231
231 232
232 233
233 234
234 235
235 236
236 244
236 237
237 244
237 245
237 238
238 245
238 246
238 239
239 246
239 247
239 240
240 247
240 248
240 241
241 248
241 249
241 242
242 249
242 243
244 250
244 245
245 250
245 251
245 246
246 251
246 252
246 247
247 252
247 253
247 248
248 253
248 254
248 249
249 254
250 251
251 255
251 252
252 255
252 256
252 253
253 256
253 257
253 254
254 257
255 258
255 256
256 258
256 259
256 257
257 259
257 260
258 259
259 260
