  1.892430  27.909909
  7.576347  46.770218
-19.508456  22.863438
-14.046156  35.532332
  0.131604  37.655723
  7.932484  47.121459
 -3.292151  30.770863
-23.391146  28.844761
 10.951366  20.605228
-10.301930  30.509412
  6.704607  -5.751615
 10.787314  17.237946
-14.249499  13.302656
-22.709390  21.993697
-11.867807  38.320134
-29.985059  19.344073
 -3.636489  18.856951
-30.648072  26.323001
-13.820508  20.608971
  7.816267   2.843206
-31.949850  22.755098
-15.933305  35.975723
  7.654402  -5.693531
-29.153637  25.853304
  8.168348   5.871522
 -5.750845  15.592708
  4.482592  17.451924
 10.656057 -10.151757
 12.711089   8.801257
  4.758451  39.060926
 10.575892  32.637393
-10.409780  27.785692
 13.294102  16.714197
 12.435399  20.861377
 -3.755363  11.909000
  9.488946   6.999938
 14.251991 -13.038855
  7.554271  12.804424
  4.587612  16.824462
