   0.139846 2105.562511
   0.139291 2127.173436
   0.148444 2194.543687
   0.152658 2328.922498
   0.140418 2128.934473
   0.134388 2013.055317
   0.133678 2104.231634
   0.138565 2038.404742
   0.139575 1962.401150
   0.142949 2171.373778
   0.144466 2012.212868
   0.151278 2117.583770
   0.153757 2116.321156
   0.157585 2095.943464
   0.161413 2149.551215
   0.158695 2118.247982
   0.159312 2253.768781
   0.159832 1971.441060
   0.160757 2057.149004
   0.159860 2045.716319
   0.159570 2069.254175
   0.157517 2335.005556
   0.152001 2228.206653
   0.158709 2163.928390
   0.158552 2094.792795
   0.161539 2382.607404
   0.162801 2109.633557
   0.164111 2027.240061
   0.160568 2120.879791
   0.161966 2121.524188
   0.160732 2174.906083
   0.162066 2158.573759
   0.154370 2185.636459
   0.152866 2108.891356
   0.156318 2312.264866
   0.154150 2037.919581
   0.155927 2163.985744
   0.151599 2284.293950
   0.147191 2020.878912
   0.151032 1995.318159
   0.145966 1954.466873
   0.149234 2148.620499
   0.147575 1963.053002
   0.151043 2032.045204
   0.150318 2076.397306
   0.150317 2025.468109
   0.150896 1989.033964
   0.147383 2211.185579
   0.149861 2007.335971
   0.151298 2131.324792
   0.155218 2183.135565
   0.161384 2183.649064
   0.159684 1973.943194
   0.158622 2089.723874
   0.157177 2009.292550
   0.157440 2254.700602
   0.151639 1997.044119
   0.154145 1929.893519
   0.154277 2157.239369
   0.157233 2065.405606
   0.151791 2142.755227
   0.150217 2182.092257
   0.153388 2025.807872
   0.154463 1880.360884
   0.156622 1935.918096
   0.158297 1999.155374
   0.152611 2054.145952
   0.148377 1975.537497
   0.142906 1943.203564
   0.144843 2175.060669
   0.142506 2158.089909
   0.146902 2135.800844
   0.146927 2069.728893
   0.148990 1946.440288
   0.148950 2064.162830
   0.146009 2115.538197
   0.144509 2174.356098
   0.147560 2162.269440
   0.145360 2131.636725
   0.137605 2054.851924
   0.135777 2187.546572
   0.138755 2166.476582
   0.132004 2041.265851
   0.129549 2041.249361
   0.130819 2145.652248
   0.129391 2211.354450
   0.131821 1846.279129
   0.131556 2222.634647
   0.137753 2058.156844
   0.134271 2128.154468
   0.136303 2028.890988
   0.137394 1917.268671
   0.132929 1985.794567
   0.136833 2155.902551
   0.132882 2131.401928
   0.134843 2002.809405
   0.143550 1985.840775
   0.149206 1898.671088
   0.156654 2213.754847
   0.156033 2348.331565
   0.158321 2273.411524
   0.153407 2198.630470
   0.156089 2009.445335
   0.156509 2069.951877
   0.160357 2186.441765
   0.156859 2132.466860
   0.158457 2084.381592
   0.158583 2110.185698
   0.157213 2087.908409
   0.159058 2077.337950
   0.150203 2007.486803
   0.151010 2315.093184
   0.155017 2000.536806
   0.163213 2137.946000
   0.162327 2026.407796
   0.162661 1980.035654
   0.162397 1906.852812
   0.161022 2131.891671
   0.158873 2211.855222
   0.150142 2067.344377
   0.151080 1993.674570
   0.144748 2036.881524
   0.147069 2067.963062
   0.144815 2014.093640
   0.143463 2255.036389
   0.139982 1966.153198
   0.132771 2246.219229
   0.133872 1873.924393
   0.132021 2013.043196
   0.134305 2258.269607
   0.130785 2143.616515
   0.135035 2019.580459
   0.130706 2110.289328
   0.125464 1937.555806
   0.124728 2190.015354
   0.125492 2061.410795
   0.120285 2204.187808
   0.133597 1868.486143
   0.130036 2275.174905
   0.131353 1935.021184
   0.134201 2045.889569
   0.137220 1954.538167
   0.148736 2133.559111
   0.157072 2248.610972
   0.160107 2126.596048
   0.160099 2152.279059
   0.155384 2105.684935
   0.155152 1930.647042
   0.149055 2238.932528
   0.151978 2151.793542
   0.154392 1949.432935
   0.156166 2128.111679
   0.162223 2078.848068
   0.161806 2099.633308
   0.159154 2159.727441
   0.159329 2080.385439
   0.159574 2107.827427
   0.163525 2086.644015
   0.160082 2127.974849
   0.161269 1932.904986
   0.156173 2000.752142
   0.159319 2096.004398
   0.161452 2004.145069
   0.160133 2023.974923
   0.156570 1971.801939
   0.160189 2131.789909
   0.158390 1936.304914
   0.154424 2130.948457
   0.150215 2355.773218
   0.143965 2177.290990
   0.139630 2119.222164
   0.142260 2077.659220
   0.137329 2254.835556
   0.139315 1976.867419
   0.132237 2143.466280
   0.131575 2193.608073
   0.129542 2098.441570
   0.129083 1955.552382
   0.126923 2011.080399
   0.125957 2068.755578
   0.125240 2163.450797
   0.126124 2126.961294
   0.128316 2105.244470
   0.124552 2070.942213
   0.128022 2243.858489
   0.128322 1986.549323
   0.124023 2135.132112
   0.127237 2222.815956
   0.133144 1963.456267
   0.131606 2099.550599
   0.130141 2096.259127
   0.133340 2153.101455
   0.136936 2206.481000
   0.145388 2144.171310
   0.146004 2059.140700
   0.145814 2185.129129
   0.154687 2166.138944
   0.156640 1960.214566
   0.153495 2191.181485
   0.149832 2178.374224
   0.148886 2179.341280
   0.150429 2019.260386
   0.149119 2160.334157
   0.151036 2179.639428
   0.145090 1953.503264
   0.140493 1991.608775
   0.135357 2039.826684
   0.138350 2377.892367
   0.133447 1979.625412
   0.134994 2031.949638
   0.137221 2042.076808
   0.141113 2038.068707
   0.137197 2099.216802
   0.138941 2123.742866
   0.135417 2138.980068
   0.130996 1993.043475
   0.130266 2218.605480
   0.136967 2022.918285
   0.135298 2185.646382
   0.135441 1949.671983
   0.136426 2171.028833
   0.131678 2123.404545
   0.128751 2027.884666
   0.125638 2043.459622
   0.123615 2262.975917
   0.125374 2117.201820
   0.123810 1910.192684
   0.129393 2114.977067
   0.128785 2089.741264
   0.129372 2025.817721
   0.134849 2207.731119
   0.136049 2181.578780
   0.135393 2044.595808
   0.134496 2119.576475
   0.137406 1993.946252
   0.133339 2059.988316
   0.133726 1981.036567
   0.131996 2065.879593
   0.138296 1814.794588
   0.146222 2072.531974
   0.146219 2081.453334
   0.145159 2082.546193
   0.145715 2137.879866
   0.140813 1892.875678
   0.140340 2000.985358
   0.142854 2193.217737
   0.144089 1959.328618
   0.148423 2265.023255
   0.153145 2019.585314
   0.158748 2142.163245
   0.156927 2092.113440
   0.152567 2427.254772
   0.160034 1836.173236
   0.155058 2081.831765
   0.158474 2249.499636
   0.160345 1969.778243
   0.158515 2009.654105
   0.157578 2129.991701
   0.155376 1954.302797
   0.160116 1995.568269
   0.160287 2042.909647
   0.158590 2170.979651
   0.159191 2180.408414
   0.151679 2135.707538
   0.155585 2078.939655
   0.156212 2135.749991
   0.160487 1961.714311
   0.164312 2079.222000
   0.156181 2063.826797
   0.152007 2199.413777
   0.146410 2010.405938
   0.149441 2094.264676
   0.150594 2123.693153
   0.149122 1992.063537
   0.150389 2026.169979
   0.148022 2023.506742
   0.146303 2292.669255
   0.142907 2093.746911
   0.141605 2066.808916
   0.151861 1941.475502
   0.148745 1934.075318
   0.152487 2038.056007
   0.150045 2120.628366
   0.154897 2036.028483
   0.160247 2218.793352
   0.162635 2034.395716
   0.163050 2117.884407
   0.160601 2059.386558
   0.161331 2089.080096
   0.161446 2102.175757
   0.154728 1922.492766
   0.155601 2347.764819
   0.155182 2100.092794
   0.157692 2087.174294
   0.162612 2074.865672
   0.162676 2024.362002
   0.161098 2106.820857
   0.159017 2138.706667
   0.160438 1941.967471
   0.157190 1980.977316
   0.163087 2231.590921
   0.162309 2130.713496
   0.161023 2223.785038
   0.157664 2148.336053
   0.161158 2083.594187
   0.159967 2201.333944
   0.152862 2017.363427
   0.150183 2178.314267
   0.142801 2147.926770
   0.133507 2293.661238
   0.131122 2005.096929
   0.127718 2144.822019
   0.126743 2124.523579
   0.129904 2047.394794
   0.131958 2134.644596
   0.134637 2035.958979
   0.128218 1904.631021
   0.139892 1992.150411
   0.142391 2065.456637
   0.146700 2139.904531
   0.147066 2156.222481
   0.151979 2013.532435
   0.156745 2145.843491
   0.160404 2122.614153
   0.163260 1905.756725
   0.164309 1964.964735
   0.163066 1993.016710
   0.158741 2054.700567
   0.162236 2052.159861
   0.158926 2176.978998
   0.157613 2254.906811
   0.157060 2056.438343
   0.161532 2172.277586
   0.157230 2205.139839
   0.153247 2158.286062
   0.150459 2318.403195
   0.145228 1891.201530
   0.143651 2064.454471
   0.143390 2123.428140
   0.138354 2262.712689
   0.140327 1887.364618
   0.136795 2136.068709
   0.135304 2087.121197
   0.141322 2058.733676
   0.141323 2144.735407
   0.143082 2059.693324
   0.143387 1939.711775
   0.146538 1931.664656
   0.146071 2213.484173
   0.147438 2163.723876
   0.147910 2156.922940
   0.147576 2100.182119
   0.153045 2226.545718
   0.155824 2185.946451
   0.153754 2062.319538
   0.158310 2055.833583
   0.158590 2220.936483
   0.162213 2096.973758
   0.163521 2115.920611
   0.163284 2066.143002
   0.157404 2103.479400
   0.157380 1962.802937
   0.157727 2147.076854
   0.158524 1870.753058
   0.160597 2152.415524
   0.163288 2017.566673
   0.163643 2033.022138
   0.163518 2233.427438
   0.159917 2050.643848
   0.150347 2203.172382
   0.153047 2149.095701
   0.156622 2028.551220
   0.154585 2144.206374
   0.153852 2010.408009
   0.153994 2120.138090
   0.156211 2085.343958
   0.162133 2086.945020
   0.160978 2047.472586
   0.159778 2320.952713
   0.160962 2056.755715
   0.159327 2092.497763
   0.158576 2092.904630
   0.157907 2123.569598
   0.159659 1916.012029
   0.158198 2149.998172
   0.156468 2082.124005
   0.160229 2183.956492
   0.158548 1947.909296
   0.158634 2041.424587
   0.158276 2116.093687
   0.154380 2289.552289
   0.163551 1782.869013
   0.160774 2227.584822
   0.159330 2051.559189
   0.150836 2130.577129
   0.157033 2055.349919
   0.156094 2101.095708
   0.154839 2005.651585
   0.150155 2167.163230
   0.152744 2040.740305
   0.154363 2025.338575
   0.155946 2153.448046
   0.161606 2075.352097
   0.159255 2091.568454
   0.155164 2317.180442
   0.156544 2144.665546
   0.157544 2187.049073
   0.157957 1938.074143
   0.164579 2200.781792
   0.163175 2194.442214
   0.160919 1991.683902
   0.163616 2117.521412
   0.161113 2083.323081
   0.165664 2173.729740
   0.156913 2296.884858
   0.157152 2141.423365
   0.156459 2089.918189
   0.155833 2176.646756
   0.163017 2071.032796
   0.160004 2129.799137
   0.152909 2021.313646
   0.151099 2315.836221
   0.149968 2236.479470
   0.151969 2242.722673
   0.154454 1928.056653
   0.151161 2266.849271
   0.150668 2072.229803
   0.149629 2200.308596
   0.154340 1978.558477
   0.159051 1918.404552
   0.158113 2014.532058
   0.148104 2044.527536
   0.146931 2283.605410
   0.145610 2060.909995
   0.142159 2014.723136
   0.142728 2109.191235
   0.141799 1895.988478
   0.145728 2128.820865
   0.147722 2220.882694
   0.144942 1889.105183
   0.142772 2119.791147
   0.138249 2210.101873
   0.139681 2047.872503
   0.136146 1946.356845
   0.137971 2021.833245
   0.138318 2280.122770
   0.138322 2028.147726
   0.139082 1990.210455
   0.140058 2230.967988
   0.143599 1959.608043
   0.147379 2035.668519
   0.149876 2248.025783
   0.152419 1950.372346
   0.151718 2068.396280
   0.150551 2194.571768
   0.153471 2086.458517
   0.145196 2182.575220
   0.148263 2191.863841
   0.141796 2053.679349
   0.144510 2179.871119
   0.145215 2227.429609
   0.145076 2176.190520
   0.145140 2096.505401
   0.145430 2205.943384
   0.142249 1978.663496
   0.142883 2375.093426
   0.140770 2137.517726
   0.139662 2203.178431
   0.137554 2005.727264
   0.139075 1839.094377
   0.137154 2086.056748
   0.137434 2140.911523
   0.139763 2155.222479
   0.136963 2042.386953
   0.132549 2196.626391
   0.136534 2149.489229
   0.136621 2026.708468
   0.137496 2220.222948
   0.138416 2157.172495
   0.137724 2049.116603
   0.138591 2000.283078
   0.137105 2051.749512
   0.135596 1985.757389
   0.128019 1961.899316
   0.130811 2088.929756
   0.131248 2302.541999
   0.133074 2139.511968
   0.134151 2068.418135
   0.135834 2098.710642
   0.128939 2268.777403
   0.122855 2200.489582
   0.125741 2157.026684
   0.121957 2151.063350
   0.124444 2172.684397
   0.126767 2039.243209
   0.129509 2057.979471
   0.122639 2077.195197
   0.124903 2109.207574
   0.124838 2196.628905
   0.121092 2038.213805
   0.127236 2183.274560
   0.128679 2143.079812
   0.128754 2106.727267
   0.129271 1994.313362
   0.132390 2161.598751
   0.136111 2255.673562
   0.134874 1930.951314
   0.133195 1892.995649
   0.129113 2175.679182
   0.131084 2287.588328
   0.130899 1966.572358
   0.126055 2153.350173
   0.124936 2246.397093
   0.131009 2281.360801
   0.128366 2061.211281
   0.129091 2118.106509
   0.129009 2095.825329
   0.130056 2135.044408
   0.131699 2024.542687
   0.133074 2059.558608
   0.134475 2401.126505
   0.139319 2118.860882
   0.143436 2143.811898
   0.147657 1946.710357
   0.152256 2165.598046
   0.153054 2086.116065
   0.146541 2079.283073
   0.156827 2216.445507
   0.158616 2023.603731
   0.158731 2337.633056
   0.152065 2297.141280
   0.155309 2054.388124
   0.159197 2234.503478
   0.159229 1883.107978
   0.159044 2028.553214
   0.160115 2220.445684
   0.159389 2059.971379
   0.160595 2113.417215
   0.161373 1979.067475
   0.156674 2146.574411
   0.152359 2303.899765
   0.153559 2215.525738
   0.155726 2268.824789
   0.147570 2196.870338
   0.147503 2161.019021
   0.143091 2208.132154
   0.140558 1975.419127
   0.137168 2091.030779
   0.135455 2255.238861
   0.138504 2027.329825
   0.141110 2175.312856
   0.138358 1988.682069
   0.140716 2212.109085
   0.140399 1987.301812
   0.144543 2068.041969
   0.143172 2027.423359
   0.141703 2059.299538
   0.138962 2039.046847
   0.143644 1918.043974
   0.139589 1963.148177
   0.141486 2171.285806
   0.140093 2142.468369
   0.139355 2050.249570
   0.140000 1942.876142
   0.139629 2058.793944
   0.139101 2020.507663
   0.144221 2133.328015
   0.142585 2158.024377
   0.140302 2187.983290
   0.140835 2157.890433
   0.147555 2058.440287
   0.149392 1935.233902
   0.146159 2139.141883
   0.154598 2224.960177
   0.158145 1969.381676
   0.157325 2105.147460
   0.160788 1975.388626
   0.159062 2169.474415
   0.159954 1982.072120
   0.164195 2220.006232
   0.160413 1813.878098
   0.161678 1969.431627
   0.160597 2018.877933
   0.161920 2133.545726
   0.158929 2097.378398
   0.162092 2199.904478
   0.156649 2021.230689
   0.155477 2218.831284
   0.156409 2132.661967
   0.152361 1958.354510
   0.154979 2176.723152
   0.155414 2068.553280
   0.156776 2181.526895
   0.160797 2259.778228
   0.162492 2162.773750
   0.161130 2182.192617
   0.155339 2000.096660
   0.155789 2226.457355
   0.156305 1987.918405
   0.163264 2365.941412
   0.162216 2161.124763
   0.158864 1978.800794
   0.157921 2038.217664
   0.158653 2246.977895
   0.158198 2010.346916
   0.150730 2115.138379
   0.147038 1956.940225
   0.146546 2203.434647
   0.153011 2105.830928
   0.153250 2058.316735
   0.158311 2213.690419
   0.157009 2169.513985
   0.162559 2262.863383
   0.157978 2098.068813
   0.159304 1862.525816
   0.158413 2160.335045
   0.155328 2019.237264
   0.157415 1993.730548
   0.156058 2078.288255
   0.151114 2182.447723
   0.151996 1946.631088
   0.156319 1989.527818
   0.161524 2020.594836
   0.159117 2075.834311
   0.161967 1933.964415
   0.157662 2006.425945
   0.155509 2108.305059
   0.156961 2221.214582
   0.155512 2351.529649
   0.150623 2045.321654
   0.151217 2153.205891
   0.154587 2085.566284
   0.148549 2064.319964
   0.158986 2087.966845
   0.160404 2101.622496
   0.153009 2157.397855
   0.152710 2115.305473
   0.152766 2209.093914
   0.155406 2176.605593
   0.148770 2040.301423
   0.154071 1833.707425
   0.159870 2192.080257
   0.154794 2033.875533
   0.157785 2130.817585
   0.155478 2028.460274
   0.153728 2228.730284
   0.152858 2064.123611
   0.146171 2136.282691
   0.146938 2318.214528
   0.148107 2061.521176
   0.156985 2020.487072
   0.154740 2074.454426
   0.157462 2034.400120
   0.158737 2099.413956
   0.162295 2129.350035
   0.162578 1980.660572
   0.158968 2005.938153
   0.159601 2104.338664
   0.156042 1933.745950
   0.154964 2053.020851
   0.146002 2170.683963
   0.144963 2258.019116
   0.141814 2067.456301
   0.142904 2260.362175
   0.142611 2115.828660
   0.145253 2149.076165
   0.141564 2125.172940
   0.139368 1923.215566
   0.138785 2028.825232
   0.138168 1964.286653
   0.139879 2031.078884
   0.138909 2031.895818
   0.150170 2244.402414
   0.154274 2173.849019
   0.159316 1818.388101
   0.153086 1864.515210
   0.153086 1993.801488
   0.147041 2133.408319
   0.151926 2182.980196
   0.155029 2139.678213
   0.156344 2031.667956
   0.157393 2100.389918
   0.156589 2084.711606
   0.155625 2106.375417
   0.155129 2227.571104
   0.149548 2278.847304
   0.151424 2184.303858
   0.153336 2054.859547
   0.152494 2174.142213
   0.150467 2137.012432
   0.150667 2103.339944
   0.152647 2362.105950
   0.148328 2237.204322
   0.149563 2040.042979
   0.144496 2185.825663
   0.142535 2141.440160
   0.155956 2010.092390
   0.151405 2074.074992
   0.154582 1979.252607
   0.152005 2082.908608
   0.152964 2156.692909
   0.149767 2223.713244
   0.148978 2079.230224
   0.150107 1983.347074
   0.150103 2135.583834
   0.149287 2160.011485
   0.146415 2070.733320
   0.146206 2229.032765
   0.146257 1996.952261
   0.146189 1992.019911
   0.148958 1923.699490
   0.150512 2245.388894
   0.144357 2173.376315
   0.152373 2100.105924
   0.153080 1884.336635
   0.151445 2174.569251
   0.152390 2099.872579
   0.154363 2076.745655
   0.163401 2060.234218
   0.162446 2041.730868
   0.156780 1972.836410
   0.152074 1880.046789
   0.140634 2158.217751
   0.138112 2135.141763
   0.138147 2146.389718
   0.131860 2151.675897
   0.135185 2201.771480
   0.143449 2094.374930
   0.139130 2005.006056
   0.142354 2072.511716
   0.145262 2157.526020
   0.148386 2021.467231
   0.149345 1910.282322
   0.152962 2074.990019
   0.150488 2041.667922
   0.153471 2253.093367
   0.156145 2194.249539
   0.154242 2036.682615
   0.149708 2178.532929
   0.149444 2027.168924
   0.153368 1890.415049
   0.153791 2048.757274
   0.154728 2337.889021
   0.152166 2015.984077
   0.151009 2169.535443
   0.154458 2153.831783
   0.153451 2068.041327
   0.148544 2092.146114
   0.147204 2094.681608
   0.152925 2063.808302
   0.158362 2153.214434
   0.157014 1970.978289
   0.154566 2089.217677
   0.156190 2140.547566
   0.155236 2112.695976
   0.154894 1958.898702
   0.157841 1878.354894
   0.155706 2214.078590
   0.160367 1984.860504
   0.162572 2216.215628
   0.154920 2057.349878
   0.158454 2109.346736
   0.161570 2200.924628
   0.160903 1931.848909
   0.157594 2209.288442
   0.149482 2048.734332
   0.143175 2136.522256
   0.140984 1997.549833
   0.139743 2214.797884
   0.139333 2120.560636
   0.139551 2139.030771
   0.136793 2079.844796
   0.139721 2083.303987
   0.139462 2116.303245
   0.145127 2076.127805
   0.142557 2200.919421
   0.143690 2144.971660
   0.136675 2217.499466
   0.136530 2266.687501
   0.133480 2033.877160
   0.133051 1967.436273
   0.132452 2204.834312
   0.134758 2068.127827
   0.136910 1967.824987
   0.135068 1984.016199
   0.128557 2222.860517
   0.127127 1952.702218
   0.125515 2012.954292
   0.124646 2049.989687
   0.123430 1827.737204
   0.123248 2090.228030
   0.127383 2049.502346
   0.132943 2060.940417
   0.133015 2104.269919
   0.130479 1995.203986
   0.134858 2110.179257
   0.133250 2085.100128
   0.141128 2039.861586
   0.143492 2120.334696
   0.145023 2069.734518
   0.145625 2300.908532
   0.145944 2119.387286
   0.148381 2076.267035
   0.151235 2123.162889
   0.149975 1892.954183
   0.148774 2007.651824
   0.150717 1950.370978
   0.151542 2093.413673
   0.151307 2153.393115
   0.153704 2129.881393
   0.154475 2170.068155
   0.151430 1889.220509
   0.155378 2192.221305
   0.153832 2159.989174
   0.152825 2048.728415
   0.160624 2240.632543
   0.161374 2099.180928
   0.160112 2171.916615
   0.157098 2174.323123
   0.154435 1997.343041
   0.158570 2031.516490
   0.160145 2066.867647
   0.156329 2037.836737
   0.156635 2318.921927
   0.149401 2148.942576
   0.155109 2028.520422
   0.149811 2084.986338
   0.151323 2204.084591
   0.145770 2026.933195
   0.144804 2144.988096
   0.148164 2191.095126
   0.149886 2053.551792
   0.147546 2203.827259
   0.146833 2228.047933
   0.145901 2316.319051
   0.148988 2300.736590
   0.146752 2014.529608
   0.144613 1904.389527
   0.145097 2261.185920
   0.142810 2143.864385
   0.151113 2114.481473
   0.142838 2098.569782
   0.147025 2209.871470
   0.152312 2320.714914
   0.148146 2217.850372
   0.149312 2084.292595
   0.142883 2237.149613
   0.141845 1938.155150
   0.140283 2035.041233
   0.132457 2100.138042
   0.129322 2132.429784
   0.129863 2171.546686
   0.126454 2117.176313
   0.129646 2212.951642
   0.136672 2182.427923
   0.139298 2039.801224
   0.140749 2076.301948
   0.140916 2016.287794
   0.133153 2067.855877
   0.129583 2324.667109
   0.132208 2067.309196
   0.132347 2192.309807
   0.137160 2034.877086
   0.139462 2268.092669
   0.143691 2102.844744
   0.145430 2054.328718
   0.146119 2085.979737
   0.142333 2098.975923
   0.142355 2065.351171
   0.138173 2109.349358
   0.135377 2056.270892
   0.138835 2121.420960
   0.140512 2047.157307
   0.138424 2188.444275
   0.134095 2154.568110
   0.122542 2253.215032
   0.129280 2054.432655
   0.128780 2077.074223
   0.130185 1890.706376
   0.131817 1993.363134
   0.132311 2017.447494
   0.133426 2163.710982
   0.126437 2162.434719
   0.135094 2112.478793
   0.135040 1946.351854
   0.132817 2069.848484
   0.133194 2019.542067
   0.133936 2028.791211
   0.135462 2183.179729
   0.134268 2115.367565
   0.132773 1996.871014
   0.139566 2073.466205
   0.140718 1961.062991
   0.137547 2026.987786
   0.126838 2030.661170
   0.129672 2122.580146
   0.130384 2288.022268
   0.131043 2045.211441
   0.131819 1998.500482
   0.133596 2199.956069
   0.132157 2016.270666
   0.139404 2014.879672
   0.135390 2227.130128
   0.131494 2060.243770
   0.128482 2167.357194
   0.128670 2120.097499
   0.128825 2058.270540
   0.132703 2047.738562
   0.136938 2203.086111
   0.137361 2091.635366
   0.137335 2054.408303
   0.138375 2356.297348
   0.136900 2140.482253
   0.140109 2040.086815
   0.141866 2157.561338
   0.143438 2075.178484
   0.140358 2037.598377
   0.141152 2232.047817
   0.139663 2108.688957
   0.141875 2089.237167
   0.137396 2161.581808
   0.143127 2089.183326
   0.145116 2094.981733
   0.143591 2175.271185
   0.144182 2316.000387
   0.140345 1959.177254
   0.142449 2022.815812
   0.148048 2034.274648
   0.153055 1949.146392
   0.155654 2021.976475
   0.154699 2062.555723
   0.149028 2175.834923
   0.153071 2113.628986
   0.151378 2111.397674
   0.145683 2055.695993
   0.142885 2277.921385
   0.142668 2248.058787
   0.142051 2253.118441
   0.142313 2244.148024
   0.147047 1945.705909
   0.152992 1954.918245
   0.153878 1840.599924
   0.151617 2149.095856
   0.156078 2038.224647
   0.155930 2002.048756
   0.159672 2006.953053
   0.158788 1960.106210
   0.154625 1944.428908
   0.158375 2220.913952
   0.155878 2222.185873
   0.156460 2254.598713
   0.156918 2063.804511
   0.155053 1952.660415
   0.156401 2133.017505
   0.152712 2061.739449
   0.156348 2027.277522
   0.152177 2234.562631
   0.153090 2032.836771
   0.149194 2169.444129
   0.150344 2054.959051
   0.151218 2028.510779
   0.151001 2149.330947
   0.154063 2130.566960
   0.152876 2200.349092
   0.156490 2335.211017
   0.159534 2163.381377
   0.160044 2047.897469
   0.154607 2320.212995
   0.149833 1965.277632
   0.142108 1969.811267
   0.138812 2200.293755
   0.137926 2109.437000
   0.144191 2186.093242
   0.143095 2204.067777
   0.146732 2029.458743
   0.143709 2040.665604
   0.147059 2065.476596
   0.145418 2187.186950
   0.138016 2117.219145
   0.139038 2065.624189
   0.139037 1880.578770
   0.139581 2028.340594
   0.137310 2089.184026
   0.140794 2034.333266
   0.137660 2081.626878
   0.136734 1975.280033
   0.134370 2100.555321
   0.138334 2033.742448
   0.135941 1965.982606
   0.135268 2034.418688
   0.137454 2010.790490
   0.139511 1977.382815
   0.136399 2149.492013
   0.150686 2347.228363
   0.155294 1899.747824
   0.152746 1917.903644
   0.153592 2151.414142
   0.151169 2213.323097
   0.142513 2138.796717
   0.143366 1977.797788
   0.145473 2233.123773
   0.144700 2034.306212
   0.145407 2060.263735
   0.144689 2151.092992
   0.136260 2011.375963
   0.136949 2054.860744
   0.140162 1939.075698
   0.141352 2262.287978
   0.134363 2134.540108
   0.134174 2193.744824
   0.130978 1966.260343
   0.126295 2175.012287
   0.130648 2021.829914
   0.125739 2019.168367
   0.126495 2102.497373
   0.130980 2147.491894
   0.129571 2170.873899
   0.134072 2172.439893
   0.134161 2084.494199
   0.135827 2175.958245
   0.139027 1933.306342
   0.134066 1947.310618
   0.133442 2037.117386
   0.129926 2140.918193
   0.127943 2149.274716
   0.130668 2143.487068
   0.131623 2160.922460
   0.131209 2162.586968
   0.128181 1951.471250
   0.129742 2149.268288
   0.136540 2143.517784
   0.136767 2249.384133
   0.135916 2029.904205
   0.138057 1984.379349
   0.134943 2083.140593
   0.144880 2321.393727
   0.144818 1930.356100
   0.144705 2188.775241
   0.140628 2067.067437
   0.147227 2083.025675
   0.141085 2166.040521
   0.137849 1970.839943
   0.135820 2105.474969
   0.135629 2135.491471
   0.135175 2087.789984
   0.132920 2082.784184
   0.135022 2118.668325
   0.136398 2071.945701
   0.132153 2045.975881
   0.136988 2150.245591
   0.138712 2210.521133
   0.139701 2315.226634
   0.134496 2097.520454
   0.140356 2062.450378
   0.137527 2040.682178
   0.133302 2152.836164
   0.134368 2119.668574
   0.139807 2100.989957
   0.142964 2063.947604
   0.143097 2061.759125
   0.137567 2084.786315
   0.136069 2099.118235
   0.140025 2212.469911
   0.141117 1992.848040
   0.146042 1965.737421
   0.143146 2190.062767
   0.138741 2247.032783
   0.136347 2122.932843
   0.137051 2015.811863
   0.136609 2029.349262
   0.138564 2057.008687
   0.133649 2043.485298
   0.128855 2092.401243
   0.124249 2155.191431
   0.130381 2247.356257
   0.135609 2036.529441
   0.138251 2093.600017
   0.136239 1985.123743
   0.127386 2051.145228
   0.127517 2080.035847
   0.124219 2206.716314
   0.123292 1976.415439
   0.128252 2067.396689
   0.127667 2061.631280
   0.128128 2025.811487
   0.124150 2024.574084
   0.127148 1814.878447
   0.128611 2119.282210
   0.128371 2081.351482
   0.133210 2051.553314
   0.135663 1915.173021
   0.135331 2050.488335
   0.134040 1767.828674
   0.135288 2246.227595
   0.142462 2193.872797
   0.137087 2036.283242
   0.137311 2147.256553
   0.148468 2248.871192
   0.148354 2004.793865
   0.158278 1942.181878
   0.163122 1985.882652
   0.154960 2035.973276
   0.154987 2185.613669
   0.162150 2176.084061
   0.163517 2116.741784
   0.163290 2059.365848
   0.159442 1964.862936
   0.159191 2152.958441
   0.159136 2238.610853
   0.156289 2047.504737
   0.159580 2167.995843
   0.157161 2106.116502
   0.151380 2079.307559
   0.151810 2082.466760
   0.153050 2068.662603
   0.150457 2237.104125
   0.150264 1899.952969
   0.152116 2055.183716
   0.153707 1985.804037
   0.159261 2146.096436
   0.159194 2115.367796
   0.158793 2027.014695
   0.161358 2032.999564
   0.160091 2224.985838
   0.160437 2009.232507
   0.154011 1873.353409
   0.155304 2193.046277
   0.152280 2079.857429
   0.149951 2232.254917
   0.151087 2020.949165
   0.153215 1988.987028
   0.154926 2008.759785
   0.150925 2051.706631
   0.150795 1994.028006
   0.153102 2195.328754
   0.150908 2195.920868
   0.150718 2117.052792
   0.146222 2079.775001
   0.145046 1997.450028
   0.146896 2043.080721
   0.148530 2109.537665
   0.155434 2274.292020
   0.155131 1984.053376
   0.157960 2079.794284
   0.161437 2172.216263
   0.159176 2124.484561
   0.161514 2010.637416
   0.155956 2201.891402
   0.157743 2169.175845
   0.160729 2214.312151
   0.156059 2130.141685
   0.151407 2311.227021
   0.155502 2222.478272
   0.156715 1993.298816
   0.159443 2232.557557
   0.155153 2158.180101
   0.150396 2322.918700
   0.148280 2132.666286
   0.146498 2254.290904
   0.141221 2018.918521
   0.134972 2024.031408
   0.137619 2336.092638
   0.136253 2063.628828
   0.138792 2148.457824
   0.137702 2067.082137
   0.134529 2355.678325
   0.133793 2159.739159
   0.133486 2066.760597
   0.135217 1942.374852
   0.139228 2164.544128
   0.135112 2153.306642
   0.137355 2217.523789
   0.132305 2000.788658
   0.135401 1970.804969
   0.138266 2104.348265
   0.139483 2047.117852
   0.142691 1994.020052
   0.139955 2138.263108
   0.139996 2109.083680
   0.140830 2098.099017
   0.144633 2149.421633
   0.146000 1961.351928
   0.141145 1978.368892
   0.140204 2054.233267
   0.146032 1955.957433
   0.145285 2237.022207
   0.145147 2001.248172
   0.149084 2142.442819
   0.148028 2023.083616
   0.149159 2112.000650
   0.148146 2306.789451
   0.152018 2230.417490
   0.150319 2073.442057
   0.151804 2183.169897
   0.144854 1961.939402
   0.140763 2143.217494
   0.143034 1923.524663
   0.144970 2046.776811
   0.152680 1892.772582
   0.155190 2231.448897
   0.153446 2031.230662
   0.154466 2073.381227
   0.149832 2274.987093
   0.147878 2085.955417
   0.147201 2199.882616
   0.145231 2072.428644
   0.142779 2298.124742
   0.144615 2067.482092
   0.141558 2201.020083
   0.137340 2042.250530
   0.138704 1986.985065
   0.138728 2090.541597
   0.135948 2231.331159
   0.139743 2075.753614
   0.133616 2042.110643
   0.135612 2104.642422
   0.132643 2061.954610
   0.139248 2021.083015
   0.138751 2027.041814
   0.136899 2166.286936
   0.139562 2116.973746
   0.138376 2283.035031
   0.137250 2131.043643
   0.143714 2158.263014
   0.149374 1892.182806
   0.149263 2034.593011
   0.151354 2108.081552
   0.150438 2122.956286
   0.149733 1946.398584
   0.147743 2048.062817
   0.148016 2123.890672
   0.149372 2038.135621
   0.147409 2086.791947
   0.145084 2001.873864
   0.147278 2043.549226
   0.144880 2090.824460
   0.147829 2190.345743
   0.144718 2088.592374
   0.143218 2141.039501
   0.142789 2159.033561
   0.139235 2128.371954
   0.137665 2139.619094
   0.136866 2091.709869
   0.140574 2316.458012
   0.139035 2109.098605
   0.137165 1997.716780
   0.136582 2167.786123
   0.135588 2029.067754
   0.131360 2027.650857
   0.129888 2018.889848
   0.134865 2076.168798
   0.135778 2106.298960
   0.135892 2154.944491
   0.138631 2022.566792
   0.137378 2130.728343
   0.137399 2334.501363
   0.141025 2177.695903
   0.137778 2122.739229
   0.136681 2074.279810
   0.136074 2247.820148
   0.133672 2243.421864
   0.134171 2115.073264
   0.129699 2261.071389
   0.128826 2130.651579
   0.131096 1979.421392
   0.134192 1972.506667
   0.139848 2145.065103
   0.133647 1949.242739
   0.131765 2158.525902
   0.142680 1891.305599
   0.144197 2092.972317
   0.148938 2001.373872
   0.154608 2067.857360
   0.149665 1978.604292
   0.149697 2151.572056
   0.147397 2085.861506
   0.146113 1976.596234
   0.145206 2123.357638
   0.143795 2296.967743
   0.146420 2162.124031
   0.143100 2310.343166
   0.142778 2088.612832
   0.146024 1904.406199
   0.147042 2041.634565
   0.146966 2034.869148
   0.148478 2197.642369
   0.153278 2044.994182
   0.157885 2117.750373
   0.158439 2138.645902
   0.152514 2017.432001
   0.154423 2138.206205
   0.149026 2021.293534
   0.150063 2228.481807
   0.151760 1995.383908
   0.157348 2034.571770
   0.158779 2095.311700
   0.155774 2306.337807
   0.156137 2104.421217
   0.159465 2067.747939
   0.159833 2114.166176
   0.162153 2023.213858
   0.158643 2080.870547
   0.158652 1985.551300
   0.158865 1917.471086
   0.153029 2070.426050
   0.155871 1968.294642
   0.159637 2025.760157
   0.161403 2135.166862
   0.159436 2130.382984
   0.158179 2086.235153
   0.157409 2105.818692
   0.159077 2174.473968
   0.154553 2180.749489
   0.157953 1951.330430
   0.156402 2187.220329
   0.159453 2227.787283
   0.150769 1931.013759
   0.146928 2077.301829
   0.149017 1960.743494
   0.150599 2169.075427
   0.151792 2144.310984
   0.151404 2118.313896
   0.156826 2418.330926
   0.160200 2169.640105
   0.163584 2012.376191
   0.157022 2220.296315
   0.158826 2178.253948
   0.159681 2038.197293
   0.163892 2025.864840
   0.160687 2164.449176
   0.155252 2100.097323
   0.154762 2118.274838
   0.158453 2052.498932
   0.154310 2076.392163
   0.156606 2075.639488
   0.157650 1915.337935
   0.156975 2108.359870
   0.148216 2050.180813
   0.139861 2153.271268
   0.137731 2114.797754
   0.134133 1946.473071
   0.140017 2148.180003
   0.138124 2005.212129
   0.136394 2038.290561
   0.136865 1975.618836
   0.137001 1977.610802
   0.140030 2226.605892
   0.144560 2076.260301
   0.148391 2096.267768
   0.150142 2218.736433
   0.148848 2067.665696
   0.144769 2028.290687
   0.148711 2110.246165
   0.144263 2090.512582
   0.146159 2097.116582
   0.140486 1998.148125
   0.140322 2218.325794
   0.138470 2241.711450
   0.136640 2270.289272
   0.138622 2071.363911
   0.141140 2212.288386
   0.139261 2014.382074
   0.143225 2279.680927
   0.134914 2130.186724
   0.134197 2054.644985
   0.130054 1948.700670
   0.131780 2301.744039
   0.132205 1968.703010
   0.133197 2079.884048
   0.131343 1951.924426
   0.134479 2008.657236
   0.131612 2093.515230
   0.134726 2074.912192
   0.128809 2163.910998
   0.127475 2281.934981
   0.127240 2038.721430
   0.126086 2147.954343
   0.122555 1897.645365
   0.123960 2005.343355
   0.126349 1857.711880
   0.130759 2180.240488
   0.126728 2140.405676
   0.127472 2184.603564
   0.128948 2002.468057
   0.129173 2214.996435
   0.133135 1893.826158
   0.127185 2152.966734
   0.125790 2012.874133
   0.126165 2162.466301
   0.125426 2086.102137
   0.124909 2097.251985
   0.122220 2231.707897
   0.124551 2298.528982
   0.127488 2048.559864
   0.124058 2069.998860
   0.125046 2008.150028
   0.130525 1921.476515
   0.134689 2189.227522
   0.133987 2195.830609
   0.134594 2029.281524
   0.127599 2086.892411
   0.124921 2170.949774
   0.126188 2286.415203
   0.124072 2198.198890
   0.127848 2103.447753
   0.140738 2097.686391
   0.147883 2045.763583
   0.148538 2013.482153
   0.144371 2075.338619
   0.148498 1881.339594
   0.152560 2179.041264
   0.147633 2123.802073
   0.150577 2153.882207
   0.149861 2180.903674
   0.158856 1922.167153
   0.156088 2102.920071
   0.160817 1905.216215
   0.160940 2003.051391
   0.158212 1934.783831
   0.156932 2246.002082
   0.162092 2071.249376
   0.159362 2104.734038
   0.161835 1944.467644
   0.162097 2258.283362
   0.158639 2047.494532
   0.161935 2199.463317
   0.156010 2179.061213
   0.158315 2000.900862
   0.158296 2139.756217
   0.157352 2101.566768
   0.157810 2054.853679
   0.153258 2017.816617
   0.147600 2130.263372
   0.138711 2132.863898
   0.141849 1898.924528
   0.141928 2041.172509
   0.141318 1894.092345
   0.145740 2166.790934
   0.151302 2084.724616
   0.147686 1981.118094
   0.147271 2124.363342
   0.150742 2191.230934
   0.152920 1952.410598
   0.150763 2124.235144
   0.155900 2000.051862
   0.148834 2092.286449
   0.146701 2068.924048
   0.147772 2109.400757
   0.145531 2147.507726
   0.148227 1865.286032
   0.147785 1884.662723
   0.149487 2046.269307
   0.153049 2219.258508
   0.156533 2224.038899
   0.152484 1901.821299
   0.152751 2099.078466
   0.162398 2138.434087
   0.161247 2197.202062
   0.160391 2055.116294
   0.158935 2085.150186
   0.162798 1923.255597
   0.154641 2018.650488
   0.150914 1993.152661
   0.150753 2072.860499
   0.155519 2091.805183
   0.156183 1922.226753
   0.155187 2151.064687
   0.152880 2047.707151
   0.152009 2142.937844
   0.151131 2116.778957
   0.151629 2234.146147
   0.145911 1951.479263
   0.136203 2155.117045
   0.131230 1963.089218
   0.128080 2099.260405
   0.126708 2106.337907
   0.129011 2018.632187
   0.129422 2064.857732
   0.128140 2046.591848
   0.122905 1971.536648
   0.125234 2035.460433
   0.128190 2136.616145
   0.124196 2058.190841
   0.127133 2187.734193
   0.129605 2085.175130
   0.127734 1965.944675
   0.129926 2075.871645
   0.130451 2122.340289
   0.133353 2138.382375
   0.132986 1979.334772
   0.142377 2196.828061
   0.145079 2345.123312
   0.144937 2021.766966
   0.143581 2039.618163
   0.150033 1862.937367
   0.152041 2260.085563
   0.153597 2002.403063
   0.153564 2165.648688
   0.155917 2037.694555
