0.000000 0.027762
0.000000 0.037172
0.000000 0.027195
0.000000 0.034729
0.000000 0.031713
0.000000 0.028685
0.000000 0.048392
0.000000 0.045248
0.000000 0.055302
0.000000 0.063127
0.000000 0.019940
0.000000 0.027192
0.000000 0.029104
0.000000 0.047701
0.000000 0.099876
0.000000 0.031466
0.000000 0.020121
0.000000 0.017890
0.000000 0.028334
0.000000 0.050774
0.000000 0.031787
0.000000 0.025243
0.000000 0.047299
0.000000 0.033127
0.000000 0.025809
0.000000 0.027887
0.000000 0.105809
0.000000 0.043089
0.000000 0.031024
0.000000 0.030518
0.000000 0.088565
0.000000 0.044846
0.000000 0.120271
0.000000 0.050352
0.000000 0.042513
0.000000 0.034437
0.000000 0.024584
0.000000 0.047691
0.000000 0.032142
0.000000 0.053291
0.000000 0.070461
0.000000 0.113635
0.000000 0.075300
0.000000 0.028327
0.000000 0.030947
0.000000 0.014687
0.000000 0.038461
0.000000 0.051809
0.000000 0.034656
0.000000 0.024081
0.000000 0.048078
0.000000 0.047272
0.000000 0.033134
0.000000 0.023003
0.000000 0.036172
0.000000 0.023929
0.000000 0.030910
0.000000 0.025328
0.000000 0.016380
0.000000 0.018492
0.000000 0.027879
0.000000 0.067887
0.000000 0.042398
0.000000 0.045475
0.000000 0.087905
0.000000 0.201559
0.000000 0.030494
0.000000 0.036474
0.000000 0.056883
0.000000 0.043646
0.000000 0.036402
0.000000 0.020622
0.000000 0.046562
0.000000 0.020701
0.000000 0.043059
0.000000 0.026843
0.000000 0.020745
0.000000 0.038202
0.000000 0.041287
0.000000 0.043813
0.000000 0.035093
0.000000 0.039160
0.000000 0.106848
0.000000 0.032550
0.000000 0.065416
0.000000 0.048747
0.000000 0.028242
0.000000 0.039881
0.000000 0.034458
0.000000 0.015923
0.000000 0.019982
0.000000 0.026941
0.000000 0.049890
0.000000 0.176932
0.000000 0.128166
0.000000 0.125024
0.000000 0.036639
0.000000 0.166390
0.000000 0.033003
0.000000 0.123120
0.000000 0.059246
0.000000 0.033337
0.000000 0.038694
0.000000 0.018154
0.000000 0.043423
0.000000 0.038108
0.000000 0.040486
0.000000 0.035410
0.000000 0.022805
0.000000 0.016008
0.000000 0.032257
0.000000 0.078593
0.000000 0.037366
0.000000 0.059268
0.000000 0.020877
0.000000 0.022526
0.000000 0.024008
0.000000 0.022183
0.000000 0.133434
0.000000 0.051034
0.000000 0.139396
0.000000 0.179684
0.000000 0.025662
0.000000 0.025028
0.000000 0.026277
0.000000 0.027899
0.000000 0.045416
0.000000 0.039092
0.000000 0.071616
0.000000 0.028535
0.000000 0.030164
0.000000 0.032553
0.000000 0.031040
0.000000 0.087781
0.000000 0.030877
0.000000 0.029403
0.000000 0.018168
0.000000 0.029681
0.000000 0.042639
0.000000 0.038328
0.000000 0.040436
0.000000 0.039346
0.000000 0.074051
0.000000 0.042362
0.000000 0.067588
0.000000 0.025629
0.000000 0.026084
0.000000 0.026108
0.000000 0.046003
0.000000 0.029133
0.000000 0.021936
0.000000 0.042722
0.000000 0.028985
0.000000 0.095114
0.000000 0.041364
0.000000 0.032745
0.000000 0.022578
0.000000 0.023792
0.000000 0.035646
0.000000 0.027918
0.000000 0.086258
0.000000 0.025706
0.000000 0.013748
0.000000 0.094882
0.000000 0.077184
0.000000 0.047533
0.000000 0.020503
0.000000 0.018274
0.000000 0.026293
0.000000 0.041859
0.000000 0.012204
0.000000 0.028680
0.000000 0.049464
0.000000 0.038163
0.000000 0.039459
0.000000 0.016093
0.000000 0.023549
0.000000 0.043882
0.000000 0.027493
0.000000 0.089241
0.000000 0.028006
0.000000 0.060274
0.000000 0.022381
0.000000 0.034583
0.000000 0.077550
0.000000 0.018600
0.000000 0.061214
0.000000 0.042949
0.000000 0.034240
0.000000 0.017091
0.000000 0.020517
0.000000 0.014146
0.000000 0.019760
0.000000 0.028083
0.000000 0.028237
0.000000 0.028894
0.000000 0.019984
0.000000 0.011916
0.000000 0.019415
0.000000 0.030226
0.000000 0.017834
0.000000 0.023509
0.000000 0.020225
0.000000 0.070205
0.000000 0.097597
0.000000 0.074055
0.000000 0.029731
0.000000 0.020170
0.000000 0.036350
0.000000 0.033243
0.000000 0.039737
0.000000 0.019781
0.000000 0.024501
0.000000 0.014725
0.000000 0.043412
0.000000 0.060074
0.000000 0.040442
0.000000 0.025395
0.000000 0.042163
0.000000 0.076228
0.000000 0.039952
0.000000 0.079787
0.000000 0.095593
0.000000 0.250628
0.000000 0.033493
0.000000 0.062789
0.000000 0.029283
0.000000 0.083120
0.000000 0.024756
0.000000 0.036438
0.000000 0.036127
0.000000 0.026839
0.000000 0.034287
0.000000 0.056712
0.000000 0.026353
0.000000 0.024016
0.000000 0.033941
0.000000 0.049219
0.000000 0.034588
0.000000 0.068394
0.000000 0.024733
0.000000 0.023565
0.000000 0.021284
0.000000 0.019694
0.000000 0.036196
0.000000 0.064423
0.000000 0.029196
0.000000 0.024593
0.000000 0.042575
0.000000 0.018354
0.000000 0.053958
0.000000 0.190933
0.000000 0.024662
0.000000 0.096703
0.000000 0.070617
0.000000 0.040571
0.000000 0.020993
0.000000 0.119988
0.000000 0.021507
0.000000 0.046185
0.000000 0.031244
0.000000 0.039885
0.000000 0.034894
0.000000 0.290923
0.000000 0.028157
0.000000 0.033186
0.000000 0.143601
0.000000 0.020893
0.000000 0.050468
0.000000 0.048879
0.000000 0.051643
0.000000 0.032326
0.000000 0.017093
0.000000 0.086230
0.000000 0.053127
0.000000 0.020781
0.000000 0.040552
0.000000 0.029031
0.000000 0.436995
0.000000 0.056489
0.000000 0.066572
0.000000 0.025887
0.000000 0.066566
0.000000 0.165923
0.000000 0.021372
0.000000 0.037714
0.000000 0.032678
0.000000 0.017871
0.000000 0.037057
0.000000 0.045401
0.000000 0.524605
0.000000 0.072412
0.000000 0.026058
0.000000 0.071736
0.000000 0.043569
0.000000 0.032741
0.000000 0.023347
0.000000 0.023657
0.000000 0.026822
0.000000 0.034727
0.000000 0.095023
0.000000 0.027865
0.000000 0.045135
0.000000 0.023953
0.000000 0.029384
0.000000 0.035989
0.000000 0.043221
0.000000 0.063718
0.000000 0.043073
0.000000 0.033088
0.000000 0.023764
0.000000 0.021289
0.000000 0.026108
0.000000 0.036433
0.000000 0.030104
0.000000 0.075576
0.000000 0.046246
0.000000 0.021122
0.000000 0.031438
0.000000 0.050770
0.000000 0.036468
0.000000 0.024729
0.000000 0.060223
0.000000 0.038197
0.000000 0.030616
0.000000 0.047834
0.000000 0.016931
0.000000 0.066492
0.000000 0.047171
0.000000 0.116823
0.000000 0.021257
0.000000 0.071873
0.000000 0.025147
0.000000 0.032393
0.000000 0.029154
0.000000 0.023822
0.000000 0.033869
0.000000 0.041878
0.000000 0.042851
0.000000 0.061943
0.000000 0.024070
0.000000 0.028317
0.000000 0.031596
0.000000 0.038705
0.000000 0.036794
0.000000 0.027380
0.000000 0.022785
0.000000 0.022000
0.000000 0.034495
0.000000 0.032656
0.000000 0.031268
0.000000 0.064360
0.000000 0.244860
0.000000 0.086565
0.000000 0.036325
0.000000 0.148394
0.000000 0.173555
0.000000 0.041696
0.000000 0.029994
0.000000 0.041152
0.000000 0.025507
0.000000 0.309227
0.000000 0.052026
0.000000 0.048112
0.000000 0.038886
0.000000 0.015528
0.000000 0.021364
0.000000 0.030627
0.000000 0.059215
0.000000 0.031820
0.000000 0.046126
0.000000 0.039598
0.000000 0.014561
0.000000 0.017428
0.000000 0.032374
0.000000 0.051945
0.000000 0.027129
0.000000 0.025857
0.000000 0.022990
0.000000 0.014426
0.000000 0.028248
0.000000 0.029477
0.000000 0.039476
0.000000 0.024029
0.000000 0.032210
0.000000 0.243505
0.000000 0.035347
0.000000 0.037803
0.000000 0.060248
0.000000 0.043620
0.000000 0.041165
0.000000 0.018886
0.000000 0.020423
0.000000 0.020187
0.000000 0.038144
0.000000 0.029242
0.000000 0.048314
0.000000 0.022230
0.000000 0.045073
0.000000 0.043183
0.000000 0.021383
0.000000 0.026698
0.000000 0.090368
0.000000 0.271454
0.000000 0.085024
0.000000 0.059888
0.000000 0.040287
0.000000 0.070957
0.000000 0.020312
0.000000 0.017568
0.000000 0.022140
0.000000 0.028580
0.000000 0.027342
0.000000 0.032577
0.000000 0.069202
0.000000 0.069205
0.000000 0.089036
0.000000 0.047553
0.000000 0.067335
0.000000 0.104791
0.000000 0.020589
0.000000 0.041751
0.000000 0.045974
0.000000 0.024795
0.000000 0.020462
0.000000 0.039068
0.000000 0.046735
0.000000 0.042716
0.000000 0.067071
0.000000 0.027825
0.000000 0.111870
0.000000 0.038146
0.000000 0.042992
0.000000 0.191225
0.000000 0.103782
0.000000 0.070046
0.000000 0.030408
0.000000 0.031386
0.000000 0.113702
0.000000 0.027828
0.000000 0.038628
0.000000 0.040817
0.000000 0.027793
0.000000 0.015768
0.000000 0.061041
0.000000 0.023780
0.000000 0.041902
0.000000 0.020806
0.000000 0.046347
0.000000 0.040709
0.000000 0.102822
0.000000 0.031532
0.000000 0.029412
0.000000 0.029454
0.000000 0.046338
0.000000 0.069599
0.000000 0.050434
0.000000 0.026782
0.000000 0.074638
0.000000 0.094361
0.000000 0.026225
0.000000 0.019583
0.000000 0.051126
0.000000 0.064689
0.000000 0.070001
0.000000 0.022243
0.000000 0.024204
0.000000 0.017857
0.000000 0.036480
0.000000 0.021812
0.000000 0.032184
0.000000 0.017142
0.000000 0.034162
0.000000 0.135931
0.000000 0.182896
0.000000 0.030861
0.000000 0.028033
0.000000 0.026920
0.000000 0.043958
0.000000 0.058017
0.000000 0.027808
0.000000 0.013161
0.000000 0.012543
0.000000 0.027559
0.000000 0.025804
0.000000 0.025721
0.000000 0.057139
0.000000 0.029951
0.000000 0.107101
0.000000 0.079602
0.000000 0.048494
0.000000 0.052931
0.000000 0.020723
0.000000 0.088341
0.000000 0.019693
0.000000 0.039022
0.000000 0.016572
0.000000 0.041168
0.000000 0.015793
0.000000 0.076957
0.000000 0.054278
0.000000 0.037314
0.000000 0.049023
0.000000 0.058530
0.000000 0.048552
0.000000 0.041214
0.000000 0.027003
0.000000 0.021682
0.000000 0.039878
0.000000 0.043130
0.000000 0.082960
0.000000 0.021287
0.000000 0.022847
0.000000 0.028828
0.000000 0.123732
0.000000 0.024302
0.000000 0.035347
0.000000 0.049938
0.000000 0.052395
0.000000 0.026244
0.000000 0.019070
0.000000 0.026757
0.000000 0.035859
0.000000 0.046189
0.000000 0.051009
0.000000 0.021368
0.000000 0.021759
0.000000 0.023426
0.000000 0.046190
0.000000 0.039807
0.000000 0.055393
0.000000 0.016415
0.000000 0.041167
0.000000 0.032774
0.000000 0.031819
0.000000 0.024511
0.000000 0.050653
0.000000 0.027031
0.000000 0.028136
0.000000 0.015257
0.000000 0.045646
0.000000 0.021479
0.000000 0.019639
0.000000 0.090650
0.000000 0.029041
0.000000 0.028156
0.000000 0.052574
0.000000 0.034530
0.000000 0.040934
0.000000 0.025995
0.000000 0.018906
0.000000 0.036166
0.000000 0.033007
0.000000 0.050984
0.000000 0.034482
0.000000 0.030022
0.000000 0.018039
0.000000 0.017493
0.000000 0.082385
0.000000 0.030849
0.000000 0.042829
0.000000 0.032446
0.000000 0.035762
0.000000 0.022441
0.000000 0.019798
0.000000 0.143344
0.000000 0.037294
0.000000 0.014177
0.000000 0.018265
0.000000 0.057392
0.000000 0.065750
0.000000 0.022632
0.000000 0.037203
0.000000 0.235686
0.000000 0.018026
0.000000 0.026095
0.000000 0.019824
0.000000 0.024601
0.000000 0.028034
0.000000 0.030601
0.000000 0.082802
0.000000 0.061223
0.000000 0.190840
0.000000 0.056908
0.000000 0.078408
0.000000 0.043773
0.000000 0.025612
0.000000 0.038136
0.000000 0.021149
0.000000 0.026428
0.000000 0.029987
0.000000 0.034305
0.000000 0.020876
0.000000 0.062177
0.000000 0.025409
0.000000 0.046941
0.000000 0.102246
0.000000 0.027334
0.000000 0.028690
0.000000 0.041974
0.000000 0.156367
0.000000 0.030048
0.000000 0.020938
0.000000 0.042511
0.000000 0.049447
0.000000 0.205298
0.000000 0.028984
0.000000 0.045611
0.000000 0.036639
0.000000 0.024895
0.000000 0.140994
0.000000 0.094535
0.000000 0.021546
0.000000 0.075907
0.000000 0.043221
0.000000 0.054290
0.000000 0.052321
0.000000 0.034209
0.000000 0.019680
0.000000 0.022918
0.000000 0.061855
0.000000 0.022185
0.000000 0.028464
0.000000 0.020520
0.000000 0.041685
0.000000 0.029585
0.000000 0.030345
0.000000 0.026053
0.000000 0.023472
0.000000 0.061005
0.000000 0.026032
0.000000 0.044526
0.000000 0.039517
0.000000 0.026799
0.000000 0.021454
0.000000 0.043492
0.000000 0.038949
0.000000 0.036944
0.000000 0.021946
0.000000 0.040242
0.000000 0.046451
0.000000 0.040674
0.000000 0.025649
0.000000 0.043822
0.000000 0.030246
0.000000 0.060787
0.000000 0.025876
0.000000 0.044417
0.000000 0.045141
0.000000 0.035693
0.000000 0.031011
0.000000 0.031837
0.000000 0.043704
0.000000 0.036545
0.000000 0.050216
0.000000 0.027301
0.000000 0.018253
0.000000 0.024146
0.000000 0.027705
0.000000 0.042713
0.000000 0.033078
0.000000 0.056276
0.000000 0.020559
0.000000 0.032183
0.000000 0.028590
0.000000 0.053545
0.000000 0.024367
0.000000 0.021249
0.000000 0.040441
0.000000 0.044774
0.000000 0.079522
0.000000 0.038437
0.000000 0.053006
0.000000 0.044498
0.000000 0.043519
0.000000 0.032864
0.000000 0.022146
0.000000 0.029803
0.000000 0.268563
0.000000 0.024634
0.000000 0.029541
0.000000 0.039102
0.000000 0.153932
0.000000 0.075730
0.000000 0.021031
0.000000 0.030102
0.000000 0.018998
0.000000 0.023369
0.000000 0.029244
0.000000 0.074812
0.000000 0.066180
0.000000 0.034232
0.000000 0.035604
0.000000 0.039528
0.000000 0.025946
0.000000 0.041380
0.000000 0.056606
0.000000 0.026955
0.000000 0.049308
0.000000 0.029437
0.000000 0.029957
0.000000 0.024224
0.000000 0.052595
0.000000 0.020717
0.000000 0.023462
0.000000 0.019740
0.000000 0.016827
0.000000 0.025622
0.000000 0.014392
0.000000 0.045710
0.000000 0.025479
0.000000 0.017163
0.000000 0.038255
0.000000 0.032195
0.000000 0.042380
0.000000 0.086310
0.000000 0.030136
0.000000 0.591318
0.000000 0.044203
0.000000 0.096847
0.000000 0.247242
0.000000 0.016989
0.000000 0.079927
0.000000 0.028070
0.000000 0.061123
0.000000 0.025229
0.000000 0.039055
0.000000 0.053955
0.000000 0.028739
0.000000 0.046670
0.000000 0.079515
0.000000 0.042498
0.000000 0.031368
0.000000 0.045945
0.000000 0.032556
0.000000 0.038138
0.000000 0.014865
0.000000 0.101689
0.000000 0.062231
0.000000 0.366148
0.000000 0.025540
0.000000 0.064166
0.000000 0.026716
0.000000 0.025453
0.000000 0.026708
0.000000 0.026755
0.000000 0.024816
0.000000 0.078848
0.000000 0.079537
0.000000 0.031902
0.000000 0.042755
0.000000 0.018661
0.000000 0.226569
0.000000 0.052534
0.000000 0.025194
0.000000 0.022717
0.000000 0.032660
0.000000 0.067942
0.000000 0.117061
0.000000 0.045367
0.000000 0.094290
0.000000 0.024414
0.000000 0.030779
0.000000 0.089055
0.000000 0.055754
0.000000 0.023911
0.000000 0.169519
0.000000 0.046484
0.000000 0.045428
0.000000 0.022567
0.000000 0.027326
0.000000 0.028493
0.000000 0.022953
0.000000 0.060971
0.000000 0.227663
0.000000 0.028953
0.000000 0.014637
0.000000 0.035439
0.000000 0.053533
0.000000 0.027120
0.000000 0.019673
0.000000 0.102382
0.000000 0.021244
0.000000 0.030662
0.000000 0.050654
0.000000 0.035405
0.000000 0.037285
0.000000 0.018146
0.000000 0.024565
0.000000 0.107120
0.000000 0.036668
0.000000 0.175086
0.000000 0.039236
0.000000 0.020547
0.000000 0.056917
0.000000 0.062968
0.000000 0.277690
0.000000 0.120648
0.000000 0.084014
0.000000 0.070892
0.000000 0.033021
0.000000 0.036897
0.000000 0.046212
0.000000 0.060179
0.000000 0.039956
0.000000 0.016006
0.000000 0.039419
0.000000 0.044490
0.000000 0.018102
0.000000 0.040484
0.000000 0.056597
0.000000 0.049403
0.000000 0.047118
0.000000 0.032642
0.000000 0.018088
0.000000 8.071146
0.000000 0.022542
0.000000 0.036039
0.000000 0.042264
0.000000 0.062730
0.000000 0.018297
0.000000 0.049061
0.000000 0.038093
0.000000 0.022871
0.000000 0.108924
0.000000 0.213108
0.000000 0.022782
0.000000 0.035436
0.000000 0.034362
0.000000 0.032045
0.000000 0.035057
0.000000 0.093100
0.000000 0.027183
0.000000 0.042525
0.000000 0.031323
0.000000 0.117902
0.000000 0.029691
0.000000 0.096333
0.000000 0.031028
0.000000 0.048542
0.000000 0.050641
0.000000 0.042452
0.000000 0.125345
0.000000 0.024977
0.000000 0.039093
0.000000 0.066259
0.000000 0.070812
0.000000 0.093445
0.000000 0.100125
0.000000 0.048878
0.000000 0.023698
0.000000 0.073015
0.000000 0.052777
0.000000 0.036024
0.000000 0.036751
0.000000 0.064798
0.000000 0.048067
0.000000 0.043198
0.000000 0.037744
0.000000 0.034747
0.000000 0.127536
0.000000 0.032237
0.000000 0.099536
0.000000 0.026763
0.000000 0.022184
0.000000 0.042614
0.000000 0.038615
0.000000 0.030564
0.000000 0.026762
0.000000 0.068497
0.000000 0.026351
0.000000 0.018816
0.000000 0.042110
0.000000 0.084609
0.000000 0.020281
0.000000 0.061236
0.000000 0.036413
0.000000 0.127138
0.000000 0.023396
0.000000 0.021631
0.000000 0.036292
0.000000 0.041917
0.000000 0.033286
0.000000 0.028985
0.000000 0.025296
0.000000 0.029068
0.000000 0.028074
0.000000 0.061064
0.000000 0.036320
0.000000 0.042518
0.000000 0.048225
0.000000 0.034422
0.000000 0.042512
0.000000 0.042926
0.000000 0.014904
0.000000 0.029290
0.000000 0.021273
0.000000 0.043282
0.000000 0.120942
0.000000 0.026504
0.000000 0.022095
0.000000 0.067716
0.000000 0.030051
0.000000 0.075784
0.000000 0.083992
0.000000 0.055548
0.000000 0.057565
0.000000 0.040943
0.000000 0.104383
0.000000 0.042944
0.000000 0.021211
0.000000 0.049729
0.000000 0.026305
0.000000 0.021169
0.000000 0.058097
0.000000 0.068747
0.000000 0.048801
0.000000 0.059348
0.000000 0.037886
0.000000 0.031098
0.000000 0.045694
0.000000 0.020858
0.000000 0.036745
0.000000 0.044651
0.000000 0.016425
0.000000 0.027139
0.000000 0.038452
0.000000 0.058435
0.000000 0.036511
0.000000 0.034211
0.000000 0.020275
0.000000 0.035942
0.000000 0.033305
0.000000 0.048140
0.000000 0.024974
0.000000 0.018464
0.000000 0.018764
0.000000 0.034851
0.000000 0.030381
0.000000 0.023962
0.000000 0.025547
0.000000 0.037597
0.000000 0.021589
0.000000 0.018943
0.000000 0.042902
0.000000 0.078274
0.000000 0.035084
0.000000 0.036431
0.000000 0.026065
0.000000 0.131408
0.000000 0.023852
0.000000 0.034781
0.000000 0.036195
0.000000 0.024222
0.000000 0.032339
0.000000 0.045448
0.000000 0.061872
0.000000 0.057335
0.000000 0.028821
0.000000 0.028503
0.000000 0.064926
0.000000 0.016295
0.000000 0.038916
0.000000 0.024890
0.000000 0.025672
0.000000 0.032952
0.000000 0.034049
0.000000 0.028221
0.000000 0.033368
0.000000 0.078406
0.000000 0.020427
0.000000 0.021727
0.000000 0.040523
0.000000 0.035314
0.000000 0.071629
0.000000 0.077073
0.000000 0.035665
0.000000 0.021221
0.000000 0.055027
0.000000 0.025172
0.000000 0.035526
0.000000 0.213797
0.000000 0.021600
0.000000 0.041774
0.000000 0.044222
0.000000 0.028708
0.000000 0.017750
0.000000 0.042019
0.000000 0.027763
0.000000 0.020017
0.000000 0.034020
0.000000 0.034022
0.000000 0.062767
0.000000 0.114415
0.000000 0.048657
0.000000 0.024850
0.000000 0.068336
0.000000 0.027553
0.000000 0.067648
0.000000 0.026070
0.000000 0.087755
0.000000 0.048950
0.000000 0.022002
0.000000 0.116043
0.000000 0.050907
0.000000 0.037946
0.000000 0.195001
0.000000 0.050619
0.000000 0.024857
0.000000 0.021627
0.000000 0.040059
0.000000 0.252731
0.000000 0.023867
0.000000 0.036914
0.000000 0.028298
0.000000 0.037543
0.000000 0.030885
0.000000 0.040756
0.000000 0.024356
0.000000 0.026381
0.000000 0.067351
0.000000 0.030342
0.000000 0.057753
0.000000 0.030252
0.000000 0.036304
0.000000 0.028387
0.000000 0.032557
0.000000 0.019601
0.000000 0.054845
0.000000 0.038478
0.000000 0.068487
0.000000 0.196520
0.000000 0.332550
0.000000 0.029388
0.000000 0.061654
0.000000 0.041410
0.000000 0.032647
0.000000 0.029699
0.000000 0.055817
0.000000 0.023360
0.000000 0.078417
0.000000 0.029410
0.000000 0.053391
0.000000 0.126551
0.000000 0.038835
0.000000 0.036361
0.000000 0.082371
0.000000 0.055711
0.000000 0.020366
0.000000 0.304166
0.000000 0.030847
0.000000 0.017482
0.000000 0.046223
0.000000 0.040096
0.000000 0.034491
0.000000 0.031502
0.000000 0.038570
0.000000 0.049877
0.000000 0.031602
0.000000 0.021582
0.000000 0.022114
0.000000 0.029285
0.000000 0.045994
0.000000 0.029144
0.000000 0.041532
0.000000 0.024645
0.000000 0.029128
0.000000 0.017631
0.000000 0.021850
0.000000 0.026737
0.000000 0.054745
0.000000 0.051455
0.000000 0.053588
0.000000 0.057197
0.000000 0.048207
0.000000 0.031550
0.000000 0.062702
0.000000 0.031312
0.000000 0.108095
0.000000 0.021355
0.000000 0.017736
0.000000 0.036828
0.000000 0.023788
0.000000 0.026665
0.000000 0.071703
0.000000 0.037398
0.000000 0.045876
0.000000 0.033146
0.000000 0.030939
0.000000 0.043770
0.000000 0.036872
0.000000 0.028242
0.000000 0.028149
0.000000 0.026900
0.000000 0.058197
0.000000 0.013630
0.000000 0.028792
0.000000 0.066460
0.000000 0.029051
0.000000 0.055071
0.000000 0.062334
0.000000 0.042119
0.000000 0.056136
0.000000 0.025074
0.000000 0.027071
0.000000 0.034594
0.000000 0.038682
0.000000 0.046417
0.000000 0.011610
0.000000 0.021926
0.000000 0.093892
0.000000 0.148001
0.000000 0.030255
0.000000 0.027795
0.000000 0.027401
0.000000 0.023411
0.000000 0.029896
0.000000 0.047084
0.000000 0.041592
0.000000 0.027727
0.000000 0.041259
0.000000 0.044950
0.000000 0.033958
0.000000 0.059248
0.000000 0.040361
0.000000 0.042494
0.000000 0.035040
0.000000 0.053766
0.000000 0.018110
0.000000 0.035655
0.000000 0.029852
0.000000 0.039823
0.000000 0.018693
0.000000 0.019262
0.000000 0.040115
0.000000 0.040335
0.000000 0.019933
0.000000 0.017904
0.000000 0.073338
0.000000 0.034363
0.000000 0.052081
0.000000 0.030004
0.000000 0.029308
0.000000 0.027698
0.000000 0.133640
0.000000 0.031079
0.000000 0.018287
0.000000 0.071988
0.000000 0.037671
0.000000 0.060823
0.000000 0.034043
0.000000 0.155914
0.000000 0.069762
0.000000 0.023157
0.000000 0.025767
0.000000 0.198520
0.000000 0.110637
0.000000 0.146269
0.000000 0.083047
0.000000 0.073122
0.000000 0.026361
0.000000 0.186971
0.000000 0.083809
0.000000 0.017879
0.000000 0.081518
0.000000 0.034712
0.000000 0.128859
0.000000 0.220048
0.000000 0.055228
0.000000 0.043581
0.000000 0.059747
0.000000 0.035539
0.000000 0.026259
0.000000 0.024743
0.000000 0.135562
0.000000 0.031893
0.000000 0.040778
0.000000 0.050192
0.000000 0.016186
0.000000 0.030629
0.000000 0.018505
0.000000 0.040865
0.000000 0.068916
0.000000 0.033105
0.000000 0.034546
0.000000 0.031137
0.000000 0.039663
0.000000 0.043726
0.000000 0.157099
0.000000 0.026918
0.000000 0.024910
0.000000 0.079835
0.000000 0.030992
0.000000 0.037820
0.000000 0.021461
0.000000 0.055881
0.000000 0.018672
0.000000 0.028027
0.000000 0.120616
0.000000 0.030650
0.000000 0.028993
0.000000 0.036297
0.000000 0.051935
0.000000 0.032680
0.000000 0.062523
0.000000 0.074901
0.000000 0.052127
0.000000 0.051531
0.000000 0.046073
0.000000 0.048752
0.000000 0.033898
0.000000 0.051183
0.000000 0.033138
0.000000 0.064837
0.000000 0.046029
0.000000 0.018765
0.000000 0.017539
0.000000 0.028820
0.000000 0.025752
0.000000 0.052878
0.000000 0.043652
0.000000 0.019164
0.000000 0.042285
0.000000 0.034684
0.000000 0.028001
0.000000 0.032612
0.000000 0.047416
0.000000 0.033645
0.000000 0.088141
0.000000 0.113679
0.000000 0.023197
0.000000 0.030007
0.000000 0.025639
0.000000 0.027257
0.000000 0.178499
0.000000 0.188581
0.000000 0.050728
0.000000 0.062741
0.000000 0.032232
0.000000 0.031649
0.000000 0.076383
0.000000 0.033748
0.000000 0.035384
0.000000 0.016834
0.000000 0.016071
0.000000 0.079204
0.000000 0.043422
0.000000 0.028581
0.000000 0.025338
0.000000 0.035930
0.000000 0.024928
0.000000 0.037352
0.000000 0.036425
0.000000 0.041433
0.000000 0.044699
0.000000 0.029932
0.000000 0.024748
0.000000 0.066943
0.000000 0.080443
0.000000 0.018056
0.000000 0.041504
0.000000 0.048928
0.000000 0.057654
0.000000 0.040052
0.000000 0.052898
0.000000 0.032394
0.000000 0.035918
0.000000 0.030168
0.000000 0.041312
0.000000 0.077481
0.000000 0.033475
0.000000 0.027813
0.000000 0.052718
0.000000 0.020844
0.000000 0.027599
0.000000 0.062608
0.000000 0.047018
0.000000 0.066456
0.000000 0.041194
0.000000 0.052721
0.000000 0.032992
0.000000 0.081953
0.000000 0.018947
0.000000 0.027393
0.000000 0.025569
0.000000 0.029793
0.000000 0.035484
0.000000 0.072807
0.000000 0.021955
0.000000 0.018826
0.000000 0.063893
0.000000 0.032898
0.000000 0.071824
0.000000 0.024583
0.000000 0.034753
0.000000 0.037460
0.000000 0.025085
0.000000 0.038129
0.000000 0.015312
0.000000 0.022000
0.000000 0.118177
0.000000 0.031512
0.000000 0.016879
0.000000 0.057217
0.000000 0.029101
0.000000 0.026077
0.000000 0.047650
0.000000 0.041939
0.000000 0.092326
0.000000 0.041788
0.000000 0.026489
0.000000 0.017512
0.000000 0.038524
0.000000 0.037910
0.000000 0.021619
0.000000 0.031441
0.000000 0.061004
0.000000 0.049742
0.000000 0.017560
0.000000 0.033349
0.000000 0.023751
0.000000 0.054784
0.000000 0.022603
0.000000 0.041682
0.000000 0.044630
0.000000 0.018929
0.000000 0.044121
0.000000 0.021733
0.000000 0.028063
0.000000 0.022364
0.000000 0.051080
0.000000 0.024060
0.000000 0.022879
0.000000 0.049059
0.000000 0.072729
0.000000 0.011066
0.000000 0.042580
0.000000 0.087619
0.000000 0.172368
0.000000 0.035481
0.000000 0.466035
0.000000 0.080562
0.000000 0.033759
0.000000 0.032560
0.000000 0.027091
0.000000 0.032428
0.000000 0.026352
0.000000 0.023631
0.000000 0.020153
0.000000 0.026931
0.000000 0.037539
0.000000 0.071099
0.000000 0.033553
0.000000 0.045501
0.000000 0.041196
0.000000 0.103406
0.000000 0.016033
0.000000 0.027865
0.000000 0.023066
0.000000 0.048399
0.000000 0.028244
0.000000 0.044203
0.000000 0.062475
0.000000 0.049726
0.000000 0.021069
0.000000 0.036835
0.000000 0.035936
0.000000 0.171534
0.000000 0.030977
0.000000 0.041321
0.000000 0.065097
0.000000 0.216450
0.000000 0.146743
0.000000 0.015937
0.000000 0.048826
0.000000 0.044421
0.000000 0.039677
0.000000 0.035871
0.000000 0.030759
0.000000 0.056222
0.000000 0.025710
0.000000 0.017838
0.000000 0.041880
0.000000 0.054338
0.000000 0.071541
0.000000 0.034812
0.000000 0.070225
0.000000 0.075259
0.000000 0.030710
0.000000 0.027658
0.000000 0.034382
0.000000 0.033670
0.000000 0.058391
0.000000 0.045847
0.000000 0.031970
0.000000 0.026816
0.000000 0.048967
0.000000 0.020909
0.000000 0.099341
0.000000 0.084330
0.000000 0.073340
0.000000 0.219259
0.000000 0.048001
0.000000 0.400794
0.000000 0.071189
0.000000 0.021270
0.000000 0.047576
0.000000 0.134595
0.000000 0.019045
0.000000 0.019633
0.000000 0.035023
0.000000 0.046905
0.000000 0.045791
0.000000 0.036857
0.000000 0.037277
0.000000 0.020761
0.000000 0.019293
0.000000 0.025447
0.000000 0.088101
0.000000 0.180309
0.000000 0.048968
0.000000 0.047951
0.000000 0.040686
0.000000 0.169802
0.000000 0.066952
0.000000 0.017787
0.000000 0.077949
0.000000 0.022484
0.000000 0.020820
0.000000 0.082579
0.000000 0.067964
0.000000 0.032608
0.000000 0.064769
0.000000 0.018554
0.000000 0.014102
0.000000 0.033816
0.000000 0.033239
0.000000 0.036142
0.000000 0.049794
0.000000 0.065262
0.000000 0.023920
0.000000 0.025070
0.000000 0.089641
0.000000 0.040599
0.000000 0.027245
0.000000 0.037080
0.000000 0.078695
0.000000 0.075890
0.000000 0.030158
0.000000 0.041518
0.000000 0.027766
0.000000 0.026333
0.000000 0.037199
0.000000 0.016606
0.000000 0.044936
0.000000 0.045014
0.000000 0.018798
0.000000 0.061776
0.000000 0.069977
0.000000 0.013868
0.000000 0.019457
0.000000 0.107501
0.000000 0.018132
0.000000 0.051821
0.000000 0.041907
0.000000 0.043813
0.000000 0.028646
0.000000 0.038836
0.000000 0.072939
0.000000 0.047642
0.000000 0.052447
0.000000 0.059120
0.000000 0.171450
0.000000 0.107168
0.000000 0.024841
0.000000 0.073500
0.000000 0.022150
0.000000 0.020152
0.000000 0.107655
0.000000 0.077491
0.000000 0.057516
0.000000 0.058360
0.000000 0.100594
0.000000 0.019804
0.000000 0.140085
0.000000 0.312947
0.000000 0.178009
0.000000 0.055438
0.000000 0.047996
0.000000 0.047941
0.000000 0.035167
0.000000 0.049080
0.000000 0.087654
0.000000 0.031219
0.000000 0.034383
0.000000 0.021190
0.000000 0.022924
0.000000 0.019815
0.000000 0.020124
