-0.571811  1.259158
-0.523777  2.265652
-0.471802  1.200151
-0.400194  2.066625
-0.446382  1.657788
-0.526375  1.275428
-0.511428  1.021181
-0.563499  1.826146
-0.208467  0.802579
-0.397595  1.392503
-0.394522  0.975603
-0.377633  3.706408
-0.449763  1.012667
-0.445829  3.094530
-0.383952  2.182372
-0.377103  1.424572
-0.319512  2.010287
-0.373505  1.922775
-0.319152  0.831354
-0.335842  0.872367
-0.210875  1.819132
-0.167306  2.451921
-0.128994  1.183117
-0.015169  0.758736
 0.062131  1.656786
 0.016878  0.927176
-0.021057  1.003475
-0.114061  1.597986
-0.177974  1.057970
-0.261168  1.140213
-0.345364  0.989971
-0.514573  1.384874
-0.485552  0.645614
-0.455994  2.360949
-0.408950  0.806659
-0.345762  1.539748
-0.428107  1.907326
-0.200724  1.988480
-0.094159  1.608282
-0.082518  2.010558
-0.081141  1.051178
-0.060677  0.559829
-0.073458  1.050418
 0.053155  1.845720
 0.010490  1.685497
 0.087766  0.737627
-0.035177  1.465884
-0.035067  0.836584
 0.144330  1.448755
 0.082435  2.338076
 0.149456  1.047515
-0.009094  0.827813
 0.042638  0.735160
 0.071061  1.462821
 0.090923  1.344708
 0.049203  1.192325
-0.005907  2.007726
 0.036190  0.666940
-0.035457  1.140463
 0.005158  0.989996
 0.187891  2.083134
 0.101523  1.524286
-0.055720  0.917824
 0.153595  1.680157
 0.205522  1.305853
 0.191439  1.014785
 0.005575  1.302731
-0.054212  1.367421
-0.040401  1.709458
-0.141203  1.057209
-0.215822  1.184923
-0.125263  0.708215
-0.127183  0.994491
 0.089095  1.330727
 0.141550  0.908830
 0.008641  1.286196
 0.002206  1.131422
-0.117712  1.384793
-0.208719  0.643551
-0.084598  0.718178
 0.040746  0.940294
 0.214318  1.557467
 0.137450  0.851843
 0.063000  1.189897
-0.001944  1.490640
-0.006028  0.907137
-0.046259  1.213783
 0.085693  1.283499
 0.062211  0.950095
-0.055997  1.048838
-0.001515  1.567880
 0.029864  0.774306
 0.023690  0.724977
-0.118567  0.575670
-0.125714  1.269034
-0.179861  1.260990
-0.150524  1.246081
-0.025054  1.640779
-0.191659  1.509337
-0.036934  0.759073
-0.112290  1.050602
-0.211487  0.949993
-0.447355  1.285535
-0.397493  1.078623
-0.367161  0.843449
-0.453263  1.366927
-0.346618  2.295441
-0.301087  0.948323
-0.406361  1.507420
-0.478601  1.497117
-0.318794  1.462393
-0.298192  1.034904
-0.220139  1.638611
-0.219488  1.574895
-0.132786  1.057333
-0.191467  0.867638
-0.132138  1.067687
-0.176730  0.914091
-0.225329  1.441173
-0.224018  1.159015
-0.224237  0.934823
-0.321398  1.472938
-0.244179  1.599756
-0.201010  2.331305
-0.205125  1.265523
-0.258474  1.044284
-0.345849  0.965226
-0.309024  1.409032
-0.200174  1.479908
-0.208090  0.591412
-0.194542  2.282625
-0.219415  0.918249
-0.151330  0.492878
 0.058527  1.771547
 0.085969  2.452866
 0.154899  1.131364
 0.257490  0.698147
 0.147184  0.964935
 0.344842  0.937039
 0.340302  1.397922
 0.164712  1.738865
 0.140065  1.695621
 0.237713  0.931112
 0.141513  1.735806
 0.142003  1.104952
 0.189949  2.029810
 0.278502  1.188097
 0.158599  1.721874
 0.170868  0.984354
 0.052110  1.245315
-0.008289  0.929878
 0.122301  1.021762
 0.066943  1.127928
 0.125819  0.969747
 0.109178  0.814765
 0.192528  1.020342
 0.077421  0.516283
 0.104420  0.915525
 0.078646  2.069436
 0.056611  2.103293
 0.002044  1.559434
-0.019239  1.274379
-0.157540  0.844981
-0.033398  0.993381
-0.127835  1.301495
-0.311619  2.024124
-0.311594  1.412329
-0.337219  1.616715
-0.351470  1.636979
-0.323704  1.003429
-0.378686  1.057960
-0.337545  1.102516
-0.456084  1.133100
-0.379932  2.172738
-0.588050  1.136110
-0.523539  1.011348
-0.452421  0.759426
-0.606399  1.309149
-0.493461  0.972163
-0.430411  0.603938
-0.359839  1.068196
-0.403153  1.411652
-0.310091  1.144047
-0.306313  1.492868
-0.492796  1.571223
-0.487817  0.889050
-0.490552  2.033950
-0.520634  1.016433
-0.526225  1.096973
-0.625361  0.871977
-0.451630  1.797394
-0.514657  2.306240
-0.690999  0.877195
-0.509785  1.556972
-0.420350  1.529567
-0.312050  3.069912
-0.283833  1.087761
-0.257549  3.499940
-0.254185  1.033201
-0.214236  1.499322
-0.256221  1.066765
-0.231082  1.511559
-0.207424  0.991908
-0.180640  2.512045
-0.397433  1.362435
-0.554499  1.035524
-0.542113  0.943950
-0.372229  1.090783
-0.371166  1.282264
-0.505579  1.500503
-0.421408  2.142562
-0.386957  0.891222
-0.295826  1.017293
-0.368250  1.274978
-0.469836  0.961654
-0.460750  1.470847
-0.348109  1.004364
-0.359030  1.427660
-0.349370  0.789410
-0.379834  1.023260
-0.490122  1.891212
-0.242911  0.757928
-0.171520  1.415196
-0.155055  1.050363
-0.265423  0.653792
-0.218321  0.931735
-0.300591  1.798790
-0.302792  6.267610
-0.297357  2.058198
-0.309899  1.057487
-0.289591  1.902782
-0.211257  1.185747
-0.202124  0.667385
-0.241663  1.400436
-0.460278  1.070526
-0.524644  1.432529
-0.658124  0.745491
-0.452524  0.974007
-0.224501  1.502676
-0.154323  1.651810
-0.162607  0.879276
 0.018644  0.702800
-0.229648  0.821218
-0.185195  0.654350
-0.242469  1.130846
-0.267243  0.830365
-0.196866  0.674381
 0.035604  0.985617
 0.150838  1.027429
 0.184647  1.015152
-0.012172  1.126822
 0.004958  0.813796
 0.094552  1.374736
 0.311102  0.943845
 0.211746  1.460860
 0.031130  0.744332
 0.196825  2.334998
 0.210930  1.295602
 0.089972  1.977122
 0.185469  1.403959
 0.198147  1.987210
 0.298229  1.333966
 0.253464  1.360340
 0.295113  1.477156
 0.198540  1.332020
 0.323944  1.238902
 0.339433  0.831726
 0.329441  1.153559
 0.234564  0.928705
 0.083081  1.277642
 0.081255  0.853349
 0.171169  0.788339
 0.219691  0.562097
 0.330972  1.516969
 0.456164  1.328659
 0.254071  2.497302
 0.033653  2.810980
 0.075755  2.138868
 0.283377  4.271213
 0.275918  1.587355
 0.251546  1.619279
 0.095972  1.014184
 0.123244  1.311093
 0.256435  1.001148
 0.339432  1.131404
 0.373224  0.664425
 0.338276  0.938849
 0.407786  1.203892
 0.576761  0.788567
 0.612110  1.086026
 0.404877  1.371151
 0.683693  1.336942
 0.580205  0.802339
 0.583594  0.966210
 0.579203  1.136330
 0.529071  1.514327
 0.350098  3.025419
 0.352302  0.976443
 0.376405  0.698893
 0.384938  1.797166
 0.285032  0.892062
 0.264061  1.538125
 0.275718  1.584702
 0.444555  1.208632
 0.309962  0.493301
 0.536875  1.234545
 0.365079  1.011213
 0.185453  0.898457
 0.286998  1.099898
 0.292728  0.927385
 0.136832  1.270867
 0.024720  0.778168
 0.081809  0.748143
 0.190937  0.796683
 0.210434  0.997995
 0.067396  1.814196
 0.024182  1.354490
 0.056941  0.718427
 0.074163  1.046695
 0.152574  1.568070
-0.253265  1.234803
-0.048022  0.707023
-0.143842  1.003995
-0.073147  1.482238
-0.096855  2.138376
-0.101476  3.518111
-0.212912  0.606087
-0.221005  1.052980
-0.277161  1.836577
-0.248482  1.426505
-0.239269  2.157210
-0.237173  1.991149
-0.250174  2.151278
-0.246756  1.222998
-0.335506  1.176884
-0.406714  0.697955
-0.394808  1.349041
-0.352147  0.859732
-0.239224  1.023377
-0.345274  0.958229
-0.318024  0.782278
-0.286554  1.495260
-0.356664  0.845203
-0.287138  1.479731
-0.316410  0.936803
-0.286871  0.969028
-0.412794  0.955426
-0.267245  1.049386
-0.246627  1.317206
-0.379661  1.029858
-0.507442  1.422751
-0.356096  0.963466
-0.234872  2.003839
-0.307297  2.048321
-0.300034  0.436767
-0.129881  1.713173
-0.190106  1.185383
-0.170517  1.057693
-0.223925  0.930250
 0.021049  1.790014
-0.034037  3.214410
-0.001353  1.443135
-0.086208  1.967764
-0.053697  0.971115
-0.084456  0.716214
-0.143802  1.286773
-0.154804  3.638994
-0.254343  0.975121
-0.247059  0.632722
-0.304514  0.804352
-0.271832  0.815417
-0.284849  1.103570
-0.375767  1.187564
-0.270558  0.814613
-0.472566  0.993885
-0.438823  0.973759
-0.413413  0.636996
-0.430679  1.142430
-0.444715  1.031510
-0.446355  1.280991
-0.487754  1.950217
-0.509300  1.253213
-0.459893  1.022728
-0.376534  1.225496
-0.245332  1.399114
-0.303006  1.532798
-0.338090  1.490081
-0.147287  0.870232
 0.030159  0.797616
 0.061049  1.670174
 0.233475  0.742194
 0.223172  1.560317
 0.341166  0.707434
 0.220998  1.316892
 0.216087  1.798950
 0.288598  1.356938
 0.336025  0.699330
 0.204393  0.951642
 0.240304  1.349733
 0.254036  0.808555
 0.237915  1.746177
 0.305204  1.164860
 0.216037  2.067897
 0.123394  1.300937
 0.130541  0.901598
 0.006198  0.904477
 0.048376  0.890824
 0.195007  1.714658
 0.384338  1.350726
 0.085829  1.450655
 0.146119  1.179660
 0.118547  1.572036
 0.027672  1.171068
 0.006944  1.059021
-0.016174  1.054042
-0.029266  1.566881
-0.401350  2.624078
-0.211987  1.199847
-0.440147  2.133918
-0.533028  1.214523
-0.555649  1.329439
-0.497109  1.369405
-0.500168  2.149563
-0.407598  1.345906
-0.339809  1.950820
-0.461891  1.028532
-0.262879  1.028151
-0.360562  1.582483
-0.259229  1.203175
-0.289470  1.027097
-0.265275  0.777175
-0.330074  1.474643
-0.343640  1.698434
-0.500427  1.014284
-0.464872  1.339963
-0.405026  1.075474
-0.532406  1.954653
-0.707102  1.025371
-0.920797  1.378009
-0.863178  2.382976
-0.832822  2.197187
-0.762225  1.234708
-0.623954  0.761606
-0.454924  1.184701
-0.452695  1.492233
-0.209417  0.757717
-0.296208  2.293048
-0.241139  0.713176
-0.180476  1.370953
-0.135385  1.245016
-0.185836  1.740983
-0.153657  0.913453
-0.239007  1.212483
-0.253097  0.862755
-0.284084  1.766183
-0.233819  0.767170
-0.192489  1.744417
 0.016106  1.161495
 0.012727  1.333683
 0.003060  1.416968
-0.012090  1.543781
-0.041247  1.044881
-0.124474  0.829081
-0.098274  0.847030
-0.032764  1.290005
 0.164794  0.806868
-0.054835  0.956737
-0.089668  0.547929
 0.045382  1.700240
-0.036559  0.785962
-0.106058  0.843702
-0.009509  1.457199
-0.043642  0.638440
 0.148756  1.396358
 0.267855  2.255787
 0.174570  0.432815
-0.155873  1.086754
-0.154812  1.821575
-0.168893  0.817411
-0.130610  1.263217
-0.164339  1.277551
-0.046751  0.729640
-0.171429  0.922524
-0.083394  0.797647
 0.087148  1.454200
 0.108140  1.775352
 0.081232  1.040875
 0.007779  1.104568
-0.148720  0.838235
-0.118761  1.236814
 0.000588  1.452735
-0.000378  0.912261
 0.056742  0.942446
 0.130339  2.758665
 0.215984  1.687473
 0.074463  0.910652
 0.130130  0.728856
 0.183009  1.073721
 0.141878  0.802825
 0.320699  2.668279
 0.140655  0.876634
 0.137703  0.608791
 0.145212  0.884527
 0.060493  1.318999
-0.034904  1.103531
-0.081732  1.131697
-0.154513  0.876075
-0.164062  1.450832
-0.147780  0.671049
-0.081238  1.020897
 0.015748  1.406115
-0.116671  0.974727
-0.074742  1.467848
-0.075581  1.193547
-0.041235  1.062579
-0.154405  0.917913
-0.104349  1.778492
-0.180907  0.666941
-0.166364  1.079937
 0.138530  1.236139
 0.233985  1.293010
 0.277579  1.074871
 0.274681  1.520793
 0.182069  1.433771
 0.273672  1.553470
 0.210659  1.374145
 0.109935  1.037389
 0.170181  2.355338
 0.023802  1.636415
 0.027470  0.509205
-0.077443  1.837276
-0.084594  0.464105
-0.139784  0.872631
-0.028691  0.989870
-0.003857  0.777571
-0.091907  0.819715
-0.036543  1.359188
 0.011862  1.180101
-0.115550  0.903116
-0.004248  1.499523
 0.110147  1.369246
 0.014541  1.870828
-0.100578  0.758506
-0.119440  1.292817
-0.190253  1.336546
-0.309319  2.928061
-0.226892  1.974148
-0.441526  1.425164
-0.335820  1.900876
-0.284553  1.160106
-0.125588  0.553744
-0.201746  0.537300
-0.077447  0.825493
-0.086890  0.846822
-0.124770  0.698760
-0.000854  0.662612
 0.069369  0.881826
 0.160429  0.996372
 0.240345  1.433467
 0.394119  1.106055
 0.290665  1.546642
 0.389995  1.192324
 0.553710  1.014418
 0.336418  1.213128
 0.468243  1.194390
 0.260131  1.281026
 0.320566  1.448015
 0.284133  0.726306
 0.310893  1.340955
 0.327268  1.382266
 0.187976  1.352400
 0.007664  2.570127
 0.004364  1.450478
 0.116739  0.807585
 0.090120  1.406728
 0.085730  1.482488
 0.045105  1.630222
-0.019230  1.489635
 0.030298  1.217167
 0.025435  0.910416
-0.188445  0.761207
-0.203620  1.396190
-0.041584  1.667835
-0.038633  1.378879
-0.242141  0.476278
-0.148946  2.333699
-0.115513  1.280655
 0.088762  0.778022
-0.126730  1.366747
-0.193149  1.148165
-0.289843  1.592289
-0.099512  2.890248
-0.331896  1.756463
-0.343120  2.667009
-0.522584  1.371786
-0.524503  1.094145
-0.417970  1.193569
-0.182881  1.275115
-0.352658  2.187316
-0.294148  0.976065
-0.361059  1.741330
-0.439699  1.340236
-0.246035  1.492555
-0.102186  1.003576
-0.039917  1.442836
-0.024160  1.055416
 0.139636  0.959688
 0.016411  1.929065
-0.049834  2.031370
 0.103071  1.157505
 0.249064  0.857403
 0.249364  0.843394
 0.394546  1.143797
 0.358286  1.506826
 0.293709  0.576312
 0.358496  0.462618
 0.475903  0.764026
 0.393499  1.082183
 0.313373  1.860317
 0.269573  1.008311
 0.178883  0.682001
 0.121866  0.566440
 0.044868  1.409775
-0.121964  0.958696
-0.140838  0.719501
-0.130038  0.782673
-0.071473  0.866765
-0.092229  1.153224
-0.205619  0.490808
-0.223582  1.102863
-0.214393  2.334145
-0.211902  1.484788
-0.159840  1.582603
-0.288627  0.800518
-0.347844  1.385015
-0.302382  0.823142
-0.342138  1.064496
-0.353588  0.822783
-0.360670  1.175954
-0.326963  1.382331
-0.312624  2.556441
-0.364727  1.511686
-0.276356  1.093447
-0.195633  0.740142
-0.350440  0.905979
-0.418574  1.228469
-0.425846  1.120535
-0.395966  1.611366
-0.478061  1.027775
-0.521717  1.465772
-0.429218  0.641976
-0.441858  1.252604
-0.450216  1.053365
-0.373447  0.788284
-0.214828  1.441118
-0.227165  1.230657
-0.156960  2.688158
-0.144899  0.769446
-0.029555  1.497234
-0.008056  0.722221
-0.119919  0.864470
-0.145938  1.129293
 0.027745  1.033086
-0.105489  1.285254
-0.262792  1.802140
-0.084404  0.717247
-0.103586  0.739210
-0.063240  1.403036
-0.150205  0.723441
-0.065104  0.828972
-0.205700  0.811652
-0.287644  1.377140
-0.136411  0.801451
-0.113633  0.964388
-0.037847  1.013920
-0.168647  1.302008
-0.147560  1.650246
-0.105013  1.182979
-0.045688  0.987410
-0.275072  1.824291
-0.213063  0.701453
-0.349843  1.604329
-0.242606  1.138234
-0.230916  1.219497
-0.211799  1.578525
-0.219017  0.825314
-0.163538  1.254656
-0.266942  1.174826
-0.243004  1.037826
-0.167065  0.776486
-0.122244  1.417567
-0.345229  2.006734
-0.273060  1.431017
-0.418097  1.919362
-0.393862  1.456907
-0.333652  1.593752
-0.109652  1.775489
-0.278250  0.683505
-0.275340  1.927824
-0.301553  2.121881
-0.278110  1.350213
 0.052481  0.761485
-0.013510  1.074837
 0.003616  1.022617
 0.014597  1.305942
 0.093109  1.474660
 0.064817  0.887128
 0.013245  0.545923
 0.011693  1.925996
 0.025708  1.021150
 0.138536  1.278106
 0.196446  0.811356
 0.383894  1.415392
 0.214902  2.372813
 0.277520  0.682224
 0.222903  0.741268
 0.113980  0.865946
 0.108478  0.750836
 0.049029  1.438009
 0.038023  1.129231
 0.102110  1.165224
 0.092651  0.906919
-0.077796  0.894379
-0.035767  1.238699
 0.079473  1.302040
-0.001216  0.812027
 0.025583  0.991750
 0.117194  1.320222
-0.058657  1.096011
-0.064420  0.561472
-0.009888  0.944283
-0.137340  5.012564
-0.305723  2.756110
-0.324393  1.181237
-0.305095  0.996941
-0.315668  1.376826
-0.239993  1.320276
-0.265662  1.346274
-0.232355  0.476143
-0.090253  1.635872
 0.077112  0.581895
 0.181266  1.458581
 0.252042  1.986572
 0.354924  1.028726
 0.498375  1.454305
 0.495788  1.390185
 0.371234  2.467667
 0.227666  0.841339
 0.342259  0.885667
 0.248645  0.980146
 0.209916  1.063428
 0.079327  0.452629
 0.235191  1.732260
 0.224721  0.811558
 0.313834  1.033020
 0.104800  0.838971
 0.157866  2.035253
 0.181544  1.165483
 0.203998  0.808675
 0.203554  1.109026
 0.003432  0.601734
 0.072299  0.732878
-0.139751  0.734635
-0.095439  1.025895
 0.094077  1.840003
-0.043403  0.857246
-0.066629  0.680749
-0.148288  2.194065
 0.015531  0.879704
-0.028264  0.973760
 0.101937  1.158070
 0.151215  1.523821
 0.039747  0.596955
 0.197537  1.690112
 0.047976  0.496241
-0.115601  0.795768
-0.210984  1.075320
-0.119147  0.874716
-0.185124  1.685537
-0.039872  1.728769
-0.181287  1.192175
-0.087147  1.080072
-0.202088  1.129036
-0.243824  2.236749
-0.270814  1.244488
-0.283271  1.372889
-0.249286  1.031458
-0.360251  1.205162
-0.196024  1.669606
-0.258252  0.919430
-0.103528  0.937632
-0.055720  1.026865
 0.046321  0.779007
-0.002705  2.437467
 0.069897  1.494030
 0.065056  0.912911
 0.117302  1.882989
 0.311743  0.689681
 0.453512  2.860524
 0.450958  1.451118
 0.367462  1.387577
 0.381269  1.175006
 0.262918  0.797322
 0.383265  2.577552
 0.360026  1.310104
 0.330122  1.209448
 0.375614  1.351058
 0.325097  1.511045
 0.252075  1.620741
 0.167553  1.753945
 0.158436  1.065369
 0.198126  2.066310
 0.012129  0.982477
 0.166312  1.472621
 0.258616  1.016585
 0.247705  2.215488
 0.301167  0.622857
 0.251460  0.988366
 0.329486  1.595400
-0.034706  1.909804
-0.013011  1.331380
 0.172320  2.484025
 0.247319  1.677756
 0.137160  1.281714
 0.153734  1.242087
 0.029896  1.649109
 0.027908  0.839476
-0.048571  1.213994
 0.026464  1.151584
 0.019586  1.497045
 0.102693  1.502018
 0.194554  3.527091
 0.159487  1.113614
 0.069034  2.292670
-0.041277  2.152699
 0.125579  1.151590
 0.178817  1.236565
-0.158438  0.898430
 0.025319  1.789865
-0.022912  0.930907
-0.082719  1.215437
 0.037703  0.954692
 0.009847  0.896426
-0.068919  2.278442
-0.160733  1.277645
-0.296351  1.260064
-0.312438  1.525282
-0.300753  0.859963
-0.267112  1.299908
-0.150110  1.046108
-0.061484  1.258149
-0.088011  1.698390
-0.199077  1.154138
-0.128816  0.720270
-0.082279  0.992158
-0.219344  2.058253
-0.284912  1.372296
-0.192824  2.188797
-0.300920  1.989906
-0.417714  0.808974
-0.244767  1.481626
-0.175187  1.502153
-0.200931  2.122541
-0.124254  1.104084
-0.068478  1.095911
-0.211717  1.687232
-0.139192  1.197787
-0.281149  0.840434
-0.376704  1.233979
-0.467937  1.661194
-0.528937  1.676344
-0.507553  1.630940
-0.421371  1.437056
-0.421557  1.451315
-0.391373  0.945546
-0.294199  1.126283
-0.255125  0.989417
-0.253834  0.949240
-0.084483  0.762954
-0.232242  0.849718
-0.166153  0.590755
-0.044496  1.648988
-0.182087  1.074478
-0.279779  1.004234
-0.203865  0.959911
-0.326271  1.061934
-0.227657  1.529022
-0.331443  1.174429
-0.187492  1.027889
-0.275557  1.393027
-0.529922  1.348139
-0.388552  0.691691
-0.392583  1.477752
-0.413743  2.070553
-0.349479  1.016675
-0.363565  1.799804
-0.420332  1.174748
-0.305419  1.305682
-0.283930  1.388588
-0.366737  1.236851
-0.506468  1.056589
-0.324461  1.294715
-0.325284  1.162942
-0.227621  1.638413
 0.005899  1.124786
-0.130778  1.236044
-0.093226  1.307739
 0.013942  1.064357
-0.221344  0.738301
-0.126524  1.694076
 0.088513  1.070760
 0.077717  1.190443
 0.113802  0.827994
 0.169685  1.324746
 0.239715  1.268801
 0.276419  1.245326
 0.288162  1.651627
 0.077131  0.736725
 0.063749  1.799974
 0.147504  1.428716
 0.191131  1.158233
 0.233576  3.905102
 0.271037  1.128737
 0.194787  1.241960
-0.062879  0.665292
-0.029549  2.156379
-0.267725  1.430536
-0.037669  1.160929
-0.041673  1.127500
-0.054149  1.077129
-0.065216  0.895245
-0.127107  0.769638
-0.171065  1.608294
 0.074253  1.844369
-0.174956  2.006896
-0.106016  0.723790
 0.017875  1.216604
-0.006993  0.644939
 0.057698  0.723571
 0.005281  1.907926
-0.042582  2.135158
-0.069669  0.997889
 0.035893  2.064668
-0.106635  0.774478
-0.198059  0.687954
-0.272026  1.063518
-0.301261  1.227285
-0.348444  1.755080
-0.418818  0.895236
-0.206747  1.567412
-0.230959  1.122120
-0.348309  1.543106
-0.347971  0.845769
-0.379544  1.908589
-0.302606  1.579621
-0.331651  1.884674
-0.388196  1.070463
-0.412792  1.215039
-0.353858  2.058268
-0.289063  2.521006
-0.229412  1.211097
-0.155429  2.166046
-0.099887  0.929369
-0.212190  2.106503
-0.271126  1.733654
-0.325202  0.921357
-0.260961  1.130017
-0.289296  1.556309
-0.432853  1.187938
-0.374465  0.945080
-0.279111  1.181848
-0.344843  1.334625
-0.343758  0.937231
-0.360520  1.832621
-0.286803  1.102968
-0.311125  2.064762
-0.214088  1.767775
-0.109257  1.007158
-0.114367  0.606372
-0.254221  1.067686
-0.188621  1.724310
-0.170349  0.814100
-0.065364  1.099897
-0.139063  0.885895
-0.070311  0.942744
-0.159395  0.814128
-0.067663  1.422591
-0.214712  2.173100
-0.150840  0.933717
 0.013264  0.921871
 0.019660  1.568432
-0.076161  1.394655
-0.113625  0.959795
-0.161708  1.168205
-0.159211  1.234017
-0.164719  1.454482
-0.187398  0.997188
-0.080921  1.045029
-0.164260  1.162557
-0.278081  2.181566
-0.344806  3.546042
-0.394510  0.585405
-0.392717  1.255092
-0.220449  0.973911
-0.250771  2.387191
-0.183503  1.530460
-0.091433  2.239138
-0.093009  2.022966
-0.048629  1.522148
-0.200861  0.632317
-0.266725  1.434255
-0.161864  0.878242
-0.228848  1.930802
-0.174058  1.260447
-0.403143  1.148485
-0.345117  1.262960
-0.296959  1.106942
-0.350803  2.747306
-0.193889  0.982060
-0.036704  0.881269
-0.012434  1.457872
 0.013268  1.093863
-0.121981  0.917354
-0.216906  1.518624
-0.041232  0.812166
-0.083022  1.465417
 0.012757  1.492039
 0.135797  1.133528
-0.007913  0.803953
 0.131967  0.974894
 0.104677  1.465350
 0.067955  0.854390
-0.100614  1.323453
 0.013628  1.059800
 0.016539  2.470196
 0.073104  1.489835
 0.037933  1.105308
 0.025249  2.361416
-0.023188  0.924873
 0.171610  1.053654
 0.063687  0.763934
-0.013674  0.727561
 0.031047  1.823165
-0.127137  1.197680
-0.116604  1.392683
-0.137583  0.706204
-0.121661  0.886422
-0.123773  1.785797
-0.301055  1.612534
-0.391711  1.067566
-0.271176  1.119432
-0.015450  1.657938
 0.005472  1.295257
 0.028800  1.062850
 0.035534  1.627431
 0.060498  0.966531
 0.000446  1.182884
-0.116141  1.424542
-0.344315  1.494069
-0.538713  1.182838
-0.640558  2.582729
-0.557444  1.262061
-0.590046  0.942613
-0.723214  1.643063
-0.380592  1.907225
-0.252616  0.780521
-0.251305  1.407207
-0.200757  1.199539
-0.212896  1.472973
-0.148546  0.649497
-0.124372  0.735442
-0.296689  1.003329
-0.254533  1.006431
-0.312780  1.008077
-0.245581  1.112901
-0.056499  1.009885
-0.148347  0.545915
-0.104854  0.909076
-0.122667  1.227656
 0.002181  1.628970
-0.261297  1.462928
-0.194855  1.425409
-0.296893  1.581903
-0.313741  1.347715
-0.429383  1.813259
-0.452150  0.883850
-0.476252  1.080378
-0.482938  2.586634
-0.366491  1.616049
-0.199093  0.824809
-0.300130  1.306813
-0.341961  2.355291
-0.255214  0.637206
-0.100333  3.630705
-0.066150  1.440641
-0.139317  0.853187
-0.187347  1.447545
-0.141575  1.496327
-0.132448  1.033398
-0.035908  0.994407
 0.090003  1.377961
 0.257959  2.419287
 0.288023  2.908506
 0.363900  0.776401
 0.415530  0.757509
 0.421211  1.333617
 0.390267  1.536955
 0.216746  0.701426
 0.393725  1.171459
 0.348355  1.418311
 0.378000  1.240128
 0.387949  1.096708
 0.337391  0.871812
 0.424243  0.739215
 0.430534  2.005630
 0.367694  0.990162
 0.333997  0.599257
 0.275903  0.965442
 0.271802  1.418287
 0.449233  0.941755
 0.420740  1.537611
 0.472378  1.703072
 0.519094  1.079193
 0.543114  1.142974
 0.373533  0.705285
 0.382608  1.010448
 0.474284  0.976317
 0.377435  1.178470
 0.425749  1.440314
 0.334441  1.215567
 0.234437  1.330806
 0.391337  0.991589
 0.303395  0.906014
 0.432106  1.274145
 0.557485  1.084352
 0.426607  1.448980
 0.296077  0.802472
 0.395092  1.805223
 0.132513  1.428774
 0.043237  1.856765
 0.201801  0.891035
 0.170857  0.528988
-0.000418  1.170727
 0.076986  1.235387
-0.043407  0.557889
 0.007768  0.676486
-0.126987  0.962868
-0.096079  1.268512
-0.147628  1.158250
-0.064830  1.211065
 0.119866  3.082838
 0.214350  1.617804
 0.190509  1.136659
 0.253459  2.359566
 0.132313  1.118141
 0.129111  1.405079
 0.223571  1.427397
 0.201108  3.807626
 0.150514  1.051900
 0.363111  1.158734
 0.428600  1.409006
 0.370789  1.229067
 0.608799  1.120625
 0.776805  1.276692
 0.681191  1.218686
 0.515153  0.620625
 0.556742  1.087026
 0.545049  1.502600
 0.476905  1.692903
 0.513571  0.874406
 0.531597  1.069728
 0.514766  1.090426
 0.420660  1.357003
 0.429362  0.573323
 0.756450  1.653388
 0.737168  0.834325
 0.684395  1.061628
 0.519785  1.046374
 0.380540  1.782296
 0.343277  0.925513
 0.360603  0.774779
 0.260785  0.976285
 0.442804  0.943943
 0.385644  0.777376
 0.351842  1.702683
 0.354981  0.969503
 0.365432  1.593790
 0.285827  2.380078
 0.260893  1.302940
 0.237431  0.864351
 0.258818  1.948604
 0.334569  1.587089
 0.451009  1.048787
 0.409300  0.917850
 0.259527  0.672310
 0.400246  0.662589
 0.430905  0.667104
 0.485634  0.896084
 0.464642  0.844619
 0.519372  1.345457
 0.479018  1.683138
 0.437631  1.394609
 0.473251  1.571286
 0.283200  0.901209
 0.292417  0.833101
 0.374823  1.445315
 0.332574  1.600865
 0.241446  1.013332
 0.107575  1.372601
 0.086687  5.319968
 0.074938  3.167318
 0.076872  1.399757
 0.059800  1.556627
 0.223939  0.782339
 0.273892  1.424611
 0.222434  0.840141
 0.325083  1.635843
 0.263681  0.806397
-0.018654  0.807404
 0.071223  0.994055
-0.029333  1.503687
 0.051177  1.659452
 0.136835  1.250813
 0.162914  1.010742
 0.199103  1.196097
 0.114328  1.084828
 0.115551  0.552891
 0.079515  2.008477
 0.042366  1.045273
 0.022632  0.991716
 0.121900  0.626874
 0.287068  1.129324
 0.282985  2.899213
 0.418012  1.338631
 0.241294  1.276036
 0.293697  3.370340
 0.372848  1.162323
 0.487319  1.648810
 0.440579  2.253301
 0.466591  1.731843
 0.431135  0.946381
 0.453863  1.065326
 0.352149  0.799227
 0.438550  0.838548
 0.409288  1.701265
 0.361297  1.949739
 0.322237  1.230739
 0.121683  0.886737
 0.205969  0.729724
 0.091214  1.188761
 0.084822  0.954190
 0.081707  1.929382
 0.096869  1.139677
 0.262219  1.063602
 0.360107  1.366824
 0.174175  0.705712
 0.086872  1.239309
-0.066370  1.446009
-0.061912  1.254713
-0.220654  1.048159
-0.356312  1.765091
-0.293123  0.860118
-0.454800  1.401490
-0.449734  2.287724
-0.360464  1.381538
-0.249869  0.734094
-0.498152  1.086384
-0.425246  2.884780
-0.525447  0.964624
-0.461561  2.059324
-0.398762  0.856670
-0.476878  1.190114
-0.346424  0.674419
-0.349076  1.055748
-0.250841  1.259308
-0.210618  1.245502
-0.199906  2.452319
-0.277491  1.966812
-0.337898  1.474381
-0.393180  1.803705
-0.358734  0.723141
-0.475903  0.943515
-0.578909  1.101685
-0.514477  2.247635
-0.444975  1.663165
-0.374508  1.165544
-0.246834  1.124436
-0.136808  0.983732
-0.078369  1.260569
-0.060342  0.700596
-0.042621  1.016817
-0.048886  0.860439
-0.027872  1.075912
 0.036660  1.380814
 0.223820  1.820724
 0.129039  1.093105
 0.128914  1.223436
 0.104748  1.490683
 0.139383  1.045842
 0.230489  0.959309
 0.208954  0.610148
 0.345746  1.263887
 0.380116  1.565538
 0.413545  1.480788
 0.646334  2.560087
 0.497895  1.588384
 0.253666  1.610061
 0.205747  0.946530
 0.244110  1.256039
 0.288525  1.243825
 0.337785  1.177710
 0.520300  1.100765
 0.405197  1.254456
 0.491072  0.594727
 0.213771  0.870351
 0.227096  1.064419
 0.021860  0.787715
 0.074817  0.792986
 0.017231  1.473760
 0.011674  1.575471
 0.003003  0.896539
 0.151308  0.812517
 0.061589  1.283506
 0.059573  1.107649
-0.025468  1.095790
-0.066908  0.862509
-0.020072  0.834094
-0.154153  0.872738
-0.149442  1.269300
-0.094796  0.871308
-0.187870  1.144023
-0.005131  1.179927
 0.107994  1.071458
-0.062438  1.810117
-0.191173  1.339641
-0.239390  3.257766
-0.170265  1.931854
-0.198181  1.508535
 0.017404  1.916978
 0.079282  0.814398
 0.002167  0.712710
-0.062367  1.083063
-0.151147  2.020241
-0.281829  1.630532
-0.084331  1.212835
 0.081347  2.294501
 0.191588  1.812054
 0.191578  0.702676
 0.137066  1.852400
 0.100573  0.967476
 0.111279  0.895210
 0.034172  0.794731
 0.126514  1.652872
 0.046215  0.544053
 0.461099  1.428664
 0.147456  1.107532
 0.166601  1.165317
 0.136651  0.694691
 0.118996  1.145144
 0.213847  0.976433
 0.380631  0.657898
 0.450502  3.628589
 0.518664  1.100070
 0.455475  2.001389
 0.450527  1.499243
 0.584863  1.141658
 0.473056  1.195981
 0.534813  1.183174
 0.421761  1.177403
 0.641096  0.916015
 0.585032  1.502142
 0.434100  0.552492
 0.620838  0.821757
 0.776126  1.701462
 0.577006  2.417256
 0.689162  1.396117
 0.463670  1.243653
 0.281676  0.953205
 0.255431  0.934587
 0.261487  0.948423
 0.133540  0.900416
 0.214648  1.212215
 0.100471  1.178554
-0.009750  1.371617
 0.034060  1.021262
 0.082442  2.430898
 0.204758  0.997686
 0.050388  1.421083
-0.014639  0.801284
-0.103083  0.753768
-0.112286  1.386865
-0.041739  1.094236
-0.053018  2.964783
-0.026909  1.152657
 0.005627  1.064488
 0.022674  0.718070
 0.012587  1.232935
-0.105170  0.993667
-0.112265  1.524288
 0.111489  0.978547
 0.070303  1.210068
 0.137663  1.894217
-0.037878  1.130490
-0.174021  1.043913
-0.040494  1.809914
 0.081301  1.448249
-0.090380  1.940757
-0.161036  0.650622
-0.131102  1.049555
-0.188632  1.127859
-0.065424  1.168668
-0.100424  1.158771
-0.238018  1.675533
-0.180865  1.309163
-0.162292  1.182477
-0.224647  1.699094
-0.100429  1.108246
-0.123277  2.586594
-0.144772  1.838767
-0.122487  2.412745
-0.176344  1.094171
-0.082681  0.600638
-0.042588  1.164836
 0.046748  0.753120
 0.193373  1.038553
 0.274753  0.955629
 0.304259  1.629148
 0.268344  2.134154
 0.309017  1.883320
 0.258682  1.716648
 0.357618  0.841402
 0.413086  1.457391
 0.412393  1.693903
 0.221263  1.432447
 0.223638  2.207203
 0.266692  1.179022
 0.147951  2.182923
 0.121406  0.949271
 0.127780  0.761591
 0.089221  1.210527
-0.002243  2.119186
 0.074361  1.482758
 0.313581  2.596825
 0.343256  0.920071
 0.270583  0.700914
 0.234958  1.243477
 0.184132  1.713696
 0.236922  0.763562
 0.189539  1.828170
 0.117930  1.080201
 0.150925  0.589803
 0.033931  1.189175
 0.056269  2.076190
-0.007838  1.478293
 0.019892  1.327966
-0.142484  1.552617
-0.090731  1.176700
 0.039726  1.536190
-0.069970  0.960713
 0.137892  0.821986
 0.159311  0.982524
 0.011377  1.397629
-0.007445  1.433086
-0.034835  0.580179
-0.115303  0.651169
-0.000591  1.895558
 0.062343  1.372303
-0.143728  1.344102
-0.192806  1.298620
-0.165392  1.185519
-0.067049  1.108507
-0.122260  1.044975
-0.195168  1.262210
-0.141149  5.044886
-0.045504  1.218130
-0.067686  0.990308
-0.111869  1.815543
-0.234183  0.989942
-0.085117  1.811158
-0.163973  1.470797
-0.043513  1.393492
 0.059278  1.080317
 0.176891  1.801467
 0.193850  3.167340
-0.166975  0.822626
-0.104271  1.226804
-0.083593  1.412468
 0.009057  1.175771
 0.064146  1.300101
 0.047958  1.626974
-0.030835  0.910962
 0.071970  1.388928
 0.130337  0.893118
-0.044128  1.423082
-0.037806  1.445954
 0.067522  0.582923
 0.089130  0.796596
 0.084970  1.740424
 0.059725  0.815110
