  69.254463 2994.882351
  49.271299 2994.175111
  62.703886 2992.944709
  43.899107 2992.129743
  54.021613 2994.065536
  44.471425 2991.349382
  58.687382 2993.908473
  50.523075 2986.240828
  60.257572 2990.372949
  60.476675 2993.899628
 104.761148 2993.337932
  69.923810 2992.647131
  37.610225 2992.177264
  51.465869 2996.267336
  45.064852 2991.988383
  46.068187 2994.022574
  51.123456 2995.702614
  57.009521 2990.785994
  54.092699 2998.747060
  53.730360 2985.105638
  48.811511 2992.795800
  60.937650 2991.000342
  36.145239 2987.145043
  49.942567 2993.793609
  61.938246 2988.419100
  55.494861 2992.303854
  34.424118 2990.684200
  73.001702 2986.490534
  65.593065 2995.122504
  68.202701 2991.451017
  48.970458 2994.339447
  28.988570 2988.058698
  36.767702 2991.393385
  54.636121 2990.025210
  42.043727 2988.854634
  49.697115 2988.032221
  70.853361 2991.762282
  40.187407 2992.732176
  58.780415 2993.293146
  55.812780 2995.716721
  67.107170 2990.247769
  49.221679 2988.618964
  45.720375 2992.597550
  68.687918 2991.838022
  73.294871 2996.472985
  67.367121 2992.001274
  49.070556 2992.815233
  57.343709 2993.510823
  52.188000 2989.537493
  62.167179 2992.775957
  47.115128 2992.766613
  56.362174 2993.824152
  56.429133 2988.680271
  52.020746 3000.119188
  73.574490 2995.517444
  54.698465 2990.981347
  90.053210 2993.578536
  78.394408 2991.447774
  55.283337 2995.055580
  37.389729 2992.554460
  46.531318 2992.506979
  47.488828 2992.251315
  51.005144 2988.018999
  47.334845 2990.174265
  42.935152 2991.092272
  24.275785 2990.226257
  52.152295 2989.802330
  49.132000 2993.836905
  36.657451 2985.071390
  46.511673 2996.111151
  65.151468 2994.258639
  61.102387 2989.129357
  54.015412 2993.102825
  66.409232 2992.125204
  70.567659 2991.150114
  54.868833 2989.264336
  65.224552 2996.975384
  56.693358 2994.966488
  43.635495 2990.449523
  66.709515 2978.070867
  59.261705 2991.487178
  65.350037 2994.793151
  34.701030 2993.958409
  89.016253 2994.138794
  43.060258 2997.330160
  40.217334 2991.623922
  51.020720 2986.469643
  38.583543 2993.126378
  76.691449 2997.201884
  82.820633 2989.215091
  55.107876 2996.195264
  65.237269 2992.116199
  51.373232 2990.727611
  27.558936 2990.206182
  38.580081 2992.691776
  36.006937 2992.070127
  59.481883 2990.537317
  46.480496 2993.584556
  68.981753 2996.378463
  30.161558 2991.363228
  48.638815 2989.483322
  71.967262 2994.491182
  64.546476 2992.108614
  80.703840 2994.282092
  62.477565 2989.989245
  59.074879 2991.319019
  68.475228 2994.507039
  46.605777 2997.919075
  78.991790 2993.935378
  73.800906 2980.727852
  65.553685 2998.372121
  56.075392 2992.601420
  55.317403 2990.002099
  48.097451 2998.083905
  54.767143 2985.213124
  50.766703 2985.793815
  65.188002 2989.850541
  71.745505 2991.493829
  54.256002 2993.372656
  49.961212 2990.681872
  31.617458 2988.502369
  29.715749 2990.149199
  62.671555 2993.674546
  69.678738 2992.172831
  69.845736 2991.466853
  80.794900 2995.286125
  59.936457 2991.091980
  43.656656 2989.056654
  41.969183 2994.311269
  38.955656 2992.584513
  65.232962 2992.948139
  64.989570 2989.443138
  63.208403 2986.892552
  71.559266 2993.561006
  79.028241 2994.202052
  60.506481 2991.262156
  45.741158 2981.132146
  48.926512 2989.099582
  65.009527 2989.708018
  57.083483 2991.094187
  68.322425 2993.099071
  55.922290 2986.869478
  26.601412 2988.177966
  56.664442 2992.949809
  57.532001 2992.384407
  80.533452 2992.643797
  66.028245 2990.747755
  56.193675 2991.277237
  50.768716 2992.110367
  72.427713 2996.675627
  84.338101 2988.014606
  55.711209 2985.056816
  81.799643 2989.563901
  50.370742 2993.959071
  47.302904 2992.560683
  51.219061 2999.412276
  57.185938 2993.589774
  82.425776 2990.545815
  55.701232 2995.937806
  62.137183 2995.825778
  41.710474 2991.287842
  67.193729 2995.745423
  82.619827 2991.835838
  26.525932 2991.848329
  46.941795 2992.453406
  56.827431 2992.525500
  71.417296 2991.840292
  75.492767 2991.771916
  95.637622 2986.221438
  72.569522 2995.099296
  62.187830 2992.658883
  57.228611 2993.687843
  28.496007 2992.012924
  37.597452 2991.579366
  72.210651 2991.381944
  83.326339 2995.728083
  49.723736 2995.090444
  42.910193 2982.666967
  64.534682 2993.852540
  34.560538 2990.042323
  61.720357 2995.632665
  65.938973 2999.859551
  77.903792 2998.426506
  40.821389 2998.494282
  47.824423 2985.073806
  25.809714 2996.892158
  45.567207 2996.057177
  51.172476 2998.078966
  57.494492 2993.327848
  70.485837 2992.156292
  74.098579 2995.628208
  57.178269 2998.779985
  73.977840 2989.022397
  50.785391 2995.869155
  69.669908 2994.720562
  58.688157 2993.515560
  63.118193 2994.581779
  80.347265 2993.907872
  64.568292 2994.825073
  43.988538 2993.957449
  95.534591 2997.052531
  42.630801 2995.092473
  53.500285 2994.968961
  59.846448 2995.811787
  33.096446 2991.339362
  35.964138 2985.181141
  57.052673 2992.861033
  71.820760 2987.158235
  44.779082 2988.570242
  48.845539 2992.329667
  54.385948 2990.277008
  77.276957 2995.456586
  46.540435 2991.594081
  76.052520 2992.702378
  66.419555 2990.401436
  42.304414 2994.683724
  26.062585 2990.338620
  55.988124 2992.282544
  50.850776 2996.459207
  40.515035 2988.540388
  59.515015 2993.781867
  44.508150 2991.903180
  35.091291 2997.482144
  36.461943 2995.745800
  43.038755 2992.884548
  43.711183 2988.852128
  62.576916 2989.080795
  47.283056 2987.648676
  52.410572 2994.421353
  52.033956 2988.709112
  67.001453 2996.689267
  59.675994 2994.166058
  54.573829 2994.138542
  36.475635 2987.359592
  71.465794 2991.527429
  57.018157 2987.524344
  67.561732 2991.805049
  48.083957 2994.600072
  46.265681 2980.759353
  53.602650 2989.826005
  61.036995 2992.231646
  67.974198 2989.308842
  59.722043 2992.675877
  59.602447 2991.763189
  77.306290 2995.565111
  39.647245 2995.878117
  76.299475 2987.070290
  62.471327 2993.741334
  56.962225 2989.058679
  63.144242 2997.192759
  38.488653 2994.852378
  24.759641 2984.658163
  77.508657 2990.771362
  56.607316 2992.110047
  40.189711 2990.466079
  32.834857 2982.644866
  87.228453 2991.868255
  50.953776 2990.835327
  71.683882 2986.987825
  64.906174 2994.210203
  66.702846 2996.106618
  58.025195 2997.026302
  59.956296 2989.815560
  35.186469 2989.835483
  41.602326 2993.999388
  42.670306 2992.006398
  28.606280 2994.051094
  95.658052 2986.339220
  41.192124 2991.959822
  51.819615 2992.535665
  54.662660 2990.995033
  51.940864 2995.520600
  67.186393 2989.866126
  45.859516 2991.715060
  56.886131 2993.096945
  72.722629 2991.419215
  55.299441 2992.611896
  55.473163 2997.850006
  39.590363 2996.914565
  57.259519 2996.777993
  47.896947 2993.177864
  52.047005 2994.558396
  58.103277 2991.535068
  41.583224 2997.374492
  65.570627 2994.107268
  46.429991 2990.939254
  69.270048 2991.236393
  73.699318 2990.543051
  64.089247 2989.359579
  43.803712 2992.503773
  33.960888 2979.187748
  43.722459 2990.739308
  54.799127 2981.597707
  51.101010 2995.102497
  34.934921 2993.693757
  48.849564 2987.880349
  60.488740 2988.175617
  49.803266 2994.200455
  50.893573 2988.389324
  48.201861 2993.109834
  32.590252 2983.996254
  43.714285 2992.613793
  46.097310 2994.798926
  47.503770 2993.956602
  70.398002 2991.035487
  44.543603 2990.679876
  58.116615 2989.284021
  42.341415 2993.468986
  56.472707 2994.010443
  62.611333 2983.335703
  71.408968 2991.082254
  92.063861 2990.248735
  89.553050 2992.472392
  45.359129 2997.919103
  71.663743 2985.582444
  39.962198 2989.346580
  60.011413 2987.558017
  72.111772 2990.225816
  51.736617 2989.992696
  59.712813 2987.444312
  48.352763 2991.503402
  48.388112 2991.377046
  35.736346 2991.283480
  32.575265 2985.175384
  61.266102 2992.634651
  58.555230 2987.076394
  39.239633 2991.498341
  51.802755 2993.587589
  47.605567 2993.980646
  29.585431 2985.097111
  64.482678 2990.010496
  62.428416 2995.945076
  78.016983 2994.340141
  63.457731 2994.232363
  68.969913 2992.431402
  88.694177 2990.479123
  45.840134 2991.253614
  70.752862 2995.574392
  33.930618 2992.722477
  38.078539 2989.646881
  64.548588 2992.210863
  43.006882 2997.333526
  47.594453 2990.669535
  55.076427 2993.602422
  32.806404 2990.586794
  44.932811 2993.581661
  44.248530 2984.036867
  88.082428 2995.101840
  51.421708 2992.700386
  51.512695 2986.840688
  63.167866 2983.312870
  30.115624 2992.154691
  44.153648 2989.004278
  32.210384 2994.155806
  51.370355 2993.111883
  43.703167 2991.284319
  31.323585 2992.941856
  50.880628 2987.854768
  54.956139 2995.035105
  65.055826 2993.568516
  70.319571 2992.205298
  47.241785 2989.430996
  75.762265 2995.305254
  51.736894 2991.248520
  72.820568 2993.544269
  77.834935 2996.318824
  72.593055 2989.111663
  57.935401 2987.988121
  38.909851 2991.686880
  53.753663 2994.360292
  50.500707 2993.508674
  54.995732 2991.092542
  69.135439 2990.908524
  77.265732 2993.452582
  59.562583 2993.320857
  54.135210 2997.102434
  53.850608 2992.314238
  70.295539 2992.360134
  89.032203 2994.403842
  59.123901 2989.689010
  81.447210 2997.175901
  74.743571 2992.885629
  53.674958 2994.226918
  62.302778 2989.467651
  38.406153 2990.901396
  34.048406 2989.791061
  62.343561 2985.950060
  50.124322 2989.390630
  46.686452 2987.427064
  54.588190 2992.519244
  60.381956 2992.146871
  53.807237 2978.111083
  64.118187 2989.303565
  60.802486 2996.733792
  44.958704 2993.597626
  58.893769 2994.905203
  54.539880 2993.385403
  62.680634 2991.203167
  76.943098 2993.815446
  51.286762 2995.205720
  74.306918 2994.375013
  72.580186 2992.733267
  53.183213 2992.223400
  30.047134 2989.676261
  28.740179 2988.488101
  59.359390 2982.200394
  55.608457 2989.362662
  75.622671 2993.143646
  61.094857 2993.221711
  67.600081 2993.079108
  71.759868 2992.616243
  49.958781 2994.656411
  58.800877 2991.046486
  57.772222 2995.385770
  28.537633 2995.396296
  39.257625 2994.669899
  53.948854 2988.106998
  65.459423 2994.541770
  43.633988 2987.305548
  42.231970 2987.806909
  63.714939 2992.032635
  77.229870 2997.155583
  55.991952 2990.369064
  49.627850 2994.771047
  51.155783 2995.238418
  61.604628 2990.955760
  48.404997 2991.641428
  50.846948 2988.283838
  59.687907 2988.739016
  55.625237 2990.865517
  41.429568 2988.279649
  64.692430 2993.229289
  51.510568 2993.004900
  34.428450 2996.532296
  31.826891 2987.730593
  34.223854 2985.121947
  80.559586 2995.674721
  48.320529 2991.367812
  41.662768 2989.409391
  63.132571 2985.042325
  69.024887 2989.776954
  59.972677 2994.364908
  57.317460 2990.980301
  65.096697 2990.807193
  57.270137 2987.657217
  53.644628 2990.112379
  55.447723 2992.590849
  60.528393 2992.256095
  58.125315 2996.632642
  37.569271 2992.394462
  35.976608 2996.286272
  41.816569 2995.179163
  63.907279 2992.644593
  38.230373 2992.386453
  48.609504 2994.564827
  36.505350 2994.365895
  36.192917 2994.789118
  45.161276 2992.604419
  49.432977 2983.528527
  45.818771 2994.716927
  58.780929 2993.378298
  64.648836 2991.306089
  41.311149 2985.387369
  48.085692 2987.032559
  49.323370 2986.117386
  91.002282 2994.573635
  99.114088 2993.745073
 116.804153 2988.728222
  30.409805 2992.787665
  45.420011 2993.825554
  63.351368 2990.958928
  53.658538 2991.573674
  65.285070 2993.291071
  28.982669 2990.645144
  40.493675 2995.042553
  44.297056 2986.713802
  71.561218 2993.563433
  67.064501 2992.744643
  70.742476 2994.682332
  61.242089 2985.005301
  43.590541 2992.823845
  70.148281 2995.771383
  84.184583 2989.207147
  55.498574 2988.140740
  80.173937 2992.582029
  54.751057 2992.581962
  76.023263 2992.622785
  46.612743 2995.477745
  42.210602 2994.264382
  50.361097 2989.902506
  40.447434 2989.799932
  76.022930 2994.631089
  56.194299 2998.754768
  45.178508 2992.427441
  49.664238 2986.729038
  53.098984 2990.195570
  73.263825 2992.045797
  65.374981 2995.752384
  45.377277 2983.377724
  40.046771 2987.288627
  60.542715 2988.186178
  49.798809 2988.770011
  47.365536 2987.416322
  34.929389 2986.694788
  39.204159 2993.827891
  48.570616 2995.280927
  49.643577 2990.841771
  55.650311 2989.327244
  30.702348 2983.395518
  51.249137 2988.656223
  31.830881 2991.436392
  75.004505 2988.754530
  70.570589 2991.850957
  57.581253 2993.796251
  56.510432 2992.237216
  64.883609 2992.045390
  45.792357 2998.139026
  45.107159 2988.995687
  49.786369 2992.401221
  61.590910 2992.591694
  62.329370 2993.248515
  43.536191 2992.123614
  57.652879 2992.103546
  65.395656 2997.299035
  49.760303 2992.756301
  71.928254 2994.356052
  55.632741 2984.594280
  69.078778 2992.253634
  47.783425 2992.739648
  59.863495 2990.302113
  60.986118 2985.225103
  71.771857 2984.718421
  53.855441 2994.242038
  68.517442 2981.879141
  58.198353 2992.638839
  75.175066 2996.291887
  56.060877 2993.766948
  59.853359 2996.134654
  63.881376 2989.935435
 107.405374 2993.387039
  56.129254 2987.664136
  70.249941 2994.656936
  63.759920 2987.873899
  36.269520 2985.622103
  59.725787 2991.080471
  51.860416 2990.501908
  57.158786 2990.653923
  52.641902 2990.188932
  40.487084 2989.588829
  72.548464 2987.688787
  61.379071 2990.369512
  37.735044 2992.087550
  45.303779 2985.037004
  51.154965 2987.217621
  43.050535 2994.061118
  68.317658 2989.114835
  76.248565 2991.708249
  78.248151 2995.632716
  40.314933 2993.310673
  54.381600 2993.162067
  52.625692 2996.783393
  41.890099 2990.708188
  72.987288 2995.683383
  74.987224 2992.173970
  76.786245 2991.978611
  48.313811 2979.296078
  40.199136 2996.582447
  92.763060 2987.001559
  72.514834 2995.469504
  62.005722 2993.461970
  57.023072 2994.776602
  61.114588 2994.065497
  49.467907 2994.884379
  26.029626 2989.489260
  55.034477 2988.624830
  52.463061 2995.273517
  99.748763 2996.678403
  57.496622 2992.777116
  74.948168 2994.974788
  56.703795 2996.793310
  58.610516 2982.035603
  47.689860 2993.086829
  30.743486 2993.739988
  44.578491 2990.445356
  53.625102 2981.652147
  51.477745 2998.787700
  49.709505 2994.421240
  65.873826 2990.127136
  65.077138 2996.493532
  62.906696 2994.135480
  72.894057 2993.156871
  54.417590 2995.771186
  74.323932 2993.353474
  48.023605 2995.364089
  75.566029 2991.939257
  59.767615 2991.730969
  37.324802 2992.983708
  77.689618 2995.639146
  60.505301 2989.951076
  53.956905 2984.685681
  45.396282 2996.383945
  39.207586 2987.059423
  75.429105 2992.332442
  33.621247 2994.689818
  49.913459 2995.962164
  20.561852 2993.282824
  60.952933 3000.299669
  64.579248 2993.557858
  62.336925 2995.463853
  70.961195 2996.296124
  49.820906 2991.062821
  41.318953 2989.456737
  68.357360 2995.804744
  36.178621 2989.490277
  29.375098 2986.930366
  33.977176 2994.900755
  53.899949 2987.505438
  31.931738 2989.552503
  95.501750 2990.865876
  37.386127 2990.052028
  31.214729 2990.463841
  64.843671 2990.883723
  65.440885 2991.754562
  69.589873 2987.792329
  66.475380 2994.860483
  56.511668 2987.970992
  53.650349 2990.796328
  74.282035 2990.518011
  70.331920 2990.779116
  50.194371 2991.412468
  66.154885 2994.704307
  75.507274 2992.465668
  42.453423 2998.271294
  78.571598 2990.421770
  60.125820 2985.308649
  59.239631 2997.230488
  52.216883 2987.823586
  48.388376 2993.599457
  70.863503 2988.837386
  40.082184 2991.868555
  66.513877 2989.058295
  65.792762 2996.572084
  58.735092 2998.759514
  54.744963 2989.391222
  69.405228 2995.958078
  34.174696 2989.572736
  36.623088 2990.275824
  27.345866 2994.883494
  29.794595 2987.947997
  35.876012 2995.602391
  70.629303 2992.923665
  61.368646 2991.820927
  48.796730 2991.546443
  56.355746 2995.439311
  54.056556 2996.586905
  50.240391 2993.317505
  71.560235 2987.797088
  93.887171 2995.171591
  59.414904 2993.392926
  43.728843 2998.920341
  36.697351 2994.441475
  38.834536 2998.779858
  52.469879 2992.520021
  72.108290 2996.845020
  69.680225 2994.080774
  46.711245 2992.907209
  71.606349 2998.534171
  65.143523 2993.629002
  51.980871 2992.056355
  68.902276 2988.120670
  46.562607 2995.301885
  38.878189 2993.389900
  48.775997 2990.467337
  55.625561 2988.817886
  33.214249 2985.817550
  44.579361 2992.452413
  82.406643 2994.202273
  54.310952 2991.112868
  25.140202 2992.215665
  56.708439 2992.324090
  61.563907 2992.852653
  60.165892 2993.511037
  43.782014 2993.004732
  43.297774 2994.805239
  82.342436 2991.885577
  58.524763 2985.737499
  90.396272 2993.414849
  78.844064 2984.399963
  39.856944 2992.976761
  41.309970 2990.077854
  47.544610 2988.822763
  59.249352 2991.714624
  73.263680 2990.251313
  46.930043 2989.983169
  72.392288 2995.381101
  46.532893 2994.338533
  40.326857 2994.098929
  64.800637 2984.422447
  49.204879 2991.625394
  57.289524 2998.171708
  65.409782 2992.004824
  92.897593 2996.846187
  53.646624 2998.304075
  55.182147 2993.368999
  54.549135 2996.448374
  78.280621 2991.515757
  49.519615 2997.873237
  58.507016 2994.521658
  56.525255 2988.909173
  79.491184 2996.790341
  58.738328 2986.896433
  73.416631 2991.274410
  44.332251 2997.099174
  62.647399 2995.299949
  53.651085 2992.537975
  53.591397 2987.410535
  48.050405 2997.390966
  32.204969 2988.323368
  36.056186 2993.012557
  27.390576 2988.833688
  19.666357 2986.317582
  44.646197 2986.668238
  26.669656 2992.119143
  48.381107 2996.890304
  40.027222 2993.104655
  75.720896 2996.271248
  55.916909 2988.593944
  77.882122 2996.246816
  71.183577 2996.759776
  45.784081 2988.326717
  29.563782 2989.554659
  57.017920 2996.154620
  67.294499 2988.623587
  48.671650 2995.199419
  54.381382 2995.287427
  59.967189 2994.264512
  73.934629 2987.970146
  43.765780 2990.852468
  52.005725 2994.519548
  36.403599 2994.939788
  44.814264 2990.183790
  53.269563 2992.762087
  55.066854 2994.118809
  43.569597 2988.922928
  84.916454 2996.026567
  59.006299 2996.582296
  95.616003 2996.056191
  52.247587 2992.623746
  58.468866 2991.129217
  57.194967 2992.406816
  62.236449 2990.024809
  76.170895 2980.510821
  42.407999 2993.930267
  43.506286 2994.050417
  71.530262 2991.822264
  65.720421 2992.433153
  65.430658 2991.170641
  58.056016 2992.376533
  32.120409 2989.771928
  36.565039 2991.110966
  36.492563 2989.121101
  56.166073 2991.519735
  55.282160 2992.319782
  50.989015 2987.282091
  62.498341 2996.268939
  45.399417 2991.516944
  51.145136 2992.263676
  43.036793 2994.684144
  68.523745 2996.889051
  78.691089 3000.178369
  57.350067 2996.186438
  43.693180 2995.120042
  75.784804 2991.547130
  31.994182 2990.361072
  43.806213 2987.530034
  47.558505 2992.956537
  70.743996 2994.359137
  77.017685 2996.755069
  32.968947 2993.837399
  53.558105 2995.283076
  52.363159 2990.273199
  43.178661 2991.928559
  47.206753 2988.348600
  42.575623 2992.630735
  71.411555 2988.694087
  54.302135 2994.302830
  38.184413 2991.832452
  57.830892 2992.289791
  80.476966 2997.210128
  44.959840 2989.040968
  50.922411 2992.759834
  38.473146 2983.759464
  36.827333 2990.789112
  62.513311 2995.024894
  46.846940 2992.906420
  55.087957 2990.273248
  28.593696 2987.588242
  52.842945 2986.241229
  46.553886 2990.861348
  42.947312 2986.950443
  70.196003 2984.435040
  69.644534 2993.832871
  63.303134 2992.063961
  60.286889 2993.190249
  51.585432 2984.583863
  58.515879 2986.418427
  49.608735 2988.955182
  54.813147 2991.813765
  77.960261 2989.868898
  68.290072 2992.081094
  43.050311 2993.551873
  41.696086 2985.385959
  36.943028 2991.871571
  56.055110 2987.104152
  65.090541 2989.859234
  22.647928 2987.447623
  67.663350 2989.058171
  79.543910 2982.679701
  58.961087 2989.374845
  45.146960 2990.169581
  90.518169 2989.028075
  80.393046 2991.126767
  69.615718 2997.120208
  60.611231 2987.900516
  31.868702 2988.990263
  48.451521 2991.596134
  52.277735 2978.338216
  51.175360 2991.234824
  56.864543 2989.875568
  48.747413 2991.205001
  54.732824 2995.682727
  50.248597 2984.856494
  71.382859 2987.325401
  45.621176 2999.938277
  29.597246 2993.291178
  38.578867 2992.784327
  40.095651 2985.939272
  29.216917 2979.651314
  62.404588 2985.999534
  41.192262 2996.591222
  42.381826 2984.993230
  49.915391 2992.403038
  30.111060 2993.569005
  47.102412 2985.982976
  60.401747 2991.195140
  45.699615 2991.531734
  30.603954 2994.473511
  56.764309 2986.821227
  41.784896 2994.771480
  45.085697 2988.016415
  68.296950 2993.551057
  34.441735 2987.738503
  63.928180 2998.576876
  45.288325 2992.040170
  54.685774 2985.687667
  43.601841 2994.931393
  32.757312 2993.918637
  54.711638 2992.112891
  57.741184 2992.415987
  53.412944 2993.545307
  32.083720 2992.135075
  50.746085 2996.481615
  32.708695 2993.649241
  82.264446 2991.681906
  69.024943 2991.536245
  56.620069 2990.936919
  53.010111 2994.285182
  60.751620 2994.590220
  52.172763 2991.990367
  64.366890 2992.267160
  46.298656 2991.785473
  62.133259 2992.922811
  67.629574 2990.127016
  38.430752 2993.133922
  67.841530 2990.667446
  28.047607 2993.710227
  57.761113 2989.587481
  29.943200 2987.773720
  39.051130 2984.666145
  35.975824 2987.984445
  69.888955 2993.333370
  63.498059 2994.866548
  42.485458 2987.446689
  38.243395 2994.105785
  37.839550 2988.024958
  59.764724 2993.687557
  75.706469 2993.540960
  32.232104 2987.789010
  67.652894 2992.881555
  58.833482 2985.081545
  40.302646 2991.859032
  55.514422 2999.137364
  58.163329 2993.409069
  59.899694 2992.727083
 119.513534 2991.148056
  77.635227 2995.379174
  44.080967 2986.108306
  46.487174 2989.561760
  34.051721 2994.142223
  54.088131 2993.764316
  70.429833 2996.649519
  38.079111 2991.807081
  58.293907 2993.369920
  29.214851 2985.829582
  32.644422 2988.610774
  43.592235 2989.025761
  53.129172 2994.447680
  58.202079 2987.494426
  50.044914 2984.117250
  45.587293 2991.495223
  63.225318 2991.997982
  62.401522 2989.798003
  70.702857 2990.307150
  60.809465 2991.436567
  52.534217 2992.113828
  48.133851 2993.264711
  51.934893 2991.404824
  38.392420 2990.514787
  45.255164 2991.346696
  56.635990 2988.419633
  45.736486 2990.562461
  60.329710 2994.699299
  57.085234 2991.093874
  70.453522 2989.754616
  77.050648 2987.101358
  53.758547 2984.203472
  67.660864 2992.506897
  60.102127 2992.205408
  55.278914 2989.652511
  61.956135 2992.828884
  60.256241 2994.892341
  72.567559 2991.233603
  56.324509 2984.372340
  50.312026 2988.271506
  66.829151 2989.823722
  72.498220 2990.916614
  71.384638 2993.222431
  65.093750 2993.096923
  65.398636 2990.926652
  64.950533 2990.840188
  58.604445 2990.859793
  68.212070 2989.881477
  66.696452 2987.748421
  99.561676 2987.653777
  75.545768 2992.641191
  77.090501 2994.595546
  56.191233 2989.066660
  38.371268 2993.971607
  49.011211 2991.500778
  49.005477 2994.007292
  50.738954 2986.012788
  56.455238 2990.424958
  69.672445 2990.816512
  80.396093 2995.782130
  69.585826 2991.517490
  68.859149 2991.097336
  58.572945 2985.541406
  51.125363 2992.901552
  59.245247 2995.774742
  46.143723 2993.095036
  37.193767 2994.297790
  55.741565 2994.851271
  55.555080 2994.993723
  47.139612 2988.388737
  74.507920 2995.365301
  72.759373 2997.187880
  44.461240 2991.594582
  60.313546 2993.455437
  48.279811 2994.490095
  69.264965 2993.781365
  67.124913 2997.121680
  93.417300 2993.134164
  55.361485 2993.461341
  52.796453 2995.399050
  40.383501 2992.415747
  28.665054 2989.199013
  45.260597 2990.149846
  71.561439 2995.958149
  37.818189 2989.844426
  66.605227 2992.044487
  82.211350 2989.741388
  31.009622 2990.065016
  47.446162 2996.294402
  54.393124 2994.054831
  58.521923 2988.323694
  64.025723 2994.617206
  65.921882 2995.002395
  49.065296 2991.958975
  82.939736 2985.162650
  70.481125 2991.892155
  60.739408 2990.491373
  37.632580 2988.224188
  48.385534 2987.503122
  37.924724 2992.404990
  40.910814 2994.287816
  68.854942 2993.080864
  47.095211 2994.226607
  41.447844 2995.872174
  66.789009 2991.493819
  59.870411 2989.749991
  46.581508 2991.432840
  36.040199 2991.479743
  64.027128 2992.106461
  33.526532 2993.800521
  54.902972 2992.606651
  52.499339 2993.753265
  42.177798 2990.462603
  62.595213 2989.364904
  67.854380 2994.984289
  73.302152 2994.915419
  56.624308 2991.039696
  29.645768 2988.488989
  61.855884 2990.487209
  57.314844 2989.829683
  49.224652 2991.645974
  43.000886 2993.101986
  52.158317 2991.983216
  67.289496 2990.702731
  70.088833 2992.656891
  51.107388 2989.520220
  43.522985 2988.719041
  56.990330 2989.884147
  58.067127 2992.675692
  64.772716 2997.070212
  47.790271 2990.265784
  49.924406 2994.109609
  55.178983 2988.614685
  73.026336 2993.750056
  38.450207 2997.693535
  56.808330 2995.395224
  35.858284 2986.251828
  44.473541 2995.560507
  40.483299 2988.541439
  52.800479 2994.622479
  59.746845 2982.122191
  49.647461 2995.761652
  61.002794 2989.838448
  54.691031 2995.699699
  53.887214 2982.218735
  60.371955 2993.022589
  47.932379 2984.005013
  56.826005 2992.170202
  46.871265 2987.635145
  41.339223 2984.723776
  46.549940 2990.664981
  48.009235 2993.008457
  35.301599 2987.430148
  47.559475 2984.083568
  46.360740 2986.525465
  46.316395 2991.977229
  54.667980 2990.723072
  76.122685 2987.269614
  41.881070 2988.295578
  47.932615 2994.456335
  64.996855 2995.134741
  52.894797 2990.708545
  58.995685 2992.243146
  47.728995 2991.360828
  76.605300 2993.674161
  60.790721 2993.222084
  69.316365 2991.251502
  49.689202 2996.704484
  71.520815 2992.955514
  40.115023 2989.400026
  47.966644 2994.443311
  50.269320 2984.457129
  56.740792 2998.047689
  55.248596 2993.864660
  47.520467 2995.214766
  72.466963 2995.728502
  60.417222 2989.044275
  42.757299 2993.469518
  51.818159 2997.534736
  41.434179 2993.199396
  52.561130 2996.194862
  55.752118 2995.132631
  53.483442 2992.999245
  23.298352 2995.044231
  26.045826 2987.226986
  26.810334 2994.364419
  46.433397 2993.427996
  69.427240 2984.881744
  60.857167 2982.667924
  51.203506 2985.451527
  48.543072 2996.185282
  44.492751 2991.208687
  60.514731 2988.094396
  73.274933 2990.355920
  66.651813 2992.867886
  49.756776 2995.460556
  47.700083 2993.764179
  68.188465 2995.254990
  64.849873 2983.622079
  57.192910 2993.003453
  69.419742 2992.076610
  47.643060 2986.376107
  48.492957 2989.909871
  50.063141 2995.531226
  49.928282 2995.137100
  50.652319 2985.419124
  48.832179 2990.450697
  38.091511 2987.610980
  61.556261 2989.984604
  40.338346 2994.525006
  54.142264 2991.782243
  52.480718 2992.509542
  66.154709 2988.935286
  65.102371 2996.797163
  82.554318 2992.132383
  59.611539 2992.726118
  42.493976 2994.564108
  39.005191 2992.923828
  61.117496 2985.473297
  69.635826 2991.931024
  34.306987 2994.255431
  76.049478 2993.905739
  65.136706 2995.275965
  58.757124 2991.459884
  73.490418 2993.540769
  78.447373 2991.390313
  66.187438 2993.782992
  57.081195 2988.999981
  43.331682 2991.324945
  55.024740 2991.817219
  47.591858 2983.235355
  50.501413 2984.044303
  54.712246 2992.608380
  42.236397 2994.617149
  71.691935 2993.928159
  51.560746 2996.842150
  51.695514 2992.808116
  38.925306 2995.383999
  56.476688 2995.158570
  58.961933 2997.916533
  46.578093 2996.468509
  64.419469 2990.501448
  83.717469 2992.310601
  93.612417 2988.868184
  42.393411 2994.426740
  48.441306 2987.107664
  45.560629 2992.831624
  43.845864 2998.219409
  41.993777 2989.370470
  45.526750 2992.563647
  42.789396 2986.201310
  49.366725 2990.830788
  70.967157 2990.949755
  42.398602 2993.598512
  48.055364 2990.509889
  40.243862 2983.907241
  46.331723 2990.630167
  41.450278 2975.124565
  51.869269 2990.361991
  70.325720 2984.784998
  55.251772 2989.768159
  41.329762 2991.130398
  34.540290 2989.438520
  36.457771 2993.535821
  47.863917 2994.499280
  54.545377 2987.859658
  59.548841 2993.840152
  30.005825 2989.700698
  47.117384 2991.026706
  73.197877 2993.431539
  51.292847 2987.607050
  52.680388 2987.859098
  31.564054 2994.367443
  59.778952 2994.291262
  27.813583 2983.485490
  32.008182 2994.939644
  36.517768 2994.253731
  41.743939 2991.637419
  75.194310 2993.713460
  53.898507 2992.768861
  50.253412 2990.389502
  65.454968 2992.603547
  46.772639 2986.603911
  55.537947 2990.517589
  68.740564 2989.973008
  77.281802 2994.499859
  84.523117 2995.572443
  47.874502 2992.465167
  49.519508 2996.667831
  50.933308 2993.118111
  65.141033 2988.830285
  52.317200 2994.222791
  53.901584 2987.918341
  60.722235 2995.169838
  31.020030 2991.787814
  79.002273 2991.312715
  44.061915 2998.166150
  50.136289 2992.940163
  62.464930 2992.451520
  54.881870 2992.419369
  67.561832 2988.765144
  46.145372 2995.188132
  95.141131 2991.593449
  70.674967 2993.094657
  28.075268 2985.915569
  48.843863 2994.324078
  70.522592 2988.291849
  61.410817 2990.386987
  48.418743 2998.059129
  44.175822 2992.507085
  53.830705 2987.653846
  37.710360 2993.895266
  49.308551 2987.847341
  70.887894 2994.760009
  57.379482 2992.513517
  41.280073 2992.135970
  50.420371 2989.637224
  75.815850 2998.275540
  64.394581 2993.356700
  43.737283 2991.547371
  54.937924 2986.849233
  50.534266 2987.786486
  44.874251 2991.357397
  73.540021 2988.167036
  77.764321 2991.107875
  38.727605 2996.637615
  63.162201 2989.215788
  62.249534 2992.023748
  61.537022 2994.593689
  60.951217 2996.764159
  50.049711 2990.284441
  64.727647 2990.486918
  45.463771 2992.686592
  58.410445 2992.465263
  39.873433 2992.913692
  58.646478 2995.797698
  56.244801 2993.400270
  65.451869 2989.202566
  66.269842 2989.554889
  50.080519 2991.775223
  57.341148 2985.634009
  50.842905 2993.590666
  57.741854 2993.345601
  33.034443 2987.519880
  44.002538 2995.892000
  65.686230 2993.630793
  44.038159 2989.346627
  62.969279 2993.020229
  57.150134 2984.286367
  94.959462 2992.340027
  78.383048 2996.302857
  61.657146 2989.953423
  63.264781 2991.620562
  54.854513 2988.674394
  61.487657 2992.818482
  50.804994 2992.750168
  58.608714 2987.545993
  45.478715 2986.825777
  40.854771 2991.567920
  72.718259 2993.809859
  55.141412 2996.050659
  74.054074 2991.460930
  51.702171 2993.301070
  57.123617 2998.137540
  39.986343 2990.330312
  61.516417 2997.329677
  55.800824 2986.991542
  48.711164 2995.520017
  39.164071 2992.719373
  63.426003 2995.402042
  64.348918 2994.849210
  52.890561 2990.079294
  56.175395 2993.177809
  48.474592 2989.865677
  40.614411 2990.393267
  38.866771 2981.731372
  44.627854 2989.551399
  70.964407 2996.194664
  52.664963 2985.510824
  79.724835 2990.031699
  67.683386 2988.840741
  57.523007 2994.419353
  70.741788 2986.036047
  45.926253 2992.316646
  63.727901 2988.770377
  43.397455 2994.925790
  61.787995 2991.351572
  43.539387 2991.724425
  63.505690 2989.745525
  80.255062 2992.021429
  64.589460 2995.388670
  62.894275 2990.178796
  61.729826 2992.752947
  67.356519 2993.304105
  50.985958 2994.134755
  72.451550 2989.170417
  46.287255 2993.684203
  51.722106 2998.168920
  37.193645 2990.185880
  59.961693 2997.580183
  67.897862 2997.758488
  50.053163 2994.318307
  66.990832 2989.980426
  73.823535 2988.099160
  84.084769 2992.320104
  56.441192 2987.838591
  47.282972 2982.004203
  62.561309 2995.683140
  74.652388 2990.471782
  42.165452 2981.452342
  65.436931 2994.955043
  85.156163 2990.723642
  58.218271 2991.059234
  46.572300 2990.972840
  53.909399 2990.254798
  49.226216 2994.280491
  61.763941 2988.520749
  49.857559 2994.769065
  57.120167 2991.636804
  46.674817 2991.018572
  69.398424 2990.923809
  50.443440 2991.993964
  36.193338 2993.193635
  63.353770 2995.393255
  65.017120 2993.504125
  72.469331 2993.438793
  52.974764 2987.471223
  33.277203 2994.172046
  92.818923 2990.126488
  57.532656 2985.296571
  56.733146 2993.733696
  55.149656 2991.699371
  69.731651 2989.402518
  52.050372 2989.910990
  63.021656 2992.940021
  74.299500 2988.357401
  39.763891 2992.507536
  63.556335 2991.728859
  73.208945 2987.364016
  52.855080 2992.228342
  54.198007 2984.293553
  58.581765 2991.002142
  48.452326 2999.636874
  35.549403 2990.440237
  40.594386 2993.611356
  49.590604 2994.111408
  29.929877 2993.265399
  36.661465 2994.159621
  67.900958 2994.993705
  67.845681 2989.450247
  66.431581 2985.137046
  44.936760 2989.167144
  55.345463 2993.183530
  81.996407 2994.441272
  91.992737 2990.622599
  52.787286 2988.722598
  49.251910 2991.482247
  59.611361 2989.215576
  32.811334 2994.824311
  47.997713 2992.643005
  43.557804 2982.942432
  47.225022 2991.767766
  67.157050 2993.760983
  72.900059 2994.407799
  66.408444 2993.285789
  43.183517 2995.113996
  60.203932 2990.494404
  36.479712 2992.698720
  52.604734 2995.116766
  31.858647 2992.840118
  71.941562 2995.476423
  50.010350 2991.363654
  74.910345 2992.949921
  40.149779 2993.884171
  73.013401 2985.564193
  47.855469 2992.129523
  46.342723 2994.727586
  40.540635 2987.776126
  33.718081 2995.147800
  95.976499 2992.943376
  48.346456 2995.432987
  53.609555 2985.286808
  55.742881 2987.557566
  55.932271 2985.489582
  61.684423 2995.189037
  45.911469 2986.345741
  69.925108 2995.095409
  75.155042 2991.532850
  63.789427 2994.184530
  71.909495 2993.389433
  43.196891 2994.783868
  54.896471 2990.759832
  52.273940 2993.447094
  50.706335 2995.558062
  75.338667 2988.045074
  85.531593 2996.193786
  45.679061 2989.545797
  57.327791 2992.641130
  54.914455 2990.796189
  63.390630 2995.429680
  51.321314 2985.463266
  64.655258 2985.695698
  50.982316 2991.466375
  37.890142 2984.368390
  41.379343 2986.540166
  60.714341 2990.217272
  46.456179 2988.628643
  34.457307 2991.265253
  30.644681 2989.488715
  25.981077 2988.004549
  44.007708 2987.662398
  38.025104 2990.211978
  47.271332 2991.270477
  49.154380 2990.133301
  59.582155 2989.422627
  71.262531 2982.769037
  83.152153 2985.405698
  43.618653 2988.731964
  62.100294 2988.900842
  77.316670 2994.932752
  60.549988 2992.693689
  49.668075 2996.013694
  69.745488 2989.140878
  48.831730 2984.515701
  35.625803 2988.996436
  35.694701 2985.851231
  55.666376 2993.734030
  52.683251 2991.005849
  51.170985 2991.326543
  43.028097 2984.981712
  48.629280 2989.261655
  92.392163 2996.175290
  46.719959 2990.175973
  70.178828 2989.829690
  64.605641 2991.230296
  43.421191 2996.534685
  45.892116 2989.547402
  52.517395 2991.915237
  40.972685 2995.221293
  44.931975 2988.353213
  66.307958 2992.729663
  48.805134 2987.609369
  54.475515 2985.601946
  59.936122 2987.213055
  51.744625 2992.682819
  45.466017 2992.971560
  54.085257 2988.298257
  74.921428 2991.117244
  64.557941 2994.942417
  46.033385 2997.057527
  53.612558 2991.680130
  50.443317 2997.288681
  58.405732 2995.638888
  24.232749 2989.595336
  61.764649 2989.615635
  38.592304 2989.626090
  34.244673 2988.372050
  56.886002 2991.323064
  78.141046 2992.549030
  62.375211 2987.470997
  57.854034 2984.585090
  54.601996 2994.272556
  57.894408 2993.931922
  29.656586 2991.883669
  58.270625 2987.888668
  56.937290 2998.001487
  81.525002 2991.341196
  40.840699 2993.800645
  54.264090 2990.573291
  54.376820 2990.621580
  63.562372 2989.649576
  38.863433 2989.043606
  54.340039 2997.778798
  61.929936 2991.150669
  40.918639 2992.312955
  38.805080 2999.518157
  42.939977 2992.515135
  24.667421 2991.157761
  42.861872 2991.707968
  52.443866 2990.402600
  39.258175 2987.056187
  44.812909 2988.799272
  75.618685 2991.586762
  74.953351 2993.392261
  33.944866 2997.629671
  34.991438 2990.105422
  44.896373 2988.576490
  44.642617 2993.201344
  55.886540 2987.648444
  53.833685 2994.298321
  44.263825 2989.663305
  35.197483 2989.355787
  39.713113 2992.501694
  29.181271 2994.706634
  41.708805 2993.129453
  56.944112 2991.849485
  60.727122 2996.921443
  70.567215 2994.972536
  43.684657 2990.513163
  60.506651 2994.700198
  50.354941 2984.267161
  65.436559 2990.135747
  61.855413 2992.719751
  63.214717 2987.726034
  54.125965 2987.593323
