-218373325.439079
-218374258.520280
-218874413.345079
-218369245.123910
-218373325.367979
-218376230.583704
-218539378.841161
-218539372.792717
-219073064.726065
-218856833.439359
-218847876.466777
-219942639.254603
-218907566.429697
-218847944.430891
-218367672.437220
-219825598.826621
-218371362.156004
-218380227.470225
-220491702.419905
-218369599.188661
-218374253.107930
-218539374.725184
-218369604.517027
-219304665.351187
-218844897.407166
-218811791.026353
-218539378.865795
-218376331.100782
-219903439.660057
-218374259.219795
-218539376.644630
-218539379.567223
-219849754.475980
-218853976.383272
-218378304.461903
-218374250.389408
-218369601.511385
-218844388.588025
-220026682.475236
-218539382.933409
-218539387.753934
-219304225.357049
-218380254.463412
-218539373.979388
-218868453.495574
-218847879.732765
-218879963.919987
-219288808.779017
-218539378.324785
-219048633.377710
-218371747.360170
-218377959.214645
-218380229.440165
-219343023.503622
-218907060.719048
-218369255.555128
-218539382.468350
-218369248.035525
-219850104.467914
-218377954.440564
-218539374.151502
-218539373.414374
-218881168.941185
-218539381.958845
-218539379.369701
-218867350.371380
-219493611.993484
-218376236.222553
-218539379.906862
-218874448.872663
-218371375.147472
-218866390.833459
-218539374.032698
-218539380.143109
-218539386.596942
-218844953.847827
-218539379.555812
-218539377.316742
-218369600.692181
-218371360.491387
-219867750.266992
-218920498.446326
-219536320.143303
-218539377.637563
-218539382.285378
-218539391.003737
-219312105.519834
-218896531.298783
-218843276.160581
-218882142.071004
-218847891.548119
-218371384.764947
-218906209.283534
-219060560.057407
-218900231.643545
-218881170.506871
-218924059.905916
-219716551.115678
-218539383.794717
-218369251.453411
