-215951631.534543
-216093957.722739
-216003003.595680
-216030870.147428
-215484762.178696
-216009897.395701
-215896844.120769
-215985436.726460
-216183407.584396
-216010967.472999
-215485128.608253
-215821000.452298
-216472690.779309
-215794495.040646
-215483128.951183
-216616560.000211
-215824048.094381
-215813774.838032
-215835685.315838
-215931706.924471
-215886371.099685
-216143367.550013
-215965746.465836
-216368526.986741
-215474486.899550
-216419854.105166
-215815755.225164
-216571087.405451
-215838647.548778
-215481065.632827
-215849103.501650
-216008286.961173
-215963749.716257
-215485127.495958
-215799626.764981
-215819556.339669
-215861868.578220
-215994503.691742
-216388584.463196
-216042504.106148
-215487036.216760
-215859137.911162
-215932454.314640
-215785403.876793
-215996339.381237
-215797420.773810
-216508015.151461
-215916307.785259
-215474477.103644
-215803361.384444
-215783759.307087
-215704071.702560
-215793876.472946
-216034503.606384
-215984974.118866
-215478178.928794
-215802035.323662
-215485121.385418
-215478170.148393
-215810465.725427
-215487036.489148
-215891226.841903
-215478548.376586
-215839580.964251
-216381305.745125
-215480133.646664
-215982203.296101
-215808381.117358
-215786462.657136
-215480921.326696
-215938142.389806
-215478169.537746
-216374428.887900
-215884398.119006
-216379778.198911
-215478160.543798
-215785772.079561
-215481065.465648
-215476070.253606
-215886956.304939
-216072216.593594
-215851281.314720
-216277682.640999
-215812124.647726
-215913135.234739
-215711166.399551
-215478556.593653
-215842780.345591
-216375429.770429
-215876235.532145
-216161036.983404
-216102756.135262
-216000406.117965
-215478173.391518
-215487035.161245
-215815735.928031
-216074700.289037
-216044148.226618
-216333403.807463
-215997144.182545
