-213912021.099709
-213314384.690017
-213509762.545159
-213498611.682605
-212954777.785581
-213089363.063357
-212794873.032816
-214112578.231029
-213325230.875607
-212873037.595183
-213330168.061610
-213595342.096794
-213332817.166906
-213580985.824241
-213329918.236172
-213609128.173272
-212900846.290897
-213791168.448588
-213645444.222432
-213393015.755270
-213471025.236538
-212932853.256202
-213364027.204681
-212900113.782778
-212910939.028756
-213319721.644111
-212968880.051469
-213132809.541358
-213411010.449071
-212943080.089298
-213295235.771023
-213526356.660189
-213671646.656851
-212929284.599608
-212958172.029268
-212920026.478665
-213376417.396610
-212915808.858650
-212944992.350253
-213643026.687301
-212997337.126525
-213382030.427372
-213520599.228173
-213753522.426375
-212974315.124173
-212923435.480201
-213345645.397089
-213273382.470155
-212890840.332889
-214160382.540926
-213856714.338644
-212813938.555568
-213255795.392876
-213346812.918217
-213425476.116749
-213324540.829414
-213059425.423914
-213200733.276745
-213260739.732874
-214131233.207483
-212955914.763433
-212925904.349135
-213040855.844177
-213531541.328959
-213204720.687685
-213624789.234016
-213217760.576552
-213895033.849010
-213212772.041212
-212952681.096015
-213128971.678598
-213187701.007929
-213482952.168450
-213346250.469671
-213224657.931801
-213466564.928963
-213831005.996204
-213098447.039171
-213369514.812984
-213326988.364107
-212792952.242530
-213324875.789471
-213526586.200246
-212936685.315718
-213534931.594079
-212886452.243113
-212970727.597065
-212928552.093379
-213105578.402111
-213589196.563651
-213926722.548086
-212923129.094949
-212985270.163280
-212909767.861533
-213019435.186114
-212813145.082369
-212912514.156055
-213726964.887680
-213023477.509132
-213013170.258847
