NA	-0.013201	0.011399	-0.008843	-0.000978	0.010576	-0.017449	0.039836	-0.003911	-0.002371	-0.013003	0.002014	0.001389	-0.000567	-0.006743	-0.002585	0.000548	0.002276	0.002696	0.004740	-0.001859	0.002100	0.002534	0.003279	-0.002396	-0.001711	-0.001718	-0.002634	0.002962	0.001496	-0.000263	-0.002399	0.003703	0.004357	-0.001924	0.003732	-0.004674	0.001222	-0.004023	-0.000149	0.000470	-0.000768	-0.000569	0.000702	-0.003428	-0.000029	-0.000192	0.005033	-0.003937	0.000312	0.000355	-0.002764	0.005355	-0.002774	-0.002266	0.003061	-0.008125	
-0.013201	NA	-0.006066	-0.012323	-0.000990	-0.002824	-0.015842	-0.001878	-0.013890	-0.004078	0.093486	-0.020373	-0.000701	-0.006949	0.001145	0.001227	-0.005054	0.000608	0.005513	0.001178	-0.000768	-0.001051	0.001182	0.000423	-0.000587	0.001972	0.002133	-0.001584	0.001697	0.002565	0.001461	-0.002821	0.003493	-0.002591	0.007674	0.000732	0.000433	0.000095	-0.006362	-0.006600	-0.002404	-0.000686	0.001309	0.002691	0.002620	-0.004232	-0.001571	0.003992	-0.003714	0.005539	-0.000974	-0.005523	0.003217	-0.000853	-0.000091	-0.002357	-0.000880	
0.011399	-0.006066	NA	-0.004814	-0.010642	0.010058	-0.020996	0.004091	0.019976	0.011032	-0.001068	-0.000979	-0.002727	0.006898	-0.004753	-0.005161	-0.001656	0.001870	0.002035	0.002262	0.001449	0.002715	-0.000383	0.002973	0.000045	0.000666	-0.002379	-0.001786	0.001721	-0.000739	-0.002300	-0.002571	0.003347	0.000729	-0.002529	0.002728	-0.001710	-0.000005	-0.003445	0.005050	-0.000681	0.001070	0.003280	-0.002794	0.000622	0.001310	0.002716	0.001474	-0.008341	0.003819	-0.002042	-0.001385	-0.004040	-0.000787	0.003782	-0.000214	-0.003496	
-0.008843	-0.012323	-0.004814	NA	-0.000514	0.013651	0.021902	-0.001559	0.003574	0.011253	-0.021995	0.007326	-0.006954	0.004679	0.001109	-0.002602	0.006997	0.000906	0.002947	-0.000455	0.003013	-0.001466	-0.000779	0.002279	-0.000267	-0.002668	-0.004582	0.000018	-0.004844	0.005476	0.000550	-0.004871	0.003463	0.004034	-0.006361	0.002012	0.001619	0.001863	-0.006164	-0.001527	0.000041	-0.003814	-0.003668	0.007164	0.004766	-0.007050	-0.000731	-0.004043	-0.000192	0.004941	0.003036	0.001324	0.002337	-0.000245	-0.007241	-0.000844	-0.002706	
-0.000978	-0.000990	-0.010642	-0.000514	NA	-0.010060	0.024704	-0.013270	0.001935	0.004932	-0.019898	0.018168	0.000169	0.000988	0.002022	-0.001032	0.000437	-0.000364	0.000454	0.000239	0.002800	0.002249	-0.000901	-0.000452	0.001949	-0.004889	-0.001627	-0.003530	0.000160	0.004426	0.000963	0.001007	0.002931	0.004647	-0.002492	0.001288	0.003782	0.001158	-0.005768	-0.007902	-0.001451	-0.003103	0.004503	0.001150	0.000858	-0.001201	0.001660	-0.006864	-0.002559	-0.000479	0.008081	-0.001833	-0.000661	0.001917	-0.002526	-0.009603	-0.001107	
0.010576	-0.002824	0.010058	0.013651	-0.010060	NA	0.022962	-0.026404	0.001714	-0.000726	-0.007649	-0.012677	-0.004040	-0.007566	-0.000684	0.001225	-0.000664	0.002591	0.001480	0.001556	0.005545	0.003504	0.008028	0.002910	-0.006021	-0.005826	-0.004260	-0.007299	0.001381	0.000234	-0.001041	-0.003558	0.002209	-0.000091	-0.003474	0.001470	0.007632	0.003432	-0.000299	-0.001268	-0.002690	-0.005701	-0.002195	0.004451	0.008147	-0.004926	0.001389	0.001230	-0.000491	0.001088	0.000543	-0.000559	0.000126	-0.001032	-0.002128	-0.004655	-0.003104	
-0.017449	-0.015842	-0.020996	0.021902	0.024704	0.022962	NA	0.003451	0.004945	0.004809	-0.030803	0.015253	0.004428	-0.002453	-0.001514	-0.001994	-0.007097	0.006993	0.004336	-0.000671	0.004647	0.001711	0.010457	0.003273	-0.004941	-0.008032	-0.004516	-0.003422	0.000917	0.006253	0.000125	-0.006321	0.001377	0.004392	-0.010173	0.001183	0.002285	-0.001690	-0.000793	0.003573	0.000959	-0.005686	0.000831	0.005112	-0.004257	-0.003560	-0.001490	0.001275	-0.000160	0.004804	0.001642	0.001963	-0.003208	-0.001714	-0.000266	-0.006692	-0.003519	
0.039836	-0.001878	0.004091	-0.001559	-0.013270	-0.026404	0.003451	NA	-0.006084	0.002219	-0.006531	0.006424	-0.003546	-0.005528	-0.001453	0.003104	0.001420	-0.002460	0.004917	0.002846	-0.002929	0.003420	0.001105	0.000303	-0.003201	0.000936	-0.001221	-0.003526	0.003476	-0.000071	0.000844	-0.004515	0.002836	0.001649	0.006909	0.002093	-0.000559	-0.000234	0.003675	-0.003944	-0.001902	0.000931	-0.001086	0.001132	0.002060	-0.005289	0.004460	0.002787	-0.005243	-0.000126	0.000640	-0.002499	-0.004816	-0.001380	0.005414	-0.002451	-0.005725	
-0.003911	-0.013890	0.019976	0.003574	0.001935	0.001714	0.004945	-0.006084	NA	0.006277	0.015652	-0.019952	-0.007653	-0.002564	-0.006244	0.005392	0.001175	0.003814	0.000215	0.003134	-0.000181	0.006631	-0.001601	0.004301	-0.001147	-0.003958	-0.000075	-0.000931	0.001789	0.003418	0.005713	-0.007545	0.002166	0.002705	-0.001772	-0.000803	-0.000828	0.005051	-0.005223	-0.008885	-0.001998	-0.002063	0.003321	0.002834	0.004490	-0.004031	0.000191	-0.004386	0.004963	-0.000140	0.001732	0.001109	0.002628	-0.004954	-0.002261	-0.010323	-0.000464	
-0.002371	-0.004078	0.011032	0.011253	0.004932	-0.000726	0.004809	0.002219	0.006277	NA	-0.005972	0.003996	0.001770	-0.000323	0.002119	-0.000991	-0.002999	0.000971	-0.001019	0.004541	0.004937	0.006226	0.002674	-0.001049	-0.004816	-0.002980	-0.004378	-0.004705	0.000437	0.002697	0.004491	-0.004715	-0.001890	0.005113	-0.005069	-0.001972	0.001813	0.001154	-0.002820	-0.002853	-0.004856	-0.001622	0.001449	0.000735	0.000267	-0.001653	0.003931	0.002781	-0.007490	0.004310	0.003530	-0.002064	-0.002121	0.001222	-0.001008	0.002350	-0.006391	
-0.013003	0.093486	-0.001068	-0.021995	-0.019898	-0.007649	-0.030803	-0.006531	0.015652	-0.005972	NA	0.001467	0.002545	0.002436	0.006922	-0.001861	0.001025	0.001749	-0.002343	0.002914	0.005149	-0.001042	-0.001395	0.000742	-0.006321	-0.001415	-0.001608	-0.001767	0.005809	-0.002084	0.003615	0.001286	0.006519	-0.000383	-0.000664	0.002319	-0.001125	0.003601	-0.007569	-0.007570	-0.006780	-0.005775	0.000683	0.001249	0.000981	-0.002234	0.004015	0.002637	-0.001367	0.002330	0.000212	0.000727	-0.000292	-0.002235	-0.002569	-0.006206	0.000703	
0.002014	-0.020373	-0.000979	0.007326	0.018168	-0.012677	0.015253	0.006424	-0.019952	0.003996	0.001467	NA	0.006287	0.001760	0.001303	-0.000156	-0.005374	0.001594	0.000857	0.000402	0.002840	-0.002265	0.000530	0.003196	-0.000659	-0.003971	-0.005236	0.000907	0.004808	0.000796	0.000939	-0.001539	-0.004452	0.002062	-0.010734	0.000091	0.004722	-0.000170	-0.003070	-0.001036	-0.008170	-0.000771	0.003086	0.006173	0.003101	-0.002863	-0.000870	0.006976	-0.003188	0.002872	-0.003067	0.001209	-0.006569	0.000749	0.000780	-0.000343	-0.005091	
0.001389	-0.000701	-0.002727	-0.006954	0.000169	-0.004040	0.004428	-0.003546	-0.007653	0.001770	0.002545	0.006287	NA	0.031276	0.031662	0.027357	0.022589	-0.007839	-0.010863	-0.010291	-0.010729	-0.012955	-0.005275	-0.012354	-0.007627	-0.001229	-0.006861	-0.003896	-0.001054	0.006401	0.001991	-0.001780	0.003506	0.002523	-0.009524	0.000441	0.002199	-0.002966	-0.001360	-0.000172	-0.003909	-0.005521	0.003033	0.003521	0.002603	-0.003044	-0.000085	-0.000387	-0.003112	0.004995	-0.001805	-0.002482	0.005949	-0.001911	-0.005440	-0.002576	0.000619	
-0.000567	-0.006949	0.006898	0.004679	0.000988	-0.007566	-0.002453	-0.005528	-0.002564	-0.000323	0.002436	0.001760	0.031276	NA	0.030056	0.024159	0.042479	-0.008274	-0.006028	-0.015099	-0.011829	-0.009048	-0.005992	-0.016636	-0.006043	-0.005072	-0.010536	-0.012077	0.000155	-0.001749	0.002301	0.000774	0.000070	0.002697	-0.011760	0.005726	0.000835	0.001018	-0.000549	0.001602	-0.000582	-0.002665	-0.003314	0.002636	0.002036	-0.002216	0.003732	-0.000085	-0.001154	0.003290	0.001059	-0.004181	-0.002708	0.002308	0.002068	-0.003115	-0.002771	
-0.006743	0.001145	-0.004753	0.001109	0.002022	-0.000684	-0.001514	-0.001453	-0.006244	0.002119	0.006922	0.001303	0.031662	0.030056	NA	0.021745	0.028084	-0.006624	-0.012256	-0.014052	-0.011972	-0.009041	-0.006292	-0.008784	-0.012450	-0.001183	-0.008236	-0.003768	0.002176	0.005641	0.005916	-0.003587	-0.002421	0.002223	-0.006790	0.000930	0.001330	-0.001233	-0.005751	-0.006795	-0.001723	0.002774	0.001689	0.005097	0.001372	-0.003461	0.001408	0.000296	0.001778	0.001084	0.001948	0.000941	-0.004268	-0.000318	0.000219	-0.004260	-0.001713	
-0.002585	0.001227	-0.005161	-0.002602	-0.001032	0.001225	-0.001994	0.003104	0.005392	-0.000991	-0.001861	-0.000156	0.027357	0.024159	0.021745	NA	0.022096	-0.007463	-0.006576	-0.015085	-0.011624	-0.007188	-0.008509	-0.007128	-0.003303	-0.005402	0.001233	-0.008799	0.002598	0.005261	-0.000403	-0.003399	0.004043	0.005727	-0.001791	0.002325	-0.000359	0.000798	-0.003750	0.000079	-0.001248	-0.001615	0.000923	0.002680	0.002986	-0.008492	-0.001418	0.001416	-0.007854	0.002529	0.002545	-0.001751	-0.001286	-0.000298	-0.001424	-0.005397	-0.001283	
0.000548	-0.005054	-0.001656	0.006997	0.000437	-0.000664	-0.007097	0.001420	0.001175	-0.002999	0.001025	-0.005374	0.022589	0.042479	0.028084	0.022096	NA	-0.006594	-0.009655	-0.011373	-0.015571	-0.013160	-0.007019	-0.008450	-0.009680	-0.006730	-0.005508	-0.004179	0.000818	0.003325	0.002615	0.001119	0.001607	0.003534	-0.006122	0.004459	0.002310	-0.002851	0.004327	-0.005980	-0.000395	-0.004048	-0.001699	-0.000310	0.001774	-0.000666	0.002551	-0.000620	-0.002991	-0.000359	-0.000541	0.003563	-0.003295	0.001200	-0.004060	-0.001490	0.000636	
0.002276	0.000608	0.001870	0.000906	-0.000364	0.002591	0.006993	-0.002460	0.003814	0.000971	0.001749	0.001594	-0.007839	-0.008274	-0.006624	-0.007463	-0.006594	NA	0.055041	0.048801	0.005673	0.009347	0.015186	0.024637	-0.033125	-0.031213	-0.030260	-0.033898	0.005445	0.002864	0.002407	-0.004765	0.001683	0.007842	-0.031876	0.000963	0.003386	0.004906	-0.002265	-0.002851	-0.004306	-0.002713	0.005617	0.007278	0.003308	-0.005014	0.007708	0.003209	-0.006964	0.007385	0.004458	-0.003861	0.002881	-0.002798	-0.003579	-0.006240	-0.005185	
0.002696	0.005513	0.002035	0.002947	0.000454	0.001480	0.004336	0.004917	0.000215	-0.001019	-0.002343	0.000857	-0.010863	-0.006028	-0.012256	-0.006576	-0.009655	0.055041	NA	0.012104	0.010125	0.053421	0.009233	0.019740	-0.030708	-0.028892	-0.026556	-0.036146	0.006426	0.011113	0.004956	-0.004269	0.003637	0.003509	-0.034452	0.003073	0.005375	0.006196	-0.010096	-0.002141	-0.004751	-0.004515	0.002395	0.005270	0.005407	-0.004237	0.006559	0.005834	-0.005129	0.006148	0.001188	-0.001480	-0.003222	-0.001892	-0.001128	-0.008967	-0.005392	
0.004740	0.001178	0.002262	-0.000455	0.000239	0.001556	-0.000671	0.002846	0.003134	0.004541	0.002914	0.000402	-0.010291	-0.015099	-0.014052	-0.015085	-0.011373	0.048801	0.012104	NA	0.040801	0.020930	0.042704	0.016562	-0.031515	-0.029257	-0.025160	-0.037452	0.003160	0.003300	0.004681	-0.005659	0.007199	0.007530	-0.036189	0.006199	0.001075	0.002268	-0.006686	-0.009073	-0.003366	-0.000143	0.002452	0.006795	0.007215	-0.002168	0.002587	0.005726	-0.000804	0.008377	-0.001299	0.001313	-0.000916	-0.004990	-0.002379	-0.005494	-0.004401	
-0.001859	-0.000768	0.001449	0.003013	0.002800	0.005545	0.004647	-0.002929	-0.000181	0.004937	0.005149	0.002840	-0.010729	-0.011829	-0.011972	-0.011624	-0.015571	0.005673	0.010125	0.040801	NA	0.037589	0.031061	0.048683	-0.030977	-0.032820	-0.027899	-0.036378	0.006189	0.003725	0.005995	-0.004924	0.004477	0.004447	-0.035735	0.001827	0.004365	0.005125	-0.006546	-0.005156	-0.004122	-0.003572	0.003797	0.010334	0.005626	-0.003840	0.003325	0.004942	-0.008050	0.006781	0.008710	-0.005041	0.000041	-0.003838	0.000338	-0.008221	-0.006186	
0.002100	-0.001051	0.002715	-0.001466	0.002249	0.003504	0.001711	0.003420	0.006631	0.006226	-0.001042	-0.002265	-0.012955	-0.009048	-0.009041	-0.007188	-0.013160	0.009347	0.053421	0.020930	0.037589	NA	0.018778	0.019178	-0.029011	-0.030720	-0.027186	-0.033802	0.007880	0.004259	0.004913	-0.006928	0.005592	0.006838	-0.029690	0.000043	0.003333	0.006462	-0.006493	-0.006883	-0.005580	-0.000810	0.005918	0.006243	0.007208	-0.005959	0.002257	0.003854	-0.003787	0.006526	0.004285	-0.005155	-0.003954	0.003217	-0.001556	-0.004582	-0.008244	
0.002534	0.001182	-0.000383	-0.000779	-0.000901	0.008028	0.010457	0.001105	-0.001601	0.002674	-0.001395	0.000530	-0.005275	-0.005992	-0.006292	-0.008509	-0.007019	0.015186	0.009233	0.042704	0.031061	0.018778	NA	0.031360	-0.031045	-0.030037	-0.032262	-0.031755	0.008363	0.007303	-0.000464	-0.004833	0.011493	0.005594	-0.030344	0.001016	0.002630	0.004400	-0.002550	-0.002244	-0.004650	-0.003974	-0.000276	0.007304	0.006218	-0.006337	0.004806	0.002434	-0.003846	0.005197	0.006086	0.000319	-0.006097	0.000559	-0.003126	-0.009809	-0.006937	
0.003279	0.000423	0.002973	0.002279	-0.000452	0.002910	0.003273	0.000303	0.004301	-0.001049	0.000742	0.003196	-0.012354	-0.016636	-0.008784	-0.007128	-0.008450	0.024637	0.019740	0.016562	0.048683	0.019178	0.031360	NA	-0.027216	-0.028795	-0.028462	-0.026681	0.002515	0.004758	0.004964	-0.008795	0.007977	0.004607	-0.030617	0.006578	0.003357	0.003428	-0.007789	-0.002640	-0.010062	-0.003660	0.005667	0.006616	0.003959	-0.001975	0.004342	0.004661	-0.004994	0.006134	0.004876	-0.002681	0.000344	-0.005507	-0.000176	-0.006629	-0.003731	
-0.002396	-0.000587	0.000045	-0.000267	0.001949	-0.006021	-0.004941	-0.003201	-0.001147	-0.004816	-0.006321	-0.000659	-0.007627	-0.006043	-0.012450	-0.003303	-0.009680	-0.033125	-0.030708	-0.031515	-0.030977	-0.029011	-0.031045	-0.027216	NA	0.068867	0.066105	0.088510	-0.010439	-0.013867	-0.010785	0.009553	-0.009710	-0.012579	0.096339	-0.005727	-0.009462	-0.005261	0.008624	0.005826	0.010633	0.009067	-0.007427	-0.018372	-0.016506	0.012288	-0.007779	-0.009037	0.007935	-0.015910	-0.007407	0.002677	0.004854	0.002571	0.004607	0.010439	0.013486	
-0.001711	0.001972	0.000666	-0.002668	-0.004889	-0.005826	-0.008032	0.000936	-0.003958	-0.002980	-0.001415	-0.003971	-0.001229	-0.005072	-0.001183	-0.005402	-0.006730	-0.031213	-0.028892	-0.029257	-0.032820	-0.030720	-0.030037	-0.028795	0.068867	NA	0.082045	0.074925	-0.012321	-0.013777	-0.009458	0.013022	-0.013434	-0.016121	0.071831	-0.008880	-0.007327	-0.007997	0.010784	0.011641	0.010501	0.006020	-0.006044	-0.015126	-0.010700	0.006714	-0.011780	-0.005806	0.013401	-0.015321	-0.007771	0.005113	0.001624	0.002662	0.005104	0.015719	0.008673	
-0.001718	0.002133	-0.002379	-0.004582	-0.001627	-0.004260	-0.004516	-0.001221	-0.000075	-0.004378	-0.001608	-0.005236	-0.006861	-0.010536	-0.008236	0.001233	-0.005508	-0.030260	-0.026556	-0.025160	-0.027899	-0.027186	-0.032262	-0.028462	0.066105	0.082045	NA	0.074545	-0.010550	-0.013601	-0.010665	0.018235	-0.016080	-0.014070	0.073512	-0.009766	-0.006553	-0.007150	0.008721	0.012651	0.010954	0.005825	-0.009163	-0.021125	-0.013389	0.009318	-0.007446	-0.007247	0.010310	-0.012744	-0.007764	0.002817	0.002286	0.005932	0.004099	0.015425	0.012110	
-0.002634	-0.001584	-0.001786	0.000018	-0.003530	-0.007299	-0.003422	-0.003526	-0.000931	-0.004705	-0.001767	0.000907	-0.003896	-0.012077	-0.003768	-0.008799	-0.004179	-0.033898	-0.036146	-0.037452	-0.036378	-0.033802	-0.031755	-0.026681	0.088510	0.074925	0.074545	NA	-0.012263	-0.017980	-0.013327	0.006558	-0.011492	-0.017339	0.104013	-0.009464	-0.007822	-0.009025	0.013470	0.009633	0.007376	0.004270	-0.004963	-0.014397	-0.008202	0.009358	-0.009081	-0.005850	0.010672	-0.013312	-0.009321	0.004617	0.002523	0.005342	0.001983	0.018747	0.007401	
0.002962	0.001697	0.001721	-0.004844	0.000160	0.001381	0.000917	0.003476	0.001789	0.000437	0.005809	0.004808	-0.001054	0.000155	0.002176	0.002598	0.000818	0.005445	0.006426	0.003160	0.006189	0.007880	0.008363	0.002515	-0.010439	-0.012321	-0.010550	-0.012263	NA	0.026130	0.025218	-0.020175	0.028972	0.023137	-0.011303	-0.006195	-0.002759	0.001735	-0.021222	-0.016410	-0.011720	-0.017623	-0.005704	0.020432	0.020856	-0.020666	-0.003499	0.000079	-0.019682	0.028457	0.000586	-0.005251	-0.000465	-0.003492	-0.002761	-0.017656	-0.015526	
0.001496	0.002565	-0.000739	0.005476	0.004426	0.000234	0.006253	-0.000071	0.003418	0.002697	-0.002084	0.000796	0.006401	-0.001749	0.005641	0.005261	0.003325	0.002864	0.011113	0.003300	0.003725	0.004259	0.007303	0.004758	-0.013867	-0.013777	-0.013601	-0.017980	0.026130	NA	0.028920	-0.019845	0.019866	0.114256	-0.010217	-0.012672	-0.006526	-0.014062	-0.025912	-0.022490	-0.015809	-0.017263	-0.007347	0.047414	0.016341	-0.026530	-0.014095	-0.016480	-0.025859	0.025295	-0.008221	-0.002158	-0.006723	-0.001978	-0.003761	-0.028614	-0.024842	
-0.000263	0.001461	-0.002300	0.000550	0.000963	-0.001041	0.000125	0.000844	0.005713	0.004491	0.003615	0.000939	0.001991	0.002301	0.005916	-0.000403	0.002615	0.002407	0.004956	0.004681	0.005995	0.004913	-0.000464	0.004964	-0.010785	-0.009458	-0.010665	-0.013327	0.025218	0.028920	NA	-0.011002	0.012633	0.031490	-0.008472	-0.000300	0.000462	-0.006353	-0.016134	-0.011473	-0.016258	-0.006642	-0.004159	0.005858	0.019543	-0.010296	-0.004158	-0.006281	-0.011593	0.010693	-0.001004	-0.003306	0.002686	-0.002924	-0.003728	-0.013907	-0.015947	
-0.002399	-0.002821	-0.002571	-0.004871	0.001007	-0.003558	-0.006321	-0.004515	-0.007545	-0.004715	0.001286	-0.001539	-0.001780	0.000774	-0.003587	-0.003399	0.001119	-0.004765	-0.004269	-0.005659	-0.004924	-0.006928	-0.004833	-0.008795	0.009553	0.013022	0.018235	0.006558	-0.020175	-0.019845	-0.011002	NA	-0.030764	-0.022448	0.006209	-0.015474	-0.013528	-0.011263	0.034785	0.032086	0.036762	0.025379	-0.003480	-0.033050	-0.017346	0.044308	-0.013748	-0.007512	0.028557	-0.028677	-0.014870	0.007733	0.006430	0.006193	0.005886	0.044757	0.037749	
0.003703	0.003493	0.003347	0.003463	0.002931	0.002209	0.001377	0.002836	0.002166	-0.001890	0.006519	-0.004452	0.003506	0.000070	-0.002421	0.004043	0.001607	0.001683	0.003637	0.007199	0.004477	0.005592	0.011493	0.007977	-0.009710	-0.013434	-0.016080	-0.011492	0.028972	0.019866	0.012633	-0.030764	NA	0.035045	-0.011940	0.005242	-0.000692	0.008096	-0.020535	-0.021702	-0.016704	-0.016418	-0.001954	0.033886	0.021013	-0.019294	-0.003327	0.001002	-0.024708	0.030018	0.000269	-0.006856	-0.000238	-0.000851	-0.007199	-0.021287	-0.024297	
0.004357	-0.002591	0.000729	0.004034	0.004647	-0.000091	0.004392	0.001649	0.002705	0.005113	-0.000383	0.002062	0.002523	0.002697	0.002223	0.005727	0.003534	0.007842	0.003509	0.007530	0.004447	0.006838	0.005594	0.004607	-0.012579	-0.016121	-0.014070	-0.017339	0.023137	0.114256	0.031490	-0.022448	0.035045	NA	-0.013848	-0.004453	-0.006567	-0.005122	-0.021199	-0.022858	-0.018007	-0.022905	-0.010132	0.021626	0.020764	-0.025915	-0.009839	-0.010990	-0.025224	0.014798	-0.007142	-0.011303	-0.002412	0.001432	-0.001053	-0.031518	-0.022987	
-0.001924	0.007674	-0.002529	-0.006361	-0.002492	-0.003474	-0.010173	0.006909	-0.001772	-0.005069	-0.000664	-0.010734	-0.009524	-0.011760	-0.006790	-0.001791	-0.006122	-0.031876	-0.034452	-0.036189	-0.035735	-0.029690	-0.030344	-0.030617	0.096339	0.071831	0.073512	0.104013	-0.011303	-0.010217	-0.008472	0.006209	-0.011940	-0.013848	NA	-0.006219	-0.004532	-0.007194	0.009787	0.003967	0.007829	0.004717	-0.008325	-0.014145	-0.013019	0.012976	-0.011008	-0.012207	0.008648	-0.017298	-0.006989	0.004856	0.004530	0.000419	0.004395	0.016895	0.004891	
0.003732	0.000732	0.002728	0.002012	0.001288	0.001470	0.001183	0.002093	-0.000803	-0.001972	0.002319	0.000091	0.000441	0.005726	0.000930	0.002325	0.004459	0.000963	0.003073	0.006199	0.001827	0.000043	0.001016	0.006578	-0.005727	-0.008880	-0.009766	-0.009464	-0.006195	-0.012672	-0.000300	-0.015474	0.005242	-0.004453	-0.006219	NA	0.026056	0.034832	-0.018108	-0.014672	-0.011180	-0.008358	0.031760	-0.012741	-0.002348	-0.010408	0.029449	0.026624	-0.013963	-0.011424	0.025918	-0.002160	-0.000452	-0.004835	-0.004616	-0.013854	-0.018613	
-0.004674	0.000433	-0.001710	0.001619	0.003782	0.007632	0.002285	-0.000559	-0.000828	0.001813	-0.001125	0.004722	0.002199	0.000835	0.001330	-0.000359	0.002310	0.003386	0.005375	0.001075	0.004365	0.003333	0.002630	0.003357	-0.009462	-0.007327	-0.006553	-0.007822	-0.002759	-0.006526	0.000462	-0.013528	-0.000692	-0.006567	-0.004532	0.026056	NA	0.027894	-0.017579	-0.009670	-0.014416	-0.010597	0.028302	-0.007904	-0.002755	-0.010749	0.027005	0.023310	-0.009623	-0.013113	0.023004	-0.004283	-0.002396	0.001027	-0.003404	-0.013284	-0.013478	
0.001222	0.000095	-0.000005	0.001863	0.001158	0.003432	-0.001690	-0.000234	0.005051	0.001154	0.003601	-0.000170	-0.002966	0.001018	-0.001233	0.000798	-0.002851	0.004906	0.006196	0.002268	0.005125	0.006462	0.004400	0.003428	-0.005261	-0.007997	-0.007150	-0.009025	0.001735	-0.014062	-0.006353	-0.011263	0.008096	-0.005122	-0.007194	0.034832	0.027894	NA	-0.012100	-0.012023	-0.008423	-0.006526	0.021175	-0.005008	-0.006941	-0.017306	0.023474	0.017225	-0.007210	-0.011363	0.022688	-0.003430	-0.000384	-0.000933	-0.004828	-0.014539	-0.016102	
-0.004023	-0.006362	-0.003445	-0.006164	-0.005768	-0.000299	-0.000793	0.003675	-0.005223	-0.002820	-0.007569	-0.003070	-0.001360	-0.000549	-0.005751	-0.003750	0.004327	-0.002265	-0.010096	-0.006686	-0.006546	-0.006493	-0.002550	-0.007789	0.008624	0.010784	0.008721	0.013470	-0.021222	-0.025912	-0.016134	0.034785	-0.020535	-0.021199	0.009787	-0.018108	-0.017579	-0.012100	NA	0.043493	0.026598	0.025202	-0.011613	-0.030025	-0.023622	0.043550	-0.012679	-0.011873	0.035940	-0.027417	-0.017059	0.005716	0.008473	0.004822	0.009498	0.036987	0.063531	
-0.000149	-0.006600	0.005050	-0.001527	-0.007902	-0.001268	0.003573	-0.003944	-0.008885	-0.002853	-0.007570	-0.001036	-0.000172	0.001602	-0.006795	0.000079	-0.005980	-0.002851	-0.002141	-0.009073	-0.005156	-0.006883	-0.002244	-0.002640	0.005826	0.011641	0.012651	0.009633	-0.016410	-0.022490	-0.011473	0.032086	-0.021702	-0.022858	0.003967	-0.014672	-0.009670	-0.012023	0.043493	NA	0.033976	0.020786	-0.010547	-0.019976	-0.012075	0.040076	-0.015813	-0.013887	0.041980	-0.025748	-0.016447	0.001971	0.006318	0.003515	0.013527	0.025435	0.031446	
0.000470	-0.002404	-0.000681	0.000041	-0.001451	-0.002690	0.000959	-0.001902	-0.001998	-0.004856	-0.006780	-0.008170	-0.003909	-0.000582	-0.001723	-0.001248	-0.000395	-0.004306	-0.004751	-0.003366	-0.004122	-0.005580	-0.004650	-0.010062	0.010633	0.010501	0.010954	0.007376	-0.011720	-0.015809	-0.016258	0.036762	-0.016704	-0.018007	0.007829	-0.011180	-0.014416	-0.008423	0.026598	0.033976	NA	0.028781	-0.009992	-0.022644	-0.017285	0.027575	-0.012038	-0.013813	0.029593	-0.025269	-0.008878	0.007912	-0.001870	0.012994	0.005011	0.030417	0.025826	
-0.000768	-0.000686	0.001070	-0.003814	-0.003103	-0.005701	-0.005686	0.000931	-0.002063	-0.001622	-0.005775	-0.000771	-0.005521	-0.002665	0.002774	-0.001615	-0.004048	-0.002713	-0.004515	-0.000143	-0.003572	-0.000810	-0.003974	-0.003660	0.009067	0.006020	0.005825	0.004270	-0.017623	-0.017263	-0.006642	0.025379	-0.016418	-0.022905	0.004717	-0.008358	-0.010597	-0.006526	0.025202	0.020786	0.028781	NA	-0.005786	-0.027927	-0.017472	0.033644	-0.007543	-0.005917	0.034824	-0.018932	-0.008305	0.004574	0.000658	0.008376	0.007197	0.025739	0.027836	
-0.000569	0.001309	0.003280	-0.003668	0.004503	-0.002195	0.000831	-0.001086	0.003321	0.001449	0.000683	0.003086	0.003033	-0.003314	0.001689	0.000923	-0.001699	0.005617	0.002395	0.002452	0.003797	0.005918	-0.000276	0.005667	-0.007427	-0.006044	-0.009163	-0.004963	-0.005704	-0.007347	-0.004159	-0.003480	-0.001954	-0.010132	-0.008325	0.031760	0.028302	0.021175	-0.011613	-0.010547	-0.009992	-0.005786	NA	-0.011446	-0.003678	-0.011721	0.022805	0.029641	-0.008591	-0.016183	0.017430	0.004447	-0.002895	-0.013043	0.004249	-0.007238	-0.013814	
0.000702	0.002691	-0.002794	0.007164	0.001150	0.004451	0.005112	0.001132	0.002834	0.000735	0.001249	0.006173	0.003521	0.002636	0.005097	0.002680	-0.000310	0.007278	0.005270	0.006795	0.010334	0.006243	0.007304	0.006616	-0.018372	-0.015126	-0.021125	-0.014397	0.020432	0.047414	0.005858	-0.033050	0.033886	0.021626	-0.014145	-0.012741	-0.007904	-0.005008	-0.030025	-0.019976	-0.022644	-0.027927	-0.011446	NA	0.039154	-0.028220	-0.014455	-0.015051	-0.026528	0.165341	-0.009325	-0.009855	-0.002599	-0.001976	-0.007946	-0.033503	-0.025087	
-0.003428	0.002620	0.000622	0.004766	0.000858	0.008147	-0.004257	0.002060	0.004490	0.000267	0.000981	0.003101	0.002603	0.002036	0.001372	0.002986	0.001774	0.003308	0.005407	0.007215	0.005626	0.007208	0.006218	0.003959	-0.016506	-0.010700	-0.013389	-0.008202	0.020856	0.016341	0.019543	-0.017346	0.021013	0.020764	-0.013019	-0.002348	-0.002755	-0.006941	-0.023622	-0.012075	-0.017285	-0.017472	-0.003678	0.039154	NA	-0.023478	0.003313	-0.009066	-0.016599	0.050092	-0.001050	0.000942	-0.001853	-0.005878	-0.006836	-0.024946	-0.019172	
-0.000029	-0.004232	0.001310	-0.007050	-0.001201	-0.004926	-0.003560	-0.005289	-0.004031	-0.001653	-0.002234	-0.002863	-0.003044	-0.002216	-0.003461	-0.008492	-0.000666	-0.005014	-0.004237	-0.002168	-0.003840	-0.005959	-0.006337	-0.001975	0.012288	0.006714	0.009318	0.009358	-0.020666	-0.026530	-0.010296	0.044308	-0.019294	-0.025915	0.012976	-0.010408	-0.010749	-0.017306	0.043550	0.040076	0.027575	0.033644	-0.011721	-0.028220	-0.023478	NA	-0.011597	-0.004920	0.028493	-0.034298	-0.013201	0.003959	0.003270	0.007700	0.013367	0.047611	0.041642	
-0.000192	-0.001571	0.002716	-0.000731	0.001660	0.001389	-0.001490	0.004460	0.000191	0.003931	0.004015	-0.000870	-0.000085	0.003732	0.001408	-0.001418	0.002551	0.007708	0.006559	0.002587	0.003325	0.002257	0.004806	0.004342	-0.007779	-0.011780	-0.007446	-0.009081	-0.003499	-0.014095	-0.004158	-0.013748	-0.003327	-0.009839	-0.011008	0.029449	0.027005	0.023474	-0.012679	-0.015813	-0.012038	-0.007543	0.022805	-0.014455	0.003313	-0.011597	NA	0.035896	-0.007858	-0.007368	0.023257	-0.000644	0.000589	-0.005976	-0.004248	-0.008930	-0.019294	
0.005033	0.003992	0.001474	-0.004043	-0.006864	0.001230	0.001275	0.002787	-0.004386	0.002781	0.002637	0.006976	-0.000387	-0.000085	0.000296	0.001416	-0.000620	0.003209	0.005834	0.005726	0.004942	0.003854	0.002434	0.004661	-0.009037	-0.005806	-0.007247	-0.005850	0.000079	-0.016480	-0.006281	-0.007512	0.001002	-0.010990	-0.012207	0.026624	0.023310	0.017225	-0.011873	-0.013887	-0.013813	-0.005917	0.029641	-0.015051	-0.009066	-0.004920	0.035896	NA	-0.008925	-0.012677	0.031289	0.001841	-0.002445	-0.004774	-0.003419	-0.007381	-0.014443	
-0.003937	-0.003714	-0.008341	-0.000192	-0.002559	-0.000491	-0.000160	-0.005243	0.004963	-0.007490	-0.001367	-0.003188	-0.003112	-0.001154	0.001778	-0.007854	-0.002991	-0.006964	-0.005129	-0.000804	-0.008050	-0.003787	-0.003846	-0.004994	0.007935	0.013401	0.010310	0.010672	-0.019682	-0.025859	-0.011593	0.028557	-0.024708	-0.025224	0.008648	-0.013963	-0.009623	-0.007210	0.035940	0.041980	0.029593	0.034824	-0.008591	-0.026528	-0.016599	0.028493	-0.007858	-0.008925	NA	-0.028825	-0.007276	0.006037	0.004548	0.005125	0.008908	0.029157	0.030951	
0.000312	0.005539	0.003819	0.004941	-0.000479	0.001088	0.004804	-0.000126	-0.000140	0.004310	0.002330	0.002872	0.004995	0.003290	0.001084	0.002529	-0.000359	0.007385	0.006148	0.008377	0.006781	0.006526	0.005197	0.006134	-0.015910	-0.015321	-0.012744	-0.013312	0.028457	0.025295	0.010693	-0.028677	0.030018	0.014798	-0.017298	-0.011424	-0.013113	-0.011363	-0.027417	-0.025748	-0.025269	-0.018932	-0.016183	0.165341	0.050092	-0.034298	-0.007368	-0.012677	-0.028825	NA	-0.014163	-0.004315	-0.003098	-0.004198	-0.007097	-0.033153	-0.021770	
0.000355	-0.000974	-0.002042	0.003036	0.008081	0.000543	0.001642	0.000640	0.001732	0.003530	0.000212	-0.003067	-0.001805	0.001059	0.001948	0.002545	-0.000541	0.004458	0.001188	-0.001299	0.008710	0.004285	0.006086	0.004876	-0.007407	-0.007771	-0.007764	-0.009321	0.000586	-0.008221	-0.001004	-0.014870	0.000269	-0.007142	-0.006989	0.025918	0.023004	0.022688	-0.017059	-0.016447	-0.008878	-0.008305	0.017430	-0.009325	-0.001050	-0.013201	0.023257	0.031289	-0.007276	-0.014163	NA	-0.002846	-0.004342	0.001605	-0.002213	-0.006329	-0.010870	
-0.002764	-0.005523	-0.001385	0.001324	-0.001833	-0.000559	0.001963	-0.002499	0.001109	-0.002064	0.000727	0.001209	-0.002482	-0.004181	0.000941	-0.001751	0.003563	-0.003861	-0.001480	0.001313	-0.005041	-0.005155	0.000319	-0.002681	0.002677	0.005113	0.002817	0.004617	-0.005251	-0.002158	-0.003306	0.007733	-0.006856	-0.011303	0.004856	-0.002160	-0.004283	-0.003430	0.005716	0.001971	0.007912	0.004574	0.004447	-0.009855	0.000942	0.003959	-0.000644	0.001841	0.006037	-0.004315	-0.002846	NA	-0.006170	-0.008604	0.011166	0.009634	0.011387	
0.005355	0.003217	-0.004040	0.002337	-0.000661	0.000126	-0.003208	-0.004816	0.002628	-0.002121	-0.000292	-0.006569	0.005949	-0.002708	-0.004268	-0.001286	-0.003295	0.002881	-0.003222	-0.000916	0.000041	-0.003954	-0.006097	0.000344	0.004854	0.001624	0.002286	0.002523	-0.000465	-0.006723	0.002686	0.006430	-0.000238	-0.002412	0.004530	-0.000452	-0.002396	-0.000384	0.008473	0.006318	-0.001870	0.000658	-0.002895	-0.002599	-0.001853	0.003270	0.000589	-0.002445	0.004548	-0.003098	-0.004342	-0.006170	NA	0.012871	-0.013140	-0.000281	0.006856	
-0.002774	-0.000853	-0.000787	-0.000245	0.001917	-0.001032	-0.001714	-0.001380	-0.004954	0.001222	-0.002235	0.000749	-0.001911	0.002308	-0.000318	-0.000298	0.001200	-0.002798	-0.001892	-0.004990	-0.003838	0.003217	0.000559	-0.005507	0.002571	0.002662	0.005932	0.005342	-0.003492	-0.001978	-0.002924	0.006193	-0.000851	0.001432	0.000419	-0.004835	0.001027	-0.000933	0.004822	0.003515	0.012994	0.008376	-0.013043	-0.001976	-0.005878	0.007700	-0.005976	-0.004774	0.005125	-0.004198	0.001605	-0.008604	0.012871	NA	0.000157	0.007999	-0.000059	
-0.002266	-0.000091	0.003782	-0.007241	-0.002526	-0.002128	-0.000266	0.005414	-0.002261	-0.001008	-0.002569	0.000780	-0.005440	0.002068	0.000219	-0.001424	-0.004060	-0.003579	-0.001128	-0.002379	0.000338	-0.001556	-0.003126	-0.000176	0.004607	0.005104	0.004099	0.001983	-0.002761	-0.003761	-0.003728	0.005886	-0.007199	-0.001053	0.004395	-0.004616	-0.003404	-0.004828	0.009498	0.013527	0.005011	0.007197	0.004249	-0.007946	-0.006836	0.013367	-0.004248	-0.003419	0.008908	-0.007097	-0.002213	0.011166	-0.013140	0.000157	NA	0.002118	0.001730	
0.003061	-0.002357	-0.000214	-0.000844	-0.009603	-0.004655	-0.006692	-0.002451	-0.010323	0.002350	-0.006206	-0.000343	-0.002576	-0.003115	-0.004260	-0.005397	-0.001490	-0.006240	-0.008967	-0.005494	-0.008221	-0.004582	-0.009809	-0.006629	0.010439	0.015719	0.015425	0.018747	-0.017656	-0.028614	-0.013907	0.044757	-0.021287	-0.031518	0.016895	-0.013854	-0.013284	-0.014539	0.036987	0.025435	0.030417	0.025739	-0.007238	-0.033503	-0.024946	0.047611	-0.008930	-0.007381	0.029157	-0.033153	-0.006329	0.009634	-0.000281	0.007999	0.002118	NA	0.042275	
-0.008125	-0.000880	-0.003496	-0.002706	-0.001107	-0.003104	-0.003519	-0.005725	-0.000464	-0.006391	0.000703	-0.005091	0.000619	-0.002771	-0.001713	-0.001283	0.000636	-0.005185	-0.005392	-0.004401	-0.006186	-0.008244	-0.006937	-0.003731	0.013486	0.008673	0.012110	0.007401	-0.015526	-0.024842	-0.015947	0.037749	-0.024297	-0.022987	0.004891	-0.018613	-0.013478	-0.016102	0.063531	0.031446	0.025826	0.027836	-0.013814	-0.025087	-0.019172	0.041642	-0.019294	-0.014443	0.030951	-0.021770	-0.010870	0.011387	0.006856	-0.000059	0.001730	0.042275	NA	
