-623778006.253012
-623860490.227529
-623778001.354265
-623860488.016109
-623778011.542798
-623778013.536665
-623778022.902629
-623778023.265151
-623778011.870612
-623860501.384377
-623778007.661826
-623860487.085206
-623778029.385159
-623860489.743564
-623860489.439362
-623778029.454287
-623778026.889167
-623778024.899000
-623860526.500426
-623778002.599811
-631584158.087578
-623860500.965115
-630618587.610108
-623860491.689232
-623778018.433571
-623778019.366653
-623778019.993474
-623860502.513656
-623778006.485905
-623778012.040862
-623860501.867906
-623860499.718556
-623778008.386251
-623778002.844833
