-610772083.791319
-610939620.385368
-610146134.049495
-612077466.966991
-610146136.898569
-610966345.433370
-610772081.047872
-614670864.079232
-610146138.908239
-610146163.616766
-610966333.325389
-610966352.465778
-612502682.460482
-610966334.241012
-610146157.215483
-610966351.523576
-610146151.844605
-610146188.525322
-610964492.143151
-610939627.201496
-610966361.187003
-610805867.232161
-610966329.889331
-610966343.115458
-610805881.040953
-612502682.021241
-610966348.333234
-614022156.235194
-610146169.149279
-610146150.461157
-613126369.803507
-610772093.499499
-612502683.510132
-610146136.141236
