-600596860.038004
-600529450.337847
-603136550.944981
-599397026.376998
-602769927.917764
-600468665.537033
-600294818.637086
-599858049.227141
-599036695.800631
-602555931.277400
-599895903.460447
-600633492.712590
-600529436.749083
-602386023.224285
-601673048.009196
-601407721.442917
-599396064.931502
-599036690.022539
-600370464.409844
-600900580.139208
-601042005.285285
-599916723.288361
-601074401.762446
-599714859.125483
-601245122.542422
-599036713.577999
-599858039.381846
-600557400.519169
-599895896.566714
-601367770.023800
-601407698.537658
-601970507.918314
-600752911.813961
-600752953.965824
-600752939.761923
-600752932.360475
-599895940.550837
-599036680.923600
-600752970.472787
-599396086.243115
-599036698.768412
-599714556.370913
-599036698.704459
-599858041.552342
-601323965.390208
-599036693.057434
-601506225.899302
-599714843.931105
-600502420.781437
-601025628.575033
-601179001.891608
-600529457.972527
-599712593.755568
-601987007.730628
-601030778.037399
-601312106.305743
-599036483.591224
-599714844.464995
-599547959.335174
-600370413.055802
-599895929.249398
-599895907.958802
-600414310.320983
-599396075.232482
-601144642.191179
-599858052.762027
-601245152.773621
-599858015.379035
-600375325.240523
-601808584.029603
-599675700.676647
-600973778.301673
-601710967.236517
-600752932.007183
-602545968.607745
-600529460.320174
-600988054.348535
-600370378.324578
-599714855.062228
-601421586.055637
-600432387.382817
-600370416.653883
-602223942.620633
-600948219.945545
-602223927.748358
-599895893.885358
-600969025.705350
-599397002.014040
-600065877.969576
-601372172.247814
-601025604.023029
-601222244.101406
-599396072.231595
-599714823.609888
-601159939.484971
-600417292.356807
-600915760.239062
-600525541.879875
-600936150.629887
-599710254.827566
