-592036386.742069
-591550203.833160
-591463046.007282
-591643501.952800
-592516010.261840
-590229985.483821
-590228895.356115
-591051099.293922
-590722767.109320
-589234728.854321
-590653198.369352
-591526732.325809
-590054299.613967
-589544328.086527
-590838928.293843
-592023397.661911
-589630932.363078
-591333699.541511
-594889821.763412
-590264822.132101
-589206351.412487
-590612619.503831
-589420397.420441
-591366936.377649
-590270842.540517
-589420716.478489
-590225553.538082
-593523994.268169
-589552113.496879
-591536006.957155
-591430351.576072
-591711285.796932
-591192692.597026
-590832105.963019
-591333357.918391
-595633483.448595
-593232348.488415
-591862119.533240
-589578965.379676
-589501589.035259
-589463798.257462
-589771471.683625
-591550202.607176
-591858124.360084
-591195171.129800
-589578990.872787
-590372453.850887
-593014576.084407
-589552107.289294
-593031866.605016
-590612683.714431
-593005016.347848
-591195575.435351
-592236279.964017
-591173298.002799
-591342483.805524
-590279043.829590
-591204444.767384
-590561380.520517
-591195023.349084
-591166356.786872
-590852129.264652
-591149638.620406
-590804215.637266
-590552168.542065
-590343550.867960
-591006589.413605
-590876952.765387
-589578966.900244
-589568628.574906
-590796103.139871
-591545182.772037
-591160109.913249
-589636061.107942
-589579063.508786
-593310245.005865
-590098007.820531
-589770110.401647
-592146768.131527
-589579038.169478
-591865939.706034
-591416902.644467
-590274481.706267
-590837932.397101
-591184115.908882
-589816653.087137
-591229834.275503
-589552144.560037
-595099141.823145
-592519021.615769
-589518164.891541
-592484830.078499
-589552109.478448
-591321750.403492
-590636871.834731
-590306896.995551
-589552117.826192
-592023421.509635
-589632134.934137
-592250225.561173
