-581436449.296061
-580852377.864743
-582624845.884768
-580771816.471987
-580890815.820315
-580924827.539171
-582359033.609691
-582042628.607675
-581391759.835024
-581544946.098127
-582583636.116852
-582028775.140283
-581896060.468168
-581613071.648830
-582096514.933391
-580901477.546953
-583433513.434619
-581828151.312170
-581904564.449839
-582737907.132471
-583703229.246106
-581367429.525399
-580729656.938999
-581234943.578985
-581943402.267197
-579633965.080141
-584258041.712284
-581797952.517100
-581738526.282052
-583668522.632668
-581349902.139978
-582458027.059677
-581266395.660891
-580822618.520181
-581856330.319870
-580788905.313662
-584077833.983959
-584572983.790548
-583770588.555006
-580822638.002496
-581334143.268587
-580992389.403423
-583039988.258934
-582951382.060522
-582578931.189949
-582328439.482348
-582626994.700117
-580788906.510473
-580476918.298585
-581397599.618068
-583565800.150344
-583234560.728565
-581553183.730960
-580912968.471752
-583867881.802148
-582737789.432953
-581436374.495197
-583667543.115097
-581328794.857556
-582731240.181749
-581183838.712729
-580952227.840060
-581224314.521279
-581281430.529674
-583032271.755403
-583284133.034240
-580924475.818807
-583294702.762570
-582311227.581957
-581666078.911354
-581738282.408443
-582097444.384297
-580690192.717899
-585776167.596718
-580912988.345681
-582117199.348989
-582413712.619027
-580734069.195662
-581873589.964380
-581880361.986256
-580734088.244781
-583188273.133052
-581755856.950601
-581487868.755516
-580834803.284478
-580788898.748092
-580804562.660079
-584445863.127859
-583058243.127453
-579633934.276869
-580726756.215349
-583480301.696738
-580788540.683494
-581344146.390394
-583817593.138927
-582960450.160293
-580970757.268688
-581210954.263562
-581942460.412395
-581874058.048572
