-573152332.135719
-572028117.403617
-572263063.736286
-574631223.536793
-575628855.595288
-572350461.977067
-573399880.121855
-574039081.651132
-574292269.104612
-574172363.241631
-572214268.482385
-574415668.778240
-576176092.315720
-573786187.329401
-571882899.192107
-573161902.569139
-575288199.125139
-576933935.822297
-575024303.467626
-570907195.550762
-572028089.605256
-573629413.046924
-574735534.203925
-576462361.454808
-572848371.601588
-572095483.628421
-574242509.287900
-573037305.765915
-574397509.245609
-574968639.822247
-574122852.672419
-574012200.933714
-571518474.675983
-571957706.280020
-574845982.437943
-573430715.564216
-572848350.951761
-572214314.381547
-572214233.245317
-574000291.474167
-572563826.576369
-573488444.891125
-572691311.202137
-570968031.311008
-573460714.282712
-571956038.790057
-572724160.523028
-575323163.269296
-571960845.973431
-571438775.487454
-573551752.437388
-575508985.348538
-575483576.355621
-570904524.553033
-574611156.294700
-572764971.351817
-575511362.843836
-573274291.370512
-574134015.266931
-572683488.618015
-573740652.645647
-572105407.224091
-574068835.747615
-574740921.779180
-572108131.967212
-573491757.722688
-573898687.288555
