-143153391.492736
-143498326.454482
-143096383.334602
-143095940.463300
-143145539.747594
-143146485.599634
-143391416.517950
-143289877.966522
-143064820.891514
-143289373.232942
-143461312.559842
-143544709.593804
-143504084.858129
-143457222.748019
-143064820.789129
-143064379.740565
-143442788.148312
-143470623.999796
-143064821.456227
-143096398.056400
-143152270.219456
-143147857.639665
-143688415.535218
-143151842.970716
-143153390.470715
-143095948.726929
-143151849.157333
-143972737.105062
-143095940.625754
-143096384.258572
-143064818.192956
-143764672.411243
-143095947.405898
-143064828.739534
-143064825.831990
-143096393.535792
-143096382.625408
-143483867.699290
-143064379.333070
-143390982.341785
-143064818.718315
-143144896.890969
-143461310.676669
-143147652.769084
-143460874.379383
-143095942.387532
-143459912.275666
-143064823.676523
-143151849.291821
-143096390.120481
-143688424.982491
-143146483.821558
-143064428.289429
-143095940.384599
-143064827.709874
-143145542.748916
-143064821.135858
-143064388.602300
