-141255606.374022
-141210501.968202
-141075189.363539
-141443406.998947
-141195614.176470
-141000069.776057
-141077054.850036
-141104113.727506
-141259250.711463
-141177633.889928
-140850586.208480
-141469563.826188
-141291990.271489
-141164231.916691
-140889104.649851
-141169564.835294
-141223301.717743
-140851935.745778
-141077286.900649
-141259405.115188
-141130105.454798
-140889525.466229
-141000835.099584
-141330678.183834
-140859517.203798
-141315540.097144
-140887280.595919
-141357629.226031
-141314528.239281
-141237130.660441
-140889096.659490
-141075191.353073
-141130559.681403
-140857536.629544
-141876989.872545
-141196046.790431
-141252789.873714
-141301596.953562
-141178763.978001
-141219469.004147
-141238571.178959
-141350964.033699
-140853694.159364
-141237436.220185
-141198344.363180
-140855314.392668
-141130550.782579
-141157429.994189
-141134576.110572
-141130106.560994
-141000612.417377
-141313774.740000
-141350184.806446
-140857545.542786
-140851230.281962
-141515322.468707
-140852168.166987
-141029369.499926
-140888201.161304
-141075846.722551
-141310144.668631
-141201252.716761
-140882792.916636
-141185708.313524
-141077243.650839
-141314248.598875
-141266467.330283
-140850228.206766
-141126006.724930
-141202653.297752
-141635306.962571
-140852177.820273
-141889690.213242
-141303738.688263
-140859126.039393
-141506432.320326
-141287211.159551
-141084125.207103
-141184564.274056
-140853694.106950
-141260171.771484
-141225165.460863
-141248662.391133
-141181888.816979
-141262097.753426
-141202353.169310
-141132391.347504
-141286805.277248
-141405670.889276
-141199541.151114
-141267599.737129
-141130111.298473
-141162471.930147
-141130103.584838
-141281884.805513
-141195867.915380
-141195603.097310
-141159172.510127
-141305449.742915
-140855748.563791
