-139449747.656324
-138929934.369047
-139316634.467006
-139029742.311918
-139207198.651721
-139355385.388789
-138896449.302708
-139140643.889601
-139071688.828093
-138969247.975403
-138791067.152025
-138910990.322632
-139427717.989950
-138923288.689009
-139491356.202437
-138976931.480723
-138887825.677416
-139020734.241497
-138820195.776906
-139028511.525509
-138964865.825515
-139635695.847246
-138995990.962522
-139375469.371658
-139034800.124909
-138970714.710486
-139382335.417850
-139149772.400875
-139443783.982749
-138787759.893661
-138895475.235990
-138819775.353109
-138966913.109942
-139022614.637841
-139014367.915826
-138992310.631660
-139035054.941400
-139235337.462397
-139026518.502129
-139559824.082749
-138895228.897963
-139300486.445006
-138998958.173804
-139868393.168217
-139150252.441786
-139066873.819294
-139037135.001119
-139209040.106780
-139343751.641525
-139188695.067467
-139158333.112904
-139137210.687102
-139558969.917415
-139161869.630085
-139381854.330871
-138786625.936998
-138786628.112643
-139110580.198360
-138991895.501854
-139143426.417700
-139034434.205645
-139038749.250087
-139149651.122700
-139433823.797499
-139412561.813518
-139291024.370528
-139036235.152210
-139040744.009526
-138821190.240214
-139094114.585064
-138960049.471646
-139289392.234309
-138950681.681205
-138993439.160426
-139253893.823582
-139027394.844837
-139229397.008583
-139346021.299833
-139032094.155179
-139005418.397232
-139009466.362409
-138887468.310702
-139146618.271266
-139031646.769878
-139544848.929694
-139022162.061618
-139238333.724580
-139073722.391822
-139409556.447206
-139545058.763588
-138793350.738174
-139093420.569177
-139815969.778575
-138815727.655889
-139126888.355042
-139083614.188001
-139039839.116942
-139624462.626004
-139369763.667930
-138958773.008547
