  0.135815 688.023195
  0.131633 664.933371
  0.132617 659.202017
  0.133880 744.676542
  0.131935 747.033995
  0.132785 653.071708
  0.130657 661.061077
  0.129803 656.941502
  0.134654 703.793301
  0.132925 655.811770
  0.131379 720.303571
  0.137824 760.560107
  0.130707 722.714942
  0.135698 699.149610
  0.131993 702.156514
  0.136205 739.727906
  0.134710 710.445242
  0.135122 700.968604
  0.132078 640.004417
  0.138189 685.184132
  0.136025 681.803647
  0.136024 659.981040
  0.135921 701.138943
  0.134352 686.777155
  0.135214 662.457634
  0.128309 803.159163
  0.135663 671.758208
  0.130042 682.343500
  0.138070 675.510575
  0.132351 663.699415
  0.128675 724.616122
  0.133800 664.042566
  0.137547 693.693836
  0.138437 706.617098
  0.132998 662.697142
  0.131261 701.620089
  0.135460 656.853391
  0.134402 736.164572
  0.134132 712.450145
  0.135288 673.900636
  0.134975 653.323341
  0.132714 702.790001
  0.134959 688.300992
  0.134771 692.262774
  0.137909 746.736935
  0.130392 737.284664
  0.136110 666.859287
  0.135282 757.896423
  0.130776 710.691565
  0.134183 800.498688
  0.136036 824.101237
  0.131231 714.879428
  0.134706 783.603399
  0.135289 815.480780
  0.136270 728.034131
  0.136523 720.502033
  0.133853 752.844423
  0.133985 763.586874
  0.128328 735.466215
  0.134779 655.193842
  0.129916 683.153520
  0.132438 740.486071
  0.135509 818.617032
  0.130603 702.014378
  0.135217 702.885996
  0.133621 685.503514
  0.136816 619.857536
  0.134054 679.413437
  0.134025 688.921597
  0.136284 618.496623
  0.131172 688.459700
  0.135209 700.641103
  0.136059 656.549976
  0.133199 640.565825
  0.131321 681.736678
  0.135420 732.637224
  0.133083 630.579391
  0.134388 638.366585
  0.135376 679.632008
  0.132921 600.538024
  0.129446 609.817267
  0.130691 725.621054
  0.129025 731.510280
  0.130045 617.863816
  0.132781 638.722867
  0.133552 770.233463
  0.137555 667.096448
  0.133995 756.872378
  0.129142 661.378261
  0.134617 662.074128
  0.131836 754.598968
  0.128238 726.774957
  0.133343 690.965316
  0.132347 721.921374
  0.133553 657.381535
  0.132617 695.012231
  0.133116 781.148989
  0.132202 654.229677
  0.133766 658.880697
  0.138008 690.467587
  0.135414 823.642561
  0.134892 720.658230
  0.137322 805.250813
  0.134398 659.702314
  0.133049 707.160049
  0.131755 686.849410
  0.133334 680.530303
  0.135786 687.252908
  0.136349 622.663358
  0.132152 715.644176
  0.135494 649.666782
  0.132819 727.676085
  0.135668 742.493780
  0.130285 796.055616
  0.132226 666.491334
  0.132518 722.386519
  0.131530 737.839027
  0.130148 636.393551
  0.132263 714.522578
  0.137804 719.972371
  0.132938 719.795388
  0.134912 578.129353
  0.132276 708.028589
  0.135518 609.127515
  0.133971 622.539947
  0.137102 686.419861
  0.135864 615.269565
  0.133691 750.726108
  0.138679 702.858477
  0.135915 644.407935
  0.136927 696.543292
  0.136084 796.214415
  0.134057 737.535420
  0.133954 719.575586
  0.136958 691.969332
  0.134015 768.146240
  0.130987 671.924386
  0.134676 806.350051
  0.134727 696.154977
  0.135876 649.869479
  0.136535 739.308823
  0.136318 716.664430
  0.136192 752.501543
  0.132645 704.134020
  0.131273 708.764834
  0.132213 687.212880
  0.132674 712.990114
  0.134086 686.307997
  0.130624 669.884988
  0.133020 733.302160
  0.136176 722.159625
  0.135094 622.970780
  0.131093 690.893480
  0.134196 774.615754
  0.134938 738.517521
  0.133076 637.994997
  0.130969 743.748881
  0.135079 730.762235
  0.136070 665.917795
  0.135431 735.664147
  0.137421 735.598240
  0.135736 675.415994
  0.131131 699.936753
  0.131367 682.229765
  0.135102 718.769974
  0.133547 773.572114
  0.133419 655.123275
  0.135021 747.772632
  0.131364 756.045234
  0.137770 654.276514
  0.128519 693.555355
  0.134549 693.789513
  0.135109 713.218012
  0.135640 768.962184
  0.137617 665.243085
  0.134665 677.411153
  0.131293 682.557567
  0.134157 760.088063
  0.132263 787.830660
  0.132179 729.974974
  0.134707 658.181049
  0.127806 730.348345
  0.131920 746.847874
  0.135272 688.558177
  0.136167 664.884607
  0.129612 671.118049
  0.133742 772.712404
  0.129648 641.472318
  0.132034 673.029290
  0.135995 728.789961
  0.135761 792.062852
  0.133612 683.497656
  0.135430 743.470767
  0.132773 644.971769
  0.135032 777.829317
  0.136067 640.182164
  0.132189 720.545655
  0.134094 755.694980
  0.134014 735.812602
  0.131976 765.573192
  0.131787 711.585150
  0.136521 748.081350
  0.133266 750.649403
  0.130655 651.133219
  0.134050 558.154507
  0.130887 640.681957
  0.130677 711.224807
  0.131310 718.173175
  0.132935 689.358998
  0.134529 619.943086
  0.132429 746.375156
  0.130531 756.620291
  0.134781 663.822764
  0.133654 691.266906
  0.128436 681.620719
  0.128642 736.003036
  0.132761 619.933073
  0.132251 799.559832
  0.130178 850.542161
  0.132626 745.156268
  0.132908 727.640776
  0.134009 755.950914
  0.136400 693.623734
  0.138021 608.488091
  0.134057 705.100255
  0.129422 805.435405
  0.130601 760.742390
  0.131487 760.075243
  0.134376 643.348718
  0.136182 672.054389
  0.134604 709.919309
  0.130916 627.123623
  0.132675 861.221838
  0.132701 717.700832
  0.134821 707.366911
  0.135147 712.359533
  0.130965 654.922595
  0.134137 766.582651
  0.129586 690.232045
  0.137424 804.749254
  0.133109 779.732579
  0.132061 762.635003
  0.132098 794.038717
  0.130791 686.145529
  0.136612 708.336740
  0.136816 749.911664
  0.135684 737.409167
  0.131624 703.725999
  0.132819 646.504631
  0.128003 659.547260
  0.129594 709.923010
  0.131743 677.921448
  0.132573 668.482388
  0.131167 693.358786
  0.137898 661.611455
  0.130940 739.116221
  0.136355 720.644927
  0.135498 728.336402
  0.135548 619.541827
  0.136078 692.832105
  0.132489 637.131811
  0.131764 644.215762
  0.131766 694.763543
  0.131076 759.646673
  0.130742 740.638978
  0.134928 765.157056
  0.130996 609.107422
  0.133676 761.648467
  0.131802 754.904298
  0.134404 652.663324
  0.134239 685.763733
  0.134918 702.342428
  0.134151 725.086142
  0.135190 644.140580
  0.132255 757.847715
  0.128370 760.721830
  0.132236 666.935584
  0.136841 619.192900
  0.138641 728.698785
  0.135674 656.041947
  0.132614 669.512418
  0.136448 693.570464
  0.132393 686.534999
  0.129197 717.319087
  0.136505 730.991132
  0.133594 656.257745
  0.136435 592.068754
  0.137641 753.338457
  0.131585 699.384870
  0.131269 713.071168
  0.131434 656.125880
  0.135367 751.128433
  0.133069 716.973098
  0.133240 675.802305
  0.134285 653.366259
  0.129289 695.162964
  0.134627 660.336470
  0.136432 712.541686
  0.136142 657.008260
  0.134560 706.963191
  0.133851 620.640358
  0.134328 809.144841
  0.133087 699.767956
  0.137017 736.761170
  0.133712 706.585186
  0.137182 669.098666
  0.134744 660.053938
  0.132033 744.216540
  0.132844 646.426396
  0.130416 789.017505
  0.130626 699.706305
  0.131144 682.609988
  0.135328 668.446455
  0.135263 691.322673
  0.135476 706.187166
  0.134714 670.995134
  0.135540 676.586871
  0.135044 818.101760
  0.135454 838.477253
  0.134048 750.703461
  0.134284 718.230199
  0.133479 660.206805
  0.134483 628.260856
  0.136206 662.297271
  0.130662 648.861416
  0.133690 776.000828
  0.132853 656.116480
  0.130885 670.150795
  0.134323 587.054602
  0.132936 711.950441
  0.132528 698.199406
  0.134025 638.840984
  0.136554 673.961513
  0.137819 666.231647
  0.136666 631.069837
  0.132112 796.382717
  0.135344 648.248966
  0.132906 745.820637
  0.131678 765.443051
  0.135662 809.934447
  0.131151 685.623723
  0.133147 705.854044
  0.131817 761.059310
  0.134429 774.315279
  0.135252 652.943424
  0.134717 758.307631
  0.134578 799.966685
  0.133945 703.961842
  0.135227 723.266521
  0.136615 624.753991
  0.132071 646.536411
  0.134426 743.808283
  0.133885 658.572351
  0.130137 729.209937
  0.135299 664.395289
  0.136592 640.125100
  0.130723 694.457846
  0.133012 653.691525
  0.130068 661.714398
  0.132640 682.076377
  0.135942 583.142926
  0.130569 692.515079
  0.131924 648.462967
  0.132284 720.109496
  0.133125 831.632833
  0.133741 727.190721
  0.137848 709.948816
  0.135768 660.082602
  0.136704 741.446633
  0.134299 688.520995
  0.132409 733.603004
  0.135162 768.807797
  0.136014 717.226536
  0.131462 715.717541
  0.131060 732.281183
  0.134883 706.977786
  0.133902 792.100438
  0.133499 685.410546
  0.135440 679.300935
  0.133265 716.864637
  0.134617 771.907362
  0.133143 649.896569
  0.134841 805.174243
  0.134399 640.376498
  0.131829 760.665707
  0.135842 694.679931
  0.134077 772.431374
  0.136043 700.790781
  0.137871 696.232090
  0.133255 798.217528
  0.135408 683.153817
  0.132002 660.897037
  0.132604 783.460679
  0.132858 679.270097
  0.134240 685.309126
  0.134036 741.422505
  0.129204 568.902158
  0.131813 676.801554
  0.134727 678.028257
  0.133917 808.557880
  0.131468 791.363339
  0.132870 703.341313
  0.131378 785.472940
  0.130914 672.360925
  0.129988 633.663710
  0.136050 748.540449
  0.134765 684.810510
  0.131041 725.336713
  0.130626 674.557802
  0.130081 761.048390
  0.133376 737.147464
  0.137603 690.316526
  0.136174 762.070429
  0.135264 610.604352
  0.133058 712.703002
  0.133836 721.845764
  0.129084 672.389738
  0.131224 734.126729
  0.133853 777.888878
  0.135528 760.481707
  0.131218 598.591436
  0.131831 600.457475
  0.133894 650.316834
  0.134666 622.388937
  0.137121 633.450030
  0.133811 726.023411
  0.135995 701.863971
  0.135459 637.389926
  0.128995 712.261113
  0.129507 731.856792
  0.134130 659.891799
  0.134390 735.727482
  0.135663 728.579851
  0.130958 768.091200
  0.137507 596.910430
  0.132788 621.277124
  0.133436 663.764817
  0.132490 694.593055
  0.134687 657.611198
  0.133318 717.558896
  0.132060 631.686540
  0.132270 671.358664
  0.131112 749.273342
  0.135727 744.178970
  0.133862 729.580658
  0.133833 681.309337
  0.135729 628.646615
  0.134642 788.522099
  0.138329 756.287045
  0.135402 605.565218
  0.134746 581.973161
  0.131940 781.170890
  0.135625 689.040964
  0.133666 680.586780
  0.133759 779.407656
  0.133701 743.438884
  0.132382 626.713745
  0.137565 591.637532
  0.136648 638.671522
  0.134839 723.901810
  0.132119 648.753903
  0.132435 706.417090
  0.134896 746.912332
  0.131704 678.934450
  0.131619 740.420641
  0.135722 730.435015
  0.133097 676.594128
  0.135426 687.522013
  0.134528 716.070856
  0.135599 684.531250
  0.130789 695.848532
  0.132281 750.069210
  0.132734 714.519849
  0.132105 713.303913
  0.131037 667.622213
  0.132406 700.394110
  0.134220 789.738989
  0.134560 745.920578
  0.132567 703.361110
  0.133635 628.087517
  0.135003 721.396544
  0.132008 758.225601
  0.134358 650.726730
  0.135217 711.991821
  0.135454 667.135610
  0.135410 710.596481
  0.133830 717.460962
  0.132462 696.295237
  0.134452 637.904056
  0.136094 633.836458
  0.135776 699.552546
  0.131963 671.959003
  0.134730 779.392876
  0.133437 690.464438
  0.136271 660.480278
  0.136500 734.949042
  0.137410 755.014980
  0.134665 676.564426
  0.135689 707.404647
  0.131744 630.923856
  0.133139 642.450365
  0.134786 680.037309
  0.134461 677.043458
  0.132407 767.120865
  0.135757 723.742597
  0.134238 824.048008
  0.129513 734.278677
  0.133731 712.407907
  0.132025 720.988485
  0.135064 680.074316
  0.134275 808.795804
  0.135434 644.557550
  0.130934 739.636936
  0.132353 597.889871
  0.127921 793.199156
  0.135608 739.866165
  0.132694 715.263830
  0.136392 696.970637
  0.133326 734.754147
  0.135378 659.806087
  0.133232 692.804135
  0.133349 697.320004
  0.131884 745.860667
  0.133625 698.666632
  0.132565 716.437153
  0.130507 741.940316
  0.133328 670.131736
  0.133050 700.024646
  0.136148 631.525722
  0.131024 686.080167
  0.128852 696.316051
  0.137576 772.434293
  0.134122 821.492762
  0.132444 740.681438
  0.132802 682.222001
  0.136358 707.314883
  0.131274 665.581050
  0.136015 742.248466
  0.134701 727.649403
  0.132881 766.882636
  0.132529 680.613181
  0.131719 626.309116
  0.132600 742.978353
  0.135328 639.270031
  0.133155 727.243681
  0.133699 712.335355
  0.131073 689.640640
  0.133024 611.215937
  0.135228 648.752085
  0.133242 754.270508
  0.135622 610.406863
  0.133060 697.106345
  0.136129 716.386291
  0.136516 803.707139
  0.131380 737.081613
  0.134166 675.279888
  0.131148 707.633373
  0.136049 631.470838
  0.132807 777.082714
  0.133682 689.623874
  0.130220 728.744828
  0.131640 604.387720
  0.134887 635.527495
  0.133763 664.249834
  0.129810 685.258017
  0.132357 684.212330
  0.134857 716.729666
  0.132830 611.758421
  0.137621 700.841852
  0.133551 763.696194
  0.137684 768.890833
  0.138743 742.915932
  0.138961 698.077660
  0.136277 708.957794
  0.137325 652.781944
  0.134756 675.172699
  0.135669 630.066356
  0.135837 666.245271
  0.132711 681.632777
  0.132350 727.002132
  0.133379 679.866841
  0.134681 633.285321
  0.134712 693.338363
  0.133503 728.314082
  0.134030 747.375690
  0.133533 744.156096
  0.135591 753.991299
  0.133346 716.459390
  0.135938 728.203125
  0.134935 724.171685
  0.134274 731.603643
  0.133183 675.581370
  0.131612 685.594108
  0.134185 745.535454
  0.133427 787.449921
  0.132175 704.257331
  0.136060 671.991280
  0.132724 690.230116
  0.134769 638.938091
  0.131983 623.906849
  0.134898 727.215994
  0.134428 751.612338
  0.135766 809.969462
  0.135438 719.321868
  0.133624 666.751085
  0.134314 687.619538
  0.134438 695.678733
  0.132261 746.486559
  0.132089 704.842513
  0.132016 637.053909
  0.131511 771.799692
  0.135092 741.498270
  0.129145 712.006968
  0.133304 704.655162
  0.132501 723.073892
  0.134896 732.610506
  0.134038 788.509493
  0.134779 660.060729
  0.136593 764.624927
  0.132615 782.142063
  0.135761 764.882040
  0.135250 703.544254
  0.136779 741.230571
  0.132528 757.447763
  0.131107 603.196846
  0.132541 648.952272
  0.132969 683.716673
  0.134454 783.528147
  0.132314 673.690081
  0.135085 736.728311
  0.134186 695.819313
  0.135498 710.173103
  0.135578 705.848904
  0.132793 753.449805
  0.133299 715.281802
  0.132392 677.706732
  0.134232 764.486695
  0.136255 691.075048
  0.132217 653.542797
  0.129771 756.929707
  0.135071 701.383328
  0.133110 696.515079
  0.135831 762.369029
  0.134477 754.319148
  0.129152 732.174560
  0.134776 748.032339
  0.131743 701.606792
  0.133523 777.253971
  0.128951 732.204457
  0.135556 688.187619
  0.135303 632.839207
  0.134440 669.485506
  0.134276 705.948314
  0.131990 729.877484
  0.134904 708.312943
  0.132393 713.970907
  0.134065 714.846726
  0.132237 811.563509
  0.135183 755.771677
  0.132589 755.272163
  0.134081 656.382183
  0.131629 623.136630
  0.130719 765.976447
  0.135194 640.305220
  0.136563 789.445323
  0.132164 768.641989
  0.131007 782.937992
  0.136017 803.855153
  0.134586 709.164498
  0.127330 669.067700
  0.132700 731.204016
  0.130287 721.187198
  0.134203 681.220334
  0.132820 713.050597
  0.137657 732.490827
  0.132816 661.732772
  0.134315 687.740831
  0.138008 664.711962
  0.128588 648.729794
  0.130064 671.845753
  0.130703 717.558533
  0.133914 644.282472
  0.131123 739.591857
  0.135864 679.819108
  0.128332 628.820646
  0.132450 686.031557
  0.130631 766.928795
  0.131577 734.197251
  0.127190 710.739945
  0.132627 688.976591
  0.135380 827.170035
  0.133851 820.676482
  0.134679 702.575733
  0.134646 802.480589
  0.134644 724.405337
  0.130341 793.111816
  0.132596 689.947067
  0.129798 673.065611
  0.130468 676.484672
  0.136209 838.897250
  0.129122 823.672607
  0.133265 711.966644
  0.132933 732.264553
  0.131628 726.566806
  0.131384 749.977141
  0.130725 728.435570
  0.132888 824.939089
  0.133562 695.073020
  0.137383 768.044682
  0.133160 685.010515
  0.131462 765.142205
  0.127212 742.493216
  0.129351 743.165481
  0.130335 643.908855
  0.132648 730.517068
  0.132756 676.155562
  0.135306 702.490292
  0.133420 697.748785
  0.135638 633.686304
  0.134663 551.553019
  0.138702 725.221625
  0.136641 709.177913
  0.132158 604.930733
  0.129872 686.677448
  0.136097 661.633522
  0.135832 742.027250
  0.135492 712.287173
  0.136166 671.327607
  0.133072 850.917321
  0.134186 664.120835
  0.131648 646.810380
  0.136880 656.393865
  0.139061 733.247198
  0.133910 730.515003
  0.135158 631.787692
  0.133621 671.983540
  0.134777 631.282611
  0.136983 653.565060
  0.132022 732.905608
  0.137026 645.436845
  0.134569 662.331158
  0.135483 692.679036
  0.134125 661.543975
  0.134457 696.249259
  0.134299 764.152144
  0.136548 770.327270
  0.132174 615.492523
  0.133447 670.739483
  0.134768 735.022378
  0.132824 672.730951
  0.134054 633.494798
  0.132563 699.662119
  0.134952 699.650521
  0.134689 670.612295
  0.134228 680.994024
  0.129124 698.380828
  0.130841 723.673472
  0.132911 755.335390
  0.135421 679.148574
  0.135481 763.600898
  0.133556 674.548287
  0.133123 639.455735
  0.135306 620.811226
  0.132093 719.956518
  0.135123 773.219472
  0.136128 680.418691
  0.132709 676.390920
  0.135486 726.098107
  0.130708 767.755167
  0.133933 771.798137
  0.133182 802.251828
  0.135377 657.052029
  0.134541 696.728029
  0.133959 614.522649
  0.131523 626.929121
  0.128666 714.942822
  0.134174 693.963697
  0.133215 755.441999
  0.132502 719.861668
  0.135715 658.232066
  0.133152 724.821636
  0.133852 867.814965
  0.132385 671.350704
  0.134396 689.251177
  0.134833 610.647005
  0.135012 611.161325
  0.134149 668.939086
  0.136330 746.612911
  0.133332 740.690513
  0.131755 665.250365
  0.132857 663.146026
  0.135112 655.567103
  0.134396 680.670867
  0.134411 709.244421
  0.135215 738.482854
  0.134444 738.736332
  0.133550 685.047515
  0.137596 663.593991
  0.132500 689.454195
  0.135095 672.359922
  0.128026 724.323021
  0.132029 675.566565
  0.130805 757.173303
  0.136030 599.676690
  0.134616 680.962977
  0.133044 712.123774
  0.135386 674.051438
  0.134005 724.967967
  0.132321 696.040239
  0.135772 746.591546
  0.134681 674.820650
  0.129494 670.573492
  0.136238 686.421786
  0.134475 735.456310
  0.131415 682.589356
  0.130863 716.877594
  0.131310 670.193430
  0.130537 593.552970
  0.130345 718.722053
  0.136490 725.893822
  0.133511 786.416550
  0.136868 696.456794
  0.131056 708.035941
  0.134902 651.539993
  0.129766 748.717521
  0.131578 762.654459
  0.134676 659.401986
  0.136441 609.347629
  0.137122 763.244298
  0.133960 686.625128
  0.134273 695.057408
  0.137425 717.008152
  0.131329 728.258111
  0.137021 663.830172
  0.131595 636.880101
  0.135165 688.717318
  0.129387 591.093032
  0.134680 603.099374
  0.134732 747.896367
  0.134833 652.246513
  0.136018 755.648322
  0.134241 737.104315
  0.133935 634.701762
  0.134021 694.244037
  0.134783 740.102820
  0.130403 714.988899
  0.133934 827.830178
  0.134281 723.079761
  0.134350 777.053417
  0.137977 693.131191
  0.129104 718.750461
  0.134930 810.104017
  0.138845 695.097688
  0.131408 743.291393
  0.134403 751.790282
  0.135027 679.078591
  0.137551 763.051194
  0.137921 755.078150
  0.133313 749.176985
  0.132910 799.292257
  0.137410 778.031530
  0.135338 717.529912
  0.135501 683.369728
  0.132847 762.115133
  0.128381 777.091210
  0.132590 762.617312
  0.138822 640.916618
  0.139975 646.457621
  0.135676 749.439123
  0.134276 633.528719
  0.131768 699.046353
  0.139323 686.927997
  0.134473 688.037231
  0.136765 676.218969
  0.132700 663.198391
  0.132901 726.858834
  0.134920 702.788681
  0.133280 696.172789
  0.132681 768.587265
  0.133718 672.697171
  0.137767 770.132627
  0.132354 691.036443
  0.131152 760.570896
  0.134317 604.564211
  0.131733 730.468751
  0.131684 669.913275
  0.133568 703.459293
  0.128530 694.652385
  0.134601 708.829101
  0.134533 720.325623
  0.135009 694.267816
  0.132129 745.260819
  0.131140 733.092630
  0.127850 638.641564
  0.131776 771.743582
  0.132849 633.192939
  0.134658 696.335362
  0.134167 740.511265
  0.134133 794.988497
  0.129435 590.238642
  0.133064 704.458836
  0.132721 714.168894
  0.135868 685.744272
  0.132755 651.631566
  0.133284 680.928563
  0.135587 774.619520
  0.135512 626.131685
  0.136784 647.934347
  0.135916 627.674060
  0.136661 707.150696
  0.134317 572.129512
  0.134190 655.375781
  0.132055 668.789068
  0.134630 690.717135
  0.131360 639.163995
  0.134931 732.389340
  0.133360 694.351009
  0.128006 679.355097
  0.131782 690.387210
  0.133190 697.506995
  0.132040 658.625183
  0.134627 720.380831
  0.134931 683.521509
  0.130779 704.813645
  0.132930 584.796173
  0.132773 701.666318
  0.128765 688.842303
  0.134087 710.063521
  0.131917 623.635470
  0.136752 684.125474
  0.133904 769.735588
  0.135980 692.845005
  0.133316 693.401600
  0.132205 616.359778
  0.132202 713.355093
  0.132302 688.637968
  0.135053 689.341004
  0.133553 637.354270
  0.135739 650.306194
  0.132549 719.147386
  0.134338 748.438679
  0.136644 695.083842
  0.132903 778.210891
  0.133583 705.966764
  0.134109 658.767595
  0.131997 747.052612
  0.138658 746.106733
  0.133711 617.293522
  0.131548 683.121488
  0.134433 700.969840
  0.133537 711.142061
  0.137332 707.717704
  0.128574 704.811088
  0.131539 727.831252
  0.133284 761.733099
  0.136638 790.934583
  0.130665 714.316315
  0.132996 671.285574
  0.131922 728.576233
  0.136236 690.442181
  0.134826 856.368915
  0.131641 713.331277
  0.133140 601.118313
  0.134656 881.970307
  0.135633 652.797154
  0.130329 682.553327
  0.134827 636.042102
  0.137359 654.058197
  0.131638 713.869661
  0.135209 702.704395
  0.134387 610.682728
  0.135748 726.361388
  0.134539 759.494073
  0.134950 749.293958
  0.135990 753.199163
  0.132657 733.167960
  0.138399 615.380322
  0.134290 792.831228
  0.136216 733.938553
  0.138653 776.205113
  0.135042 762.157397
  0.132799 772.498284
  0.135069 731.433241
  0.136559 695.026388
  0.132859 710.916352
  0.129953 763.455307
  0.135844 649.030498
  0.136002 706.354463
  0.132149 688.317567
  0.129439 694.217293
  0.131784 744.278822
  0.129164 600.245844
  0.133683 799.350367
  0.136442 614.058857
  0.135283 699.134914
  0.132746 753.767675
  0.131823 656.858950
  0.136456 756.245369
  0.132393 798.318506
  0.133421 691.427911
  0.134781 690.098282
  0.132633 697.119144
  0.133938 792.134357
  0.135313 692.878551
  0.131635 684.603732
  0.136185 643.726762
  0.131130 743.952595
  0.135062 698.157464
  0.132287 683.815374
  0.133189 667.203394
  0.134921 663.170735
  0.137109 700.692851
  0.132975 694.840894
  0.134055 669.024888
  0.132730 725.264393
  0.132222 713.645915
  0.132827 671.428945
  0.136330 689.781163
  0.132671 654.780059
  0.135123 612.790997
  0.134536 717.950901
  0.135520 662.685717
  0.137017 667.701142
  0.136878 684.122822
  0.132126 689.298558
  0.130665 722.723533
  0.128901 689.326446
  0.129428 722.641963
  0.134836 660.754169
  0.134042 730.272707
  0.135940 628.477659
  0.132488 709.036477
  0.133763 674.783156
  0.134245 720.862281
  0.131036 712.260942
  0.132532 766.684316
  0.133323 681.098416
  0.131570 832.446459
  0.130262 709.345089
  0.134031 669.558989
  0.133447 707.327021
  0.131099 713.574845
  0.134557 661.567078
  0.129840 694.712265
  0.132895 774.762386
  0.133709 755.267071
  0.134452 666.673299
  0.133497 698.714892
  0.131476 671.376179
  0.133322 649.833333
  0.132043 705.524281
  0.135285 757.215246
  0.136153 720.936243
  0.131065 758.124130
  0.130120 650.531466
  0.131039 767.735307
  0.136411 810.917195
  0.135279 748.384013
  0.133425 667.841624
  0.132813 754.605207
  0.132446 749.478066
  0.134396 727.002234
  0.135190 729.464887
  0.138440 713.892357
  0.132327 730.119111
  0.136085 665.907764
  0.131046 644.031549
  0.129772 668.873922
  0.136718 765.899740
  0.134144 812.184711
  0.134434 635.268765
  0.131862 616.267473
  0.137133 705.379851
  0.133466 682.077412
  0.130990 731.143843
  0.133287 709.416779
  0.133581 705.455839
  0.131850 769.716529
  0.131619 786.204335
  0.132831 744.544795
  0.128167 742.855052
  0.136328 630.366351
  0.131063 677.382225
  0.129166 669.691087
  0.130798 716.308805
  0.133534 689.138705
  0.134893 775.724453
  0.131491 634.462221
  0.135638 673.235453
  0.136294 634.458977
  0.134496 677.143228
  0.132020 729.560790
  0.135999 604.440653
  0.134540 775.917034
  0.132987 777.233579
  0.133376 686.826879
  0.134930 638.307328
  0.134747 670.526906
  0.135279 772.038242
  0.135516 703.417709
  0.131701 737.413424
  0.134201 671.730598
  0.129998 680.084787
  0.136854 694.144085
  0.131139 704.132242
  0.132596 690.816787
  0.132410 617.614473
  0.132828 865.259695
  0.133500 607.298300
  0.128453 722.328674
  0.134072 772.283110
  0.135282 639.607080
  0.133695 692.768640
  0.132359 720.555831
  0.135149 725.986657
  0.133251 688.203438
  0.134003 691.746585
  0.135515 697.107613
  0.133682 637.964206
  0.134619 766.059638
  0.134743 700.378377
  0.134035 763.999187
  0.131430 687.292959
  0.134710 751.694259
  0.133277 702.256561
  0.131173 748.219403
  0.133124 791.905440
  0.132904 732.394516
  0.132755 827.184520
  0.134166 714.598694
  0.126792 737.015563
  0.136972 735.470820
  0.133005 633.196265
  0.136082 737.227601
  0.135603 699.355221
  0.134376 698.780666
  0.134802 627.428003
  0.134098 592.298039
  0.130784 746.841609
  0.132079 690.178212
  0.131237 625.126569
  0.136808 658.272699
  0.133960 730.518249
  0.133460 683.030258
  0.133597 662.784388
  0.132727 780.877297
  0.131387 731.418621
  0.128748 711.686455
  0.133586 739.569822
  0.132280 749.447074
  0.132585 731.250974
  0.133466 732.545759
  0.129254 765.549052
  0.126467 751.933063
  0.133644 660.671422
  0.133485 694.732746
  0.137459 653.574782
  0.134125 777.097295
  0.132660 678.665396
  0.134204 663.358550
  0.135124 691.649069
  0.134314 634.821508
  0.134770 735.314412
  0.133033 698.264622
  0.137361 690.400964
  0.133410 652.666023
  0.130641 717.995558
  0.132883 714.715445
  0.136364 603.414142
  0.131580 637.103986
  0.132798 645.208702
  0.132312 698.316620
  0.130895 764.595115
  0.132818 625.475477
  0.134017 755.277698
  0.133846 661.439736
  0.131905 709.035229
  0.136719 707.165663
  0.129782 637.104458
  0.133881 708.948273
  0.135663 727.753527
  0.135216 828.179656
  0.136531 675.801421
  0.133419 772.755654
  0.131054 682.952363
  0.129172 650.844016
  0.129715 768.298891
  0.132573 719.140704
  0.134504 704.990250
  0.134183 629.738534
  0.134523 666.691687
  0.132738 633.950060
  0.134089 781.755444
  0.135384 683.131389
  0.133268 662.224784
  0.129183 729.224983
  0.131013 701.618034
  0.132528 614.522305
  0.136026 570.927385
  0.135250 666.773581
  0.133027 696.320797
  0.133260 595.057739
  0.133757 616.964777
  0.134729 630.848082
  0.135016 753.399810
  0.131882 669.147627
  0.135756 664.865112
  0.137863 777.736078
  0.134143 610.969546
  0.129145 746.710119
  0.135954 686.251426
  0.134598 745.431136
  0.132167 710.760339
  0.133129 775.493425
  0.133513 635.760391
  0.135849 689.417131
  0.134288 705.198964
  0.133993 765.508190
  0.135717 657.573549
  0.133052 757.108156
  0.132958 614.845265
  0.131951 652.776358
  0.131800 761.467590
  0.134419 733.461939
  0.136261 715.076146
  0.133827 687.689725
  0.134599 676.100893
  0.134144 736.058509
  0.136264 784.141051
  0.132244 713.192740
  0.132252 679.527427
  0.134581 790.218842
  0.129685 765.976020
  0.132689 686.841877
  0.130522 726.245684
  0.130983 792.312348
  0.135039 797.985558
  0.132826 732.306165
  0.130299 677.191120
  0.130653 616.272757
  0.132791 647.681014
  0.135960 678.994078
  0.132559 629.029512
  0.132003 633.866751
  0.130436 710.293500
  0.133388 732.143781
  0.133025 731.065294
  0.133845 817.422508
  0.135729 681.853839
  0.136990 729.052723
  0.137883 777.670793
  0.138213 739.535189
  0.136283 748.876972
  0.132232 661.516791
  0.135189 708.867452
  0.132464 785.234989
  0.137617 652.605652
  0.131315 723.829560
  0.130286 713.667616
  0.134200 739.009991
  0.135479 633.018342
  0.132459 756.129596
  0.134124 725.842643
  0.136862 676.220303
  0.138328 794.498602
  0.130971 694.324485
  0.135004 644.674454
  0.134112 701.345074
  0.131051 690.876897
  0.134799 769.327454
  0.129887 645.949593
  0.128554 650.633773
  0.129730 730.666534
  0.130640 686.242840
  0.132083 764.976205
  0.133849 630.839692
  0.129238 609.124520
  0.132652 693.794519
  0.133984 642.819880
  0.134108 680.546912
  0.133094 615.898817
  0.133690 702.176829
  0.134425 689.886271
  0.136262 727.245163
  0.135187 699.368968
  0.131605 693.503828
  0.135557 846.248070
  0.132338 747.626668
  0.135763 588.026099
  0.134797 723.179311
  0.134105 691.949221
  0.134185 743.289337
  0.134620 690.176168
  0.135330 759.077344
  0.133356 769.595969
  0.129967 717.421839
  0.131776 594.539716
  0.137809 731.131808
  0.133228 657.868358
  0.130429 727.229764
  0.135008 757.982891
  0.132265 745.852286
  0.139659 783.665332
  0.138281 649.719672
  0.130564 694.805033
  0.132911 719.243388
  0.134204 717.147719
  0.136200 660.829049
  0.133826 704.613054
  0.134696 785.783151
  0.131816 631.725953
  0.134786 781.537638
  0.137105 734.231697
  0.133340 749.567993
  0.129217 681.295539
  0.132928 724.565350
  0.133284 735.187268
  0.132003 654.792515
  0.132915 590.814517
  0.132745 701.844647
  0.129953 646.624771
  0.134734 724.206700
  0.132984 691.683654
  0.133930 708.837546
  0.130828 677.845822
  0.133909 719.589179
  0.134609 783.613196
  0.136015 669.862336
  0.138266 620.751223
  0.131741 728.796153
  0.136336 657.143955
  0.140476 611.844385
  0.134624 716.221135
  0.128656 773.671959
  0.135282 653.066532
  0.136444 661.133421
  0.132663 746.529889
  0.130794 648.888445
  0.133669 746.447526
  0.135426 711.752721
  0.134407 744.595969
  0.132717 651.784786
  0.132710 703.506134
  0.136342 791.642606
  0.132889 728.215999
  0.134916 814.842989
  0.132851 673.326596
  0.133289 781.257787
  0.136324 603.057067
  0.137184 800.514005
  0.131040 732.243921
  0.133527 712.050852
  0.135936 719.551923
  0.135523 706.926915
  0.134488 638.932413
  0.135659 754.290724
  0.131530 746.430403
  0.131516 675.787914
  0.136641 653.258169
  0.138194 723.853341
  0.136059 699.896625
  0.133540 724.632543
  0.135922 674.340724
  0.135094 836.931892
  0.137103 744.010277
  0.132103 776.531592
  0.135617 794.386202
  0.135226 718.590550
  0.133475 632.213706
  0.132072 724.310203
  0.136058 680.918939
  0.134195 716.238393
  0.132827 826.150029
  0.132283 619.185189
  0.136153 781.473236
  0.133516 654.361316
  0.135818 743.090271
  0.134575 759.083385
  0.131418 706.740779
  0.133060 722.860817
  0.133190 657.360594
  0.136056 681.054447
  0.134798 672.014828
  0.138315 713.501853
  0.131867 833.325248
  0.132994 725.128476
  0.132888 644.257995
  0.133158 692.184811
  0.130970 673.678712
  0.131957 684.052262
  0.128758 704.278300
  0.137742 712.455751
  0.132368 667.226146
  0.133328 731.768068
  0.136311 799.220358
  0.133063 781.553599
  0.134627 705.163896
  0.134713 707.869125
  0.136759 773.780057
  0.137691 677.080317
  0.136179 760.678269
  0.131654 728.567503
  0.135314 663.413257
  0.133847 725.026998
  0.131637 705.762491
  0.132687 689.228743
  0.131056 776.169331
  0.134368 818.544248
  0.135277 777.772724
  0.133129 738.693529
  0.132645 665.847517
  0.131986 809.162113
  0.135532 642.597753
  0.136464 720.985672
  0.134755 702.180398
  0.137568 659.650239
  0.130570 702.273730
  0.135500 688.336833
  0.133302 705.668644
  0.132896 684.401670
  0.135633 599.022804
  0.132940 699.167049
  0.135716 636.959820
  0.134111 685.278726
  0.132868 713.787620
  0.137457 652.654283
  0.133604 719.375654
  0.130060 760.599291
  0.129654 653.536183
  0.133973 704.100579
  0.131237 745.431234
  0.135123 741.868008
  0.133589 705.941744
  0.134937 653.008095
  0.136098 757.609343
  0.133701 832.521327
  0.135250 640.124433
  0.135272 747.145017
  0.131952 680.559943
  0.133684 724.161164
  0.133126 900.604271
  0.130649 728.909486
  0.130564 691.659488
  0.136285 730.552523
  0.134013 759.772279
  0.135289 729.352074
  0.133018 672.992350
  0.138236 660.236600
  0.133270 719.502812
  0.138104 750.306193
  0.136607 692.815882
  0.136403 732.536679
  0.134263 717.399728
  0.132069 687.027872
  0.133023 744.112572
  0.137083 712.232718
  0.132838 648.776234
  0.133879 690.497318
  0.129700 744.937044
  0.129944 627.465702
  0.131604 706.844756
  0.132445 753.423958
  0.132182 763.039516
  0.133075 722.845444
  0.132210 757.559591
  0.133566 731.551787
  0.134680 756.373814
  0.136070 733.333639
  0.133263 743.035292
  0.132129 731.610537
  0.134950 702.934995
  0.135139 778.516045
  0.137707 697.085293
  0.134060 756.381945
  0.133571 778.463355
  0.134267 856.885215
  0.134828 638.966698
  0.137726 700.662403
  0.136416 755.603910
  0.134325 709.310291
  0.135255 703.662551
  0.135310 663.423179
  0.132720 841.373434
  0.129027 773.905761
  0.134883 664.342496
  0.134693 601.801012
  0.132569 799.547813
  0.133137 797.564988
  0.135275 686.992804
  0.130666 654.834538
  0.135496 667.886969
  0.131656 769.084132
  0.139546 586.399385
  0.136850 754.552482
  0.130801 795.978764
  0.134868 732.604258
  0.133173 705.367804
  0.133013 631.122107
  0.134095 716.900343
