 0.000000  0.037963
 0.000000  0.069904
 0.000000  0.037000
 0.000000  0.034442
 0.000000  0.019569
 0.000000  0.025785
 0.000000  0.022742
 0.000000  0.045719
 0.000000  0.032241
 0.000000  0.036252
 0.000000  0.033023
 0.000000  0.122454
 0.000000  0.070461
 0.000000  0.246004
 0.000000  0.056456
 0.000000  0.046288
 0.000000  0.151103
 0.000000  0.030918
 0.000000  0.053916
 0.000000  0.292746
 0.000000  0.180402
 0.000000  0.236366
 0.000000  0.027369
 0.000000  0.026513
 0.000000  0.039375
 0.000000  0.027616
 0.000000  0.107195
 0.000000  0.097880
 0.000000  0.029780
 0.000000  0.066871
 0.000000  0.050615
 0.000000  0.039014
 0.000000  0.083603
 0.000000  0.025388
 0.000000  0.079867
 0.000000  0.031206
 0.000000  0.058364
 0.000000  0.145647
 0.000000  0.139391
 0.000000  0.119699
 0.000000  0.028020
 0.000000  0.196457
 0.000000  0.135425
 0.000000  0.113840
 0.000000  0.086136
 0.000000  0.083551
 0.000000  0.033906
 0.000000  0.034469
 0.000000  0.235223
 0.000000  0.202483
 0.000000  0.087985
 0.000000  0.102541
 0.000000  0.077913
 0.000000  0.119183
 0.000000  0.259646
 0.000000  0.155640
 0.000000  0.110856
 0.000000  0.023439
 0.000000  0.030177
 0.000000  0.057123
 0.000000  0.089922
 0.000000  0.117537
 0.000000  0.069951
 0.000000  0.040793
 0.000000  0.043843
 0.000000  0.042365
 0.000000  0.066879
 0.000000  0.060237
 0.000000  0.031042
 0.000000  0.133838
 0.000000  0.041566
 0.000000  0.040286
 0.000000  0.060522
 0.000000  0.037652
 0.000000  0.051550
 0.000000  0.083735
 0.000000  0.213337
 0.000000  0.045444
 0.000000  0.291817
 0.000000  0.075239
 0.000000  0.024088
 0.000000  0.032698
 0.000000  0.025425
 0.000000  0.023363
 0.000000  0.042950
 0.000000  0.067953
 0.000000  0.033180
 0.000000  0.016314
 0.000000  0.026705
 0.000000  0.030990
 0.000000  0.025617
 0.000000  0.026609
 0.000000  0.025969
 0.000000  0.024768
 0.000000  0.021303
 0.000000  0.016263
 0.000000  0.027963
 0.000000  0.048182
 0.000000  0.025857
 0.000000  0.057649
 0.000000  0.118480
 0.000000  0.067015
 0.000000  0.030667
 0.000000  0.033468
 0.000000  0.034731
 0.000000  0.125799
 0.000000  0.023037
 0.000000  0.107533
 0.000000  0.022573
 0.000000  0.083988
 0.000000  0.041082
 0.000000  0.121376
 0.000000  0.073189
 0.000000  0.023931
 0.000000  0.092710
 0.000000  0.025185
 0.000000  0.029027
 0.000000  0.053228
 0.000000  0.019258
 0.000000  0.067945
 0.000000  0.024905
 0.000000  0.025815
 0.000000  0.039296
 0.000000  0.042574
 0.000000  0.036184
 0.000000  0.068517
 0.000000  0.107712
 0.000000  0.077993
 0.000000  0.022018
 0.000000  0.077072
 0.000000  0.043067
 0.000000  0.237358
 0.000000  0.046446
 0.000000  0.085361
 0.000000  0.032068
 0.000000  0.077918
 0.000000  0.042145
 0.000000  0.274756
 0.000000  0.035087
 0.000000  0.061135
 0.000000  0.199993
 0.000000  0.067108
 0.000000  0.070294
 0.000000  0.036179
 0.000000  0.026643
 0.000000  0.026352
 0.000000  0.026491
 0.000000  0.062797
 0.000000  0.040624
 0.000000  0.026980
 0.000000  0.057031
 0.000000  0.044582
 0.000000  0.050110
 0.000000  0.069333
 0.000000  0.073162
 0.000000  0.043522
 0.000000  0.027484
 0.000000  0.035297
 0.000000  0.214433
 0.000000  0.026941
 0.000000  0.070568
 0.000000  0.111066
 0.000000  0.056235
 0.000000 12.372292
 0.000000  0.217860
 0.000000  0.080975
 0.000000  0.037505
 0.000000  0.025791
 0.000000  0.021984
 0.000000  0.047534
 0.000000  0.037713
 0.000000  0.019850
 0.000000  0.027300
 0.000000  0.025606
 0.000000  0.034554
 0.000000  0.050181
 0.000000  0.060644
 0.000000  0.064922
 0.000000  0.025242
 0.000000  0.032468
 0.000000  0.062920
 0.000000  0.040200
 0.000000  0.065914
 0.000000  0.054469
 0.000000  0.019833
 0.000000  0.024183
 0.000000  0.060504
 0.000000  0.029735
 0.000000  0.024209
 0.000000  0.042579
 0.000000  0.166295
 0.000000  0.091164
 0.000000  0.036083
 0.000000  0.093786
 0.000000  0.030150
 0.000000  0.110553
 0.000000  0.051346
 0.000000  0.208989
 0.000000  0.131499
 0.000000  0.078908
 0.000000  0.087711
 0.000000  0.034274
 0.000000  0.066731
 0.000000  0.039095
 0.000000  0.012935
 0.000000  0.024103
 0.000000  0.028776
 0.000000  0.066475
 0.000000  0.026793
 0.000000  0.021977
 0.000000  0.038908
 0.000000  0.042314
 0.000000  0.026128
 0.000000  0.096128
 0.000000  0.026847
 0.000000  0.050585
 0.000000  0.045084
 0.000000  0.018524
 0.000000  0.049797
 0.000000  0.037916
 0.000000  0.075924
 0.000000  0.093229
 0.000000  0.049628
 0.000000  0.051375
 0.000000  0.039444
 0.000000  0.045849
 0.000000  0.085638
 0.000000  0.070223
 0.000000  0.033766
 0.000000  0.033533
 0.000000  0.089551
 0.000000  1.232753
 0.000000  0.040777
 0.000000  0.051313
 0.000000  0.045257
 0.000000  0.066816
 0.000000  0.092431
 0.000000  0.075489
 0.000000  0.051659
 0.000000  0.074610
 0.000000  0.056080
 0.000000  0.078761
 0.000000  0.022892
 0.000000  0.049792
 0.000000  0.066106
 0.000000  0.060837
 0.000000  0.030724
 0.000000  0.043808
 0.000000  0.044470
 0.000000  0.018337
 0.000000  0.059679
 0.000000  0.036526
 0.000000  0.019467
 0.000000  0.025394
 0.000000  0.056050
 0.000000  0.031878
 0.000000  0.076350
 0.000000  0.090381
 0.000000  0.041828
 0.000000  0.070995
 0.000000  0.032322
 0.000000  0.030236
 0.000000  0.021719
 0.000000  0.026315
 0.000000  0.022701
 0.000000  0.092902
 0.000000  0.039805
 0.000000  0.077777
 0.000000  0.080105
 0.000000  0.112866
 0.000000  0.054359
 0.000000  0.065187
 0.000000  0.151014
 0.000000  0.041658
 0.000000  0.068952
 0.000000  0.047677
 0.000000  0.034477
 0.000000  0.386647
 0.000000  0.099842
 0.000000  0.217969
 0.000000  0.049543
 0.000000  0.059483
 0.000000  0.787945
 0.000000  0.017089
 0.000000  0.034823
 0.000000  0.035053
 0.000000  0.023291
 0.000000  0.028411
 0.000000  0.070382
 0.000000  0.062349
 0.000000  0.050227
 0.000000  0.097099
 0.000000  0.036756
 0.000000  0.039270
 0.000000  0.047634
 0.000000  0.038203
 0.000000  0.041743
 0.000000  0.137821
 0.000000  0.211630
 0.000000  0.083723
 0.000000  0.020007
 0.000000  0.029080
 0.000000  0.038792
 0.000000  0.032650
 0.000000  0.033950
 0.000000  0.059189
 0.000000  0.024392
 0.000000  0.042164
 0.000000  0.062291
 0.000000  0.187955
 0.000000  0.089179
 0.000000  0.174060
 0.000000  0.028001
 0.000000  0.043896
 0.000000  0.112313
 0.000000  0.014293
 0.000000  0.087157
 0.000000  0.058954
 0.000000  0.063957
 0.000000  0.047350
 0.000000  0.059189
 0.000000  0.081183
 0.000000  0.061128
 0.000000  0.030126
 0.000000  0.094776
 0.000000  0.034177
 0.000000  0.023203
 0.000000  0.033058
 0.000000  0.099939
 0.000000  0.030990
 0.000000  0.084924
 0.000000  0.078651
 0.000000  0.058139
 0.000000  0.111009
 0.000000  0.051461
 0.000000  0.022574
 0.000000  0.061077
 0.000000  0.032796
 0.000000  0.032916
 0.000000  0.024807
 0.000000  0.036285
 0.000000  0.027013
 0.000000  0.029529
 0.000000  0.014000
 0.000000  0.020434
 0.000000  0.044870
 0.000000  0.081785
 0.000000  0.094646
 0.000000  0.036622
 0.000000  0.168172
 0.000000  0.030443
 0.000000  0.182773
 0.000000  0.079511
 0.000000  0.019051
 0.000000  0.069125
 0.000000  0.022489
 0.000000  0.054302
 0.000000  0.045530
 0.000000  0.027035
 0.000000  0.029542
 0.000000  0.032446
 0.000000  0.019334
 0.000000  0.019539
 0.000000  0.159840
 0.000000  0.031789
 0.000000  0.035991
 0.000000  0.358065
 0.000000  0.048343
 0.000000  0.079778
 0.000000  0.366594
 0.000000  0.083256
 0.000000  0.225767
 0.000000  0.041694
 0.000000  0.083580
 0.000000  0.045324
 0.000000  0.080009
 0.000000  0.053519
 0.000000  0.079915
 0.000000  0.080875
 0.000000  0.043532
 0.000000  0.028659
 0.000000  0.023376
 0.000000  0.029720
 0.000000  0.038067
 0.000000  0.038205
 0.000000  0.105109
 0.000000  0.059179
 0.000000  0.085447
 0.000000  0.070559
 0.000000  0.061203
 0.000000  0.037644
 0.000000  0.036262
 0.000000  0.044933
 0.000000  0.046337
 0.000000  0.035944
 0.000000  0.063169
 0.000000  0.073824
 0.000000  0.076153
 0.000000  0.200218
 0.000000  0.066459
 0.000000  0.036188
 0.000000  0.044820
 0.000000  0.072901
 0.000000  0.080115
 0.000000  0.139140
 0.000000  0.017196
 0.000000  0.057031
 0.000000  0.079727
 0.000000  0.021256
 0.000000  0.058258
 0.000000  0.074189
 0.000000  0.054757
 0.000000  0.043877
 0.000000  0.062579
 0.000000  0.029303
 0.000000  0.043798
 0.000000  0.047955
 0.000000  0.042425
 0.000000  0.030561
 0.000000  0.083346
 0.000000  0.023280
 0.000000  0.039209
 0.000000  0.081808
 0.000000  0.077241
 0.000000  0.154455
 0.000000  0.160903
 0.000000  0.041031
 0.000000  0.045293
 0.000000  0.034542
 0.000000  0.020738
 0.000000  0.023978
 0.000000  0.024755
 0.000000  0.042437
 0.000000  0.023187
 0.000000  0.034300
 0.000000  0.019327
 0.000000  0.031472
 0.000000  0.070752
 0.000000  0.032554
 0.000000  0.025581
 0.000000  0.027648
 0.000000  0.020358
 0.000000  0.078796
 0.000000  0.045402
 0.000000  0.070430
 0.000000  0.027125
 0.000000  0.046945
 0.000000  0.116819
 0.000000  0.091483
 0.000000  0.023342
 0.000000  0.023585
 0.000000  0.159061
 0.000000  0.036574
 0.000000  0.062486
 0.000000  0.051000
 0.000000  0.214971
 0.000000  0.062497
 0.000000  0.031331
 0.000000  0.064667
 0.000000  0.059206
 0.000000  0.047587
 0.000000  0.027543
 0.000000  0.016398
 0.000000  0.028888
 0.000000  0.041135
 0.000000  0.055931
 0.000000  0.049144
 0.000000  0.073152
 0.000000  0.045803
 0.000000  0.048320
 0.000000  0.068202
 0.000000  0.761703
 0.000000  0.195289
 0.000000  0.034009
 0.000000  0.043454
 0.000000  0.018849
 0.000000  0.085925
 0.000000  0.136559
 0.000000  0.044919
 0.000000  0.051925
 0.000000  0.033894
 0.000000  0.056450
 0.000000  0.084046
 0.000000  0.030558
 0.000000  0.126421
 0.000000  0.027145
 0.000000  0.070945
 0.000000  0.062882
 0.000000  0.032535
 0.000000  0.071349
 0.000000  0.083286
 0.000000  0.095892
 0.000000  0.026294
 0.000000  0.060804
 0.000000  0.061402
 0.000000  0.223814
 0.000000  0.136697
 0.000000  0.030007
 0.000000  0.049646
 0.000000  0.025632
 0.000000  0.021504
 0.000000  0.046594
 0.000000  0.039973
 0.000000  0.147455
 0.000000  0.034889
 0.000000  0.132788
 0.000000  0.035067
 0.000000  0.072418
 0.000000  0.079326
 0.000000  0.045132
 0.000000  0.057670
 0.000000  0.020490
 0.000000  0.032009
 0.000000  0.017358
 0.000000  0.102867
 0.000000  0.033565
 0.000000  0.094517
 0.000000  0.053139
 0.000000  0.589047
 0.000000  0.220598
 0.000000  0.049042
 0.000000  0.024696
 0.000000  0.064163
 0.000000  0.034398
 0.000000  0.143395
 0.000000  0.075353
 0.000000  0.051985
 0.000000  0.045123
 0.000000  0.040183
 0.000000  0.026796
 0.000000  0.120308
 0.000000  0.284607
 0.000000  0.123633
 0.000000  0.049305
 0.000000  0.025149
 0.000000  0.035967
 0.000000  0.069687
 0.000000  0.022366
 0.000000  0.019259
 0.000000  0.016900
 0.000000  0.030029
 0.000000  0.060257
 0.000000  0.045922
 0.000000  0.019500
 0.000000  0.039828
 0.000000  0.031873
 0.000000  0.119405
 0.000000  0.047644
 0.000000  0.240148
 0.000000  0.027131
 0.000000  0.029403
 0.000000  0.029060
 0.000000  0.052573
 0.000000  0.280058
 0.000000  0.057890
 0.000000  0.371902
 0.000000  0.112297
 0.000000  0.040270
 0.000000  0.053038
 0.000000  0.025619
 0.000000  0.082030
 0.000000  0.130992
 0.000000  0.213322
 0.000000  0.102112
 0.000000  0.064353
 0.000000  0.035485
 0.000000  0.036295
 0.000000  0.032021
 0.000000  0.094350
 0.000000  0.063537
 0.000000  0.102341
 0.000000  0.127375
 0.000000  0.164830
 0.000000  0.113353
 0.000000  0.047531
 0.000000  0.094878
 0.000000  0.107607
 0.000000  0.047680
 0.000000  0.037596
 0.000000  0.168707
 0.000000  0.020891
 0.000000  0.103063
 0.000000  0.054962
 0.000000  0.043031
 0.000000  0.082739
 0.000000  0.042850
 0.000000  0.035033
 0.000000  0.042408
 0.000000  0.027563
 0.000000  0.026076
 0.000000  0.100950
 0.000000  0.039357
 0.000000  0.039141
 0.000000  0.059286
 0.000000  0.576584
 0.000000  0.037213
 0.000000  0.033769
 0.000000  0.035982
 0.000000  0.145866
 0.000000  0.036386
 0.000000  0.051765
 0.000000  0.028702
 0.000000  0.274304
 0.000000  0.114978
 0.000000  0.062775
 0.000000  0.034850
 0.000000  0.031002
 0.000000  0.028021
 0.000000  0.031009
 0.000000  0.029391
 0.000000  0.021774
 0.000000  0.124849
 0.000000  0.062080
 0.000000  0.017276
 0.000000  0.018458
 0.000000  0.090982
 0.000000  0.050130
 0.000000  0.058344
 0.000000  0.050925
 0.000000  0.019391
 0.000000  0.045788
 0.000000  0.064294
 0.000000  0.032138
 0.000000  0.022684
 0.000000  0.066142
 0.000000  0.071606
 0.000000  0.043442
 0.000000  0.021010
 0.000000  0.032069
 0.000000  0.065468
 0.000000  0.022448
 0.000000  0.020196
 0.000000  0.025917
 0.000000  0.055457
 0.000000  0.082467
 0.000000  0.021544
 0.000000  0.040351
 0.000000  0.108456
 0.000000  0.060508
 0.000000  0.045344
 0.000000  0.020862
 0.000000  0.051195
 0.000000  0.056137
 0.000000  0.058685
 0.000000  0.053549
 0.000000  0.042867
 0.000000  0.052055
 0.000000  0.039179
 0.000000  0.025733
 0.000000  0.020795
 0.000000  0.049056
 0.000000  0.027450
 0.000000  0.061321
 0.000000  0.051324
 0.000000  0.051653
 0.000000  0.060485
 0.000000  0.031277
 0.000000  0.024424
 0.000000  0.019749
 0.000000  0.053364
 0.000000  0.029131
 0.000000  0.035063
 0.000000  0.061069
 0.000000  0.026450
 0.000000  0.039429
 0.000000  0.063746
 0.000000  0.060020
 0.000000  0.089776
 0.000000  0.019016
 0.000000  0.066200
 0.000000  0.022008
 0.000000  0.019677
 0.000000  0.047190
 0.000000  0.036467
 0.000000  0.038205
 0.000000  0.115529
 0.000000  0.036202
 0.000000  0.269900
 0.000000  0.081103
 0.000000  0.054812
 0.000000  0.015733
 0.000000  0.041867
 0.000000  0.037545
 0.000000  0.034492
 0.000000  0.028782
 0.000000  0.039592
 0.000000  0.025005
 0.000000  0.035195
 0.000000  0.036835
 0.000000  0.048444
 0.000000  0.399643
 0.000000  0.054906
 0.000000  0.113710
 0.000000  0.085676
 0.000000  0.020757
 0.000000  0.031088
 0.000000  0.077953
 0.000000  0.054338
 0.000000  0.030515
 0.000000  0.023300
 0.000000  0.024148
 0.000000  0.057509
 0.000000  0.033648
 0.000000  0.159237
 0.000000  0.079627
 0.000000  0.027670
 0.000000  0.056008
 0.000000  0.068690
 0.000000  0.041568
 0.000000  0.019185
 0.000000  0.018977
 0.000000  0.058324
 0.000000  0.152933
 0.000000  0.021905
 0.000000  0.105121
 0.000000  0.238507
 0.000000  0.105651
 0.000000  0.082203
 0.000000  0.136045
 0.000000  0.038506
 0.000000  0.028414
 0.000000  0.060892
 0.000000  0.191649
 0.000000  0.022796
 0.000000  0.059297
 0.000000  0.154783
 0.000000  0.130772
 0.000000  0.269396
 0.000000  0.041352
 0.000000  0.069511
 0.000000  0.034661
 0.000000  0.019214
 0.000000  0.033305
 0.000000  0.055160
 0.000000  0.075378
 0.000000  0.111366
 0.000000  0.095090
 0.000000  0.361642
 0.000000  0.175477
 0.000000  0.052366
 0.000000  0.095464
 0.000000  0.048824
 0.000000  0.137628
 0.000000  0.195154
 0.000000  0.100685
 0.000000  0.044098
 0.000000  0.036191
 0.000000  0.118234
 0.000000  0.044968
 0.000000  0.020202
 0.000000  0.073634
 0.000000  0.040463
 0.000000  0.029925
 0.000000  0.092808
 0.000000  0.093695
 0.000000  0.019359
 0.000000  0.039182
 0.000000  0.061344
 0.000000  0.039467
 0.000000  0.087501
 0.000000  0.043114
 0.000000  0.065902
 0.000000  0.088124
 0.000000  0.130412
 0.000000  0.055872
 0.000000  0.058049
 0.000000  0.085052
 0.000000  0.050309
 0.000000  0.058354
 0.000000  0.026301
 0.000000  0.023381
 0.000000  0.056025
 0.000000  0.042692
 0.000000  0.043147
 0.000000  0.037506
 0.000000  0.064242
 0.000000  0.040824
 0.000000  0.065986
 0.000000  0.030122
 0.000000  0.077970
 0.000000  0.070534
 0.000000  0.032582
 0.000000  0.033846
 0.000000  0.034643
 0.000000  0.041605
 0.000000  0.067586
 0.000000  0.151052
 0.000000  0.106135
 0.000000  0.069910
 0.000000  0.023806
 0.000000  0.020013
 0.000000  0.077408
 0.000000  0.070418
 0.000000  0.069547
 0.000000  0.023755
 0.000000  0.022180
 0.000000  0.048336
 0.000000  0.030303
 0.000000  0.053234
 0.000000  0.100722
 0.000000  0.048099
 0.000000  0.049213
 0.000000  0.030161
 0.000000  0.030712
 0.000000  0.019803
 0.000000  0.027160
 0.000000  0.036440
 0.000000  0.024326
 0.000000  0.025584
 0.000000  0.045063
 0.000000  0.040173
 0.000000  0.036128
 0.000000  0.026627
 0.000000  0.020776
 0.000000  0.035022
 0.000000  0.025973
 0.000000  0.025963
 0.000000  0.053523
 0.000000  0.018087
 0.000000  0.028589
 0.000000  0.045208
 0.000000  0.033157
 0.000000  0.030225
 0.000000  0.091939
 0.000000  0.032529
 0.000000  0.027026
 0.000000  0.061290
 0.000000  0.048252
 0.000000  0.099899
 0.000000  0.345105
 0.000000  0.074269
 0.000000  0.045990
 0.000000  0.085809
 0.000000  0.060234
 0.000000  0.059851
 0.000000  0.015732
 0.000000  0.037898
 0.000000  0.025762
 0.000000  0.040204
 0.000000  0.015440
 0.000000  0.028319
 0.000000  0.026847
 0.000000  0.066459
 0.000000  0.039547
 0.000000  0.023578
 0.000000  0.044879
 0.000000  0.035177
 0.000000  0.099249
 0.000000  0.289157
 0.000000  0.021974
 0.000000  0.081877
 0.000000  0.056526
 0.000000  0.063020
 0.000000  0.034754
 0.000000  0.093210
 0.000000  0.028568
 0.000000  0.067214
 0.000000  0.081256
 0.000000  0.031766
 0.000000  0.028769
 0.000000  0.070673
 0.000000  0.038909
 0.000000  0.128353
 0.000000  0.504490
 0.000000  0.034278
 0.000000  0.027140
 0.000000  0.094411
 0.000000  0.074785
 0.000000  0.055935
 0.000000  0.164117
 0.000000  0.027127
 0.000000  0.071416
 0.000000  0.049484
 0.000000  0.120913
 0.000000  0.074988
 0.000000  0.107285
 0.000000  0.158292
 0.000000  0.038924
 0.000000  0.032171
 0.000000  0.048050
 0.000000  0.030068
 0.000000  0.051743
 0.000000  0.027223
 0.000000  0.231160
 0.000000  0.059783
 0.000000  0.069213
 0.000000  0.036075
 0.000000  0.056600
 0.000000  0.079098
 0.000000  0.143156
 0.000000  0.032607
 0.000000  0.033217
 0.000000  0.182313
 0.000000  0.025398
 0.000000  0.048958
 0.000000  0.027748
 0.000000  0.022396
 0.000000  0.020878
 0.000000  0.069174
 0.000000  0.058476
 0.000000  0.030069
 0.000000  0.048381
 0.000000  0.039134
 0.000000  0.424573
 0.000000  0.083340
 0.000000  0.052863
 0.000000  0.037936
 0.000000  0.051547
 0.000000  0.077134
 0.000000  0.033908
 0.000000  0.047586
 0.000000  0.078537
 0.000000  0.074726
 0.000000  0.033329
 0.000000  0.023898
 0.000000  0.016046
 0.000000  0.076111
 0.000000  0.039791
 0.000000  0.073198
 0.000000  0.089000
 0.000000  0.078036
 0.000000  0.048955
 0.000000  0.056525
 0.000000  0.019790
 0.000000  0.089710
 0.000000  0.046146
 0.000000  0.052446
 0.000000  0.028913
 0.000000  0.037946
 0.000000  0.029871
 0.000000  0.076534
 0.000000  0.048940
 0.000000  0.045534
 0.000000  0.026559
 0.000000  0.031601
 0.000000  0.105130
 0.000000  0.040122
 0.000000  0.070227
 0.000000  0.065700
 0.000000  0.295298
 0.000000  0.802566
 0.000000  0.062598
 0.000000  0.076129
 0.000000  0.024270
 0.000000  0.118198
 0.000000  0.017020
 0.000000  0.036514
 0.000000  0.049556
 0.000000  0.041765
 0.000000  0.072072
 0.000000  0.042610
 0.000000  0.085587
 0.000000  0.062808
 0.000000  0.052834
 0.000000  0.026193
 0.000000  0.094506
 0.000000  0.034531
 0.000000  0.038147
 0.000000  0.060887
 0.000000  0.046811
 0.000000  0.030317
 0.000000  0.052100
 0.000000  0.033771
 0.000000  0.092830
 0.000000  0.037723
 0.000000  0.051718
 0.000000  0.032196
 0.000000  0.074990
 0.000000  0.048587
 0.000000  0.104455
 0.000000  0.033333
 0.000000  0.070666
 0.000000  0.038703
 0.000000  0.058106
 0.000000  0.072578
 0.000000  0.036819
 0.000000  0.180600
 0.000000  0.027769
 0.000000  0.161570
 0.000000  0.072853
 0.000000  0.029011
 0.000000  0.252070
 0.000000  0.174168
 0.000000  0.027374
 0.000000  0.079645
 0.000000  0.062613
 0.000000  0.112647
 0.000000  0.048169
 0.000000  0.025160
 0.000000  0.030136
 0.000000  0.166692
 0.000000  0.159183
 0.000000  0.064511
 0.000000  0.053876
 0.000000  0.108756
 0.000000  0.025798
 0.000000  0.108757
 0.000000  0.050841
 0.000000  0.055654
 0.000000  0.028376
 0.000000  0.021891
 0.000000  0.056570
 0.000000  0.037936
 0.000000  0.038430
 0.000000  0.028871
 0.000000  0.456227
 0.000000  0.034018
 0.000000  0.073832
 0.000000  0.126363
 0.000000  0.062092
 0.000000  0.075664
 0.000000  0.230052
 0.000000  0.146921
 0.000000  0.065132
 0.000000  0.110463
 0.000000  0.025427
 0.000000  0.024621
 0.000000  0.060279
 0.000000  0.056612
 0.000000  0.030036
 0.000000  0.186829
 0.000000  0.147882
 0.000000  0.150865
 0.000000  0.200594
 0.000000  0.062294
 0.000000  0.076422
 0.000000  0.024155
 0.000000  0.035880
 0.000000  0.034203
 0.000000  0.086158
 0.000000  0.061755
 0.000000  0.045484
 0.000000  0.081945
 0.000000  0.082249
 0.000000  0.028989
 0.000000  0.029936
 0.000000  0.016008
 0.000000  0.236667
 0.000000  0.027653
 0.000000  0.066943
 0.000000  0.051948
 0.000000  0.025993
 0.000000  0.056090
 0.000000  0.029862
 0.000000  0.031459
 0.000000  0.024770
 0.000000  0.025592
 0.000000  0.035251
 0.000000  0.119475
 0.000000  0.021517
 0.000000  0.038220
 0.000000  0.072471
 0.000000  0.064766
 0.000000  0.022201
 0.000000  0.080741
 0.000000  0.394342
 0.000000  0.067230
 0.000000  0.053814
 0.000000  0.179316
 0.000000  0.060586
 0.000000  0.052994
 0.000000  0.138796
 0.000000  0.127005
 0.000000  0.108432
 0.000000  0.037287
 0.000000  0.043408
 0.000000  0.066195
 0.000000  0.155856
 0.000000  0.026995
 0.000000  0.030822
 0.000000  0.066030
 0.000000  0.263271
 0.000000  0.072609
 0.000000  0.071434
 0.000000  0.026999
 0.000000  0.052646
 0.000000  0.040930
 0.000000  0.031784
 0.000000  0.031870
 0.000000  0.024406
 0.000000  0.102060
 0.000000  0.024784
 0.000000  0.026476
 0.000000  0.035491
 0.000000  0.018643
 0.000000  0.053209
 0.000000  0.050945
 0.000000  0.035407
 0.000000  0.035691
 0.000000  0.047578
 0.000000  0.120168
 0.000000  0.065326
 0.000000  0.186109
 0.000000  0.096842
 0.000000  0.087667
 0.000000  0.031152
 0.000000  0.076640
 0.000000  0.055292
 0.000000  0.868739
 0.000000  0.035366
 0.000000  0.044103
 0.000000  0.144013
 0.000000  0.027412
 0.000000  0.061098
 0.000000  0.018437
 0.000000  0.043411
 0.000000  0.066882
 0.000000  0.033791
 0.000000  0.060752
 0.000000  0.089690
 0.000000  0.441243
 0.000000  0.080981
 0.000000  0.046468
 0.000000  0.042797
 0.000000  0.859502
 0.000000  0.046262
 0.000000  0.109293
 0.000000  0.094759
 0.000000  0.112799
 0.000000  0.221247
 0.000000  0.092225
 0.000000  0.497195
 0.000000  0.040367
 0.000000  0.304252
 0.000000  0.075233
 0.000000  0.104309
 0.000000  0.028670
 0.000000  0.105827
 0.000000  0.188852
 0.000000  0.063139
 0.000000  0.038451
 0.000000  0.132672
 0.000000  0.058438
 0.000000  0.088681
 0.000000  0.123540
 0.000000  0.032789
 0.000000  0.023958
 0.000000  0.028855
 0.000000  0.018434
 0.000000  0.025498
 0.000000  0.031195
 0.000000  0.017566
 0.000000  0.026344
 0.000000  0.054508
 0.000000  0.067042
 0.000000  0.024889
 0.000000  0.100561
 0.000000  0.119449
 0.000000  0.093106
 0.000000  0.068905
 0.000000  0.028984
 0.000000  0.016297
 0.000000  0.019613
 0.000000  0.034181
 0.000000  0.040967
 0.000000  0.030080
 0.000000  0.042041
 0.000000  0.035313
 0.000000  0.094039
 0.000000  0.032763
 0.000000  0.027820
 0.000000  0.062627
 0.000000  0.031650
 0.000000  0.250567
 0.000000  0.065384
 0.000000  0.023805
 0.000000  0.076706
 0.000000  0.229489
 0.000000  0.072457
 0.000000  0.173228
 0.000000  0.027240
 0.000000  0.026872
 0.000000  0.043661
 0.000000  0.015093
 0.000000  0.037137
 0.000000  0.017154
 0.000000  0.014597
 0.000000  0.024829
 0.000000  0.075588
 0.000000  0.029835
 0.000000  0.044596
 0.000000  0.014513
 0.000000  0.017264
 0.000000  0.030781
 0.000000  0.044868
 0.000000  0.068449
 0.000000  0.109009
 0.000000  0.061589
 0.000000  0.019299
 0.000000  0.053533
 0.000000  0.015489
 0.000000  0.017838
 0.000000  0.072897
 0.000000  0.027568
 0.000000  0.022629
 0.000000  0.054408
 0.000000  0.042983
 0.000000  0.019014
 0.000000  0.074112
 0.000000  0.045410
 0.000000  0.025882
 0.000000  0.056206
 0.000000  0.062113
 0.000000  0.157447
 0.000000  0.038775
 0.000000  0.063854
 0.000000  0.104681
 0.000000  0.095795
 0.000000  0.024034
 0.000000  0.201965
 0.000000  0.053110
 0.000000  0.024358
 0.000000  0.026530
 0.000000  0.108271
 0.000000  0.042566
 0.000000  0.046071
 0.000000  0.055215
 0.000000  0.049762
 0.000000  0.024688
 0.000000  0.016620
 0.000000  0.023147
 0.000000  0.066431
 0.000000  0.032443
 0.000000  0.030564
 0.000000  0.027289
 0.000000  0.186236
 0.000000  0.053452
 0.000000  0.042456
 0.000000  0.129603
 0.000000  0.022710
 0.000000  0.047275
 0.000000  0.118107
 0.000000  0.292018
 0.000000  0.043136
 0.000000  0.057367
 0.000000  0.049030
 0.000000  0.061002
 0.000000  0.032319
 0.000000  0.026918
 0.000000  0.028696
 0.000000  0.052446
 0.000000  0.094796
 0.000000  0.062535
 0.000000  0.123956
 0.000000  0.077183
 0.000000  0.061992
 0.000000  0.037014
 0.000000  0.083374
 0.000000  0.051056
 0.000000  0.164030
 0.000000  0.105719
 0.000000  0.036220
 0.000000  0.099277
 0.000000  0.042104
 0.000000  0.075993
 0.000000  0.055745
 0.000000  0.017759
 0.000000  0.162529
 0.000000  0.098962
 0.000000  0.043211
 0.000000  0.045087
 0.000000  0.723399
 0.000000  0.139640
 0.000000  0.059194
 0.000000  0.046409
 0.000000  0.151356
 0.000000  0.040666
 0.000000  0.079062
 0.000000  0.036505
 0.000000  0.043882
 0.000000  0.019922
 0.000000  0.036881
 0.000000  0.019991
 0.000000  0.037315
 0.000000  0.033475
 0.000000  0.050425
 0.000000  0.049738
 0.000000  0.044735
 0.000000  0.060101
 0.000000  0.158213
 0.000000  0.068029
 0.000000  0.116363
 0.000000  0.157874
 0.000000  0.033530
 0.000000  0.026557
 0.000000  0.053567
 0.000000  0.047553
 0.000000  0.057259
 0.000000  0.074939
 0.000000  0.136027
 0.000000  0.092636
 0.000000  0.034601
 0.000000  0.057399
 0.000000  0.213095
 0.000000  0.025183
 0.000000  0.160410
 0.000000  0.026990
 0.000000  0.187514
 0.000000  0.094181
 0.000000  0.043756
 0.000000  0.069365
 0.000000  0.064217
 0.000000  0.029511
 0.000000  0.102649
 0.000000  0.049785
 0.000000  0.048758
 0.000000  0.076919
 0.000000  0.136780
 0.000000  0.040797
 0.000000  0.148458
 0.000000  0.140322
 0.000000  0.035604
 0.000000  0.103638
 0.000000  0.035416
 0.000000  0.028586
 0.000000  0.028229
 0.000000  0.034571
 0.000000  0.023244
 0.000000  0.047310
 0.000000  0.097845
 0.000000  0.118578
 0.000000  0.276977
 0.000000  0.113186
 0.000000  0.170989
 0.000000  0.024028
 0.000000  0.035711
 0.000000  0.043176
 0.000000  0.046120
 0.000000  0.045360
 0.000000  0.043060
 0.000000  0.060029
 0.000000  0.050158
 0.000000  0.032756
 0.000000  0.079021
 0.000000  0.280717
 0.000000  0.041666
 0.000000  0.023302
 0.000000  0.047888
 0.000000  0.035943
 0.000000  0.040781
 0.000000  0.349775
 0.000000  0.036039
 0.000000  0.067354
 0.000000  0.036503
 0.000000  0.033086
 0.000000  0.046708
 0.000000  0.045607
 0.000000  0.040596
 0.000000  0.058088
 0.000000  0.032297
 0.000000  0.040440
 0.000000  0.366787
 0.000000  0.198405
 0.000000  0.106067
 0.000000  0.022619
 0.000000  0.051042
 0.000000  0.079521
 0.000000  0.033136
 0.000000  0.078661
 0.000000  0.029786
 0.000000  0.082453
 0.000000  0.095745
 0.000000  0.090623
 0.000000  0.035545
 0.000000  0.066978
 0.000000  0.047657
 0.000000  0.093832
 0.000000  0.967611
 0.000000  0.063048
 0.000000  0.029206
 0.000000  0.117679
 0.000000  0.427678
 0.000000  0.039910
 0.000000  0.098766
 0.000000  0.124521
 0.000000  0.135053
 0.000000  0.069666
 0.000000  0.055250
 0.000000  0.038705
 0.000000  0.054836
 0.000000  0.046158
 0.000000  0.094250
 0.000000  0.063182
 0.000000  0.071773
 0.000000  0.058632
 0.000000  0.038445
 0.000000  0.027692
 0.000000  0.031225
 0.000000  0.047038
 0.000000  0.054466
 0.000000  0.045784
 0.000000  0.016086
 0.000000  0.017898
 0.000000  0.022414
 0.000000  0.028697
 0.000000  0.089836
 0.000000  0.127477
 0.000000  0.095394
 0.000000  0.053077
 0.000000  0.139952
 0.000000  0.162905
 0.000000  0.571968
 0.000000  0.071335
 0.000000  0.059782
 0.000000  0.126540
 0.000000  0.034075
 0.000000  0.079907
 0.000000  0.015683
 0.000000  0.026618
 0.000000  0.028517
 0.000000  0.096014
 0.000000  0.023077
 0.000000  0.016863
 0.000000  0.029165
 0.000000  0.137919
 0.000000  0.139058
 0.000000  0.032684
 0.000000  0.132481
 0.000000  0.039282
 0.000000  0.240878
 0.000000  0.061218
 0.000000  0.101910
 0.000000  0.162063
 0.000000  0.080198
 0.000000  0.037807
 0.000000  0.050330
 0.000000  0.045073
 0.000000  0.050063
 0.000000  0.073921
 0.000000  0.045281
 0.000000  0.165372
 0.000000  0.293349
 0.000000  0.118798
 0.000000  0.081391
 0.000000  0.076136
 0.000000  0.054058
 0.000000  0.062991
 0.000000  0.127472
 0.000000  0.086832
 0.000000  0.028518
 0.000000  0.042562
 0.000000  0.059627
 0.000000  0.040736
 0.000000  0.026930
 0.000000  0.025021
 0.000000  0.024134
 0.000000  0.123797
 0.000000  0.087762
 0.000000  0.025939
 0.000000  0.067249
 0.000000  0.214884
 0.000000  0.132786
 0.000000  0.082883
 0.000000  0.134789
 0.000000  0.027782
 0.000000  0.024143
 0.000000  0.014979
 0.000000  0.015333
 0.000000  0.022828
 0.000000  0.025638
 0.000000  0.046559
 0.000000  0.022016
 0.000000  0.018624
 0.000000  0.024283
 0.000000  0.036625
 0.000000  0.025296
 0.000000  0.062542
 0.000000  0.056086
 0.000000  0.032717
 0.000000  0.048893
 0.000000  0.080547
 0.000000  0.102877
 0.000000  0.072219
 0.000000  0.067134
 0.000000  0.085595
 0.000000  0.195170
 0.000000  0.049842
 0.000000  0.137422
 0.000000  0.028721
 0.000000  0.050579
 0.000000  0.103639
 0.000000  0.064071
 0.000000  0.059001
 0.000000  0.039889
 0.000000  0.029239
 0.000000  0.041331
 0.000000  0.047146
 0.000000  0.035872
 0.000000  0.019133
 0.000000  0.054256
 0.000000  0.032268
 0.000000  0.077846
 0.000000  0.032282
 0.000000  0.049890
 0.000000  0.022860
 0.000000  0.028346
 0.000000  0.025623
 0.000000  0.028244
 0.000000  0.019482
