-0.519267  1.181147
-0.512821  0.653985
-0.592571  0.882165
-0.393555  0.791892
-0.478052  0.902246
-0.407409  0.862806
-0.136276  1.364245
-0.342958  0.810812
-0.510024  0.684974
-0.499667  0.959669
-0.567030  0.838397
-0.315926  0.394795
-0.412633  0.966966
-0.333745  1.882142
-0.598778  1.633157
-0.375867  1.267325
-0.568917  0.998766
-0.612921  0.850122
-0.732384  0.787733
-0.619006  0.747068
-0.662177  0.849389
-0.458133  1.244886
-0.508452  0.901380
-0.631485  1.034928
-0.681232  0.768552
-0.401678  0.685815
-0.534274  0.953504
-0.490643  0.506259
-0.562456  0.723024
-0.563583  0.578225
-0.566749  1.007998
-0.586227  0.983025
-0.467404  0.970115
-0.556820  0.390061
-0.670379  1.919464
-0.662406  0.942065
-0.678345  1.849431
-0.741625  0.698158
-0.767838  0.911793
-0.699085  1.014971
-0.682601  1.082877
-0.557545  0.625775
-0.544881  0.818373
-0.565297  1.069779
-0.591124  1.110511
-0.633925  0.984376
-0.601874  0.879858
-0.493567  0.980039
-0.362198  0.864491
-0.371420  0.963968
-0.479577  0.483908
-0.307623  1.030985
-0.340139  1.348192
-0.401453  0.891198
-0.493253  0.762914
-0.564394  0.688702
-0.699322  0.950528
-0.696126  1.133939
-0.787130  1.235799
-0.710560  0.918897
-0.688644  0.840123
-0.702061  0.805041
-0.623638  0.903055
-0.594273  0.742103
-0.538987  0.883094
-0.444527  1.128979
-0.579350  0.966036
-0.302191  0.942325
-0.231518  0.511131
-0.285852  0.637392
-0.171993  0.685336
-0.271916  1.194487
-0.269967  0.965495
-0.233770  0.561366
-0.458171  1.110661
-0.474199  0.585177
-0.721584  1.081137
-0.627270  0.808996
-0.410667  0.768820
-0.668488  0.749016
-0.694436  0.774800
-0.479705  1.071977
-0.374158  0.537145
-0.193931  2.141342
-0.391611  1.198341
-0.309981  0.800144
-0.075034  1.326889
-0.382065  0.601317
-0.113957  1.685190
-0.381828  0.678909
-0.462171  1.205976
-0.358763  1.344692
-0.265787  0.661998
-0.248827  2.596120
-0.190987  1.389678
-0.100518  0.696006
 0.000067  0.792347
-0.191606  1.561508
-0.389521  0.590635
-0.048143  1.268169
-0.033003  0.902345
-0.213496  1.210786
-0.365001  1.085683
-0.356593  1.198706
-0.350750  1.032533
-0.023208  1.558837
-0.131896  0.958696
-0.121329  1.127171
-0.164151  0.839604
 0.028707  0.564770
-0.037958  1.265023
 0.094028  0.952363
 0.063246  0.925442
-0.180138  0.912875
-0.163690  0.810247
-0.206027  0.572309
-0.276449  0.709099
-0.534256  1.150335
-0.511324  0.482912
-0.512907  0.832751
-0.644806  0.783369
-0.484652  0.819494
-0.100730  1.289825
-0.164802  0.683483
-0.538283  0.545773
-0.403390  0.738518
-0.597547  0.929770
-0.656125  0.808632
-0.516189  1.177177
-0.565797  0.728835
-0.443365  0.836628
-0.483752  0.878751
-0.414980  0.957254
-0.454498  0.916899
-0.374342  1.194775
-0.408477  0.884957
-0.507754  0.705347
-0.815769  1.130369
-0.932295  1.202367
-0.826809  1.273494
-0.860490  0.650144
-0.737271  0.903622
-0.606327  1.711287
-0.672335  1.018190
-0.701485  0.736813
-0.774875  1.782951
-0.818972  1.467313
-0.756067  1.105775
-0.546188  0.548023
-0.539334  0.821550
-0.480714  0.893959
-0.580546  0.660973
-0.639273  0.947728
-0.556251  0.940884
-0.314460  1.247263
-0.178939  0.963151
-0.171193  1.766312
-0.069859  1.184517
-0.161783  0.796681
-0.186322  0.760666
-0.075132  1.058756
-0.365974  0.815807
-0.628590  0.940995
-0.439939  1.140932
-0.495761  1.137269
-0.470337  0.876726
-0.500539  0.879272
-0.066059  0.998170
-0.184641  1.664597
 0.067037  1.127644
-0.006140  1.086243
-0.088113  1.038850
-0.104091  0.843446
 0.119670  1.375665
 0.246887  1.121322
 0.020211  0.827740
-0.153569  0.696253
-0.131368  0.801099
-0.287675  0.971790
-0.384417  0.689710
-0.234812  1.220686
-0.260470  1.218131
-0.172891  1.536702
-0.345143  0.752510
-0.384152  0.878666
-0.393022  0.882173
-0.249364  1.483303
-0.189743  1.152333
-0.189692  0.843414
-0.174386  0.959932
-0.360498  0.939600
-0.281870  1.254118
-0.186641  1.521704
-0.359841  0.757253
-0.466792  0.804855
-0.641687  0.760726
-0.718125  0.980743
-0.689061  1.177433
-0.338845  0.716429
-0.247838  0.968775
-0.365543  0.792949
-0.355720  0.768016
-0.364294  1.260514
-0.338013  0.901700
-0.385139  0.942431
-0.410854  0.546246
-0.474758  0.754764
-0.471227  0.806820
-0.347028  0.984137
-0.241268  0.882339
-0.125275  0.794164
-0.165595  1.132978
-0.272488  0.581187
-0.281592  0.822933
-0.347907  0.871387
-0.349923  1.523424
-0.315096  1.126258
-0.356912  0.633643
-0.420944  0.986776
-0.284796  0.551432
-0.502825  0.833104
-0.459477  0.887801
-0.522968  0.907035
-0.366521  0.861911
-0.319043  1.760633
-0.551460  0.801376
-0.371060  0.919090
-0.244551  0.633924
-0.270742  1.541317
-0.312598  0.918514
-0.031208  1.103727
-0.073460  1.244694
-0.168503  1.871963
-0.433397  0.675768
-0.335603  0.773469
-0.454535  1.000176
-0.352065  0.644596
-0.468252  0.705675
-0.441343  1.021221
-0.191751  1.126046
-0.265276  1.168177
-0.392366  0.891311
-0.541276  0.852015
-0.591811  0.819493
-0.824078  1.911759
-0.754886  1.110582
-0.853111  1.162419
-0.753190  0.979178
-0.953681  0.948869
-0.771883  0.868668
-0.820945  1.272354
-0.994270  1.222861
-0.901605  1.714601
-0.546980  0.777734
-0.515111  0.819543
-0.349270  0.729640
-0.386146  0.856434
-0.418601  0.604960
-0.461478  1.439538
-0.285833  0.934533
-0.412362  0.970731
-0.514573  1.353130
-0.619824  1.560892
-0.629294  1.089773
-0.618283  0.961365
-0.724475  0.796332
-0.696009  0.810532
-0.504421  1.048581
-0.611202  0.793991
-0.585381  0.806285
-0.723032  1.641577
-0.560928  0.854435
-0.392247  0.881892
-0.355418  0.497571
-0.508741  1.567461
-0.356787  0.853955
-0.527239  0.519615
-0.464225  0.796132
-0.389120  0.900864
-0.661050  0.952953
-0.554521  0.767388
-0.468652  1.394341
-0.619179  1.035216
-0.441772  1.159552
-0.425846  0.686883
-0.314453  0.858975
-0.356374  0.608279
-0.645081  1.020589
-0.674028  0.497233
-0.703915  0.952816
-0.677710  0.824684
-0.512432  0.630511
-0.684104  0.570648
-0.685282  0.947663
-0.677336  1.528350
-0.759829  0.710758
-0.667167  1.994321
-0.490553  1.026403
-0.441432  0.531909
-0.416565  0.671722
-0.482268  0.561856
-0.480205  1.310803
-0.393584  0.812446
-0.483198  0.425744
-0.286295  1.206611
-0.351355  0.730078
-0.415834  0.845015
-0.391644  0.806030
-0.524760  0.673989
-0.509504  1.199500
-0.488113  0.930045
-0.512557  0.779349
-0.646221  1.010794
-0.696332  0.903886
-0.867677  0.694015
-0.797992  0.622650
-0.703308  0.920380
-0.488755  1.637469
-0.495661  0.690508
-0.499929  1.136559
-0.593360  0.806438
-0.669708  0.378271
-0.682151  1.282977
-0.681153  1.262981
-0.707680  1.135203
-0.682084  0.765607
-0.648205  0.585462
-0.704259  1.185033
-0.758574  0.810374
-0.878129  0.869803
-0.882707  1.035115
-0.923217  1.315385
-0.792323  0.898600
-0.581857  1.077586
-0.627304  0.844678
-0.694389  1.423274
-0.714460  0.839912
-0.791432  0.789578
-0.842318  1.309149
-0.813702  1.010791
-1.045832  1.889379
-0.910400  1.059884
-0.954098  0.545486
-0.985992  0.677444
-1.015717  1.215490
-1.103025  1.636861
-0.733627  0.607133
-0.885556  1.945325
-0.840476  0.990355
-0.560273  0.505034
-0.632813  0.642143
-0.767742  1.126671
-0.807445  0.506016
-0.829287  0.535895
-0.824611  0.613515
-0.841000  0.640245
-0.714366  1.623008
-0.757180  1.058223
-0.874461  1.163108
-1.068048  1.056624
-1.050490  1.261038
-0.966093  0.772115
-0.843647  0.763004
-0.644505  0.922050
-0.458598  0.708345
-0.404785  0.856240
-0.273180  0.988721
-0.384848  0.835568
-0.365845  0.840995
-0.418258  1.381095
-0.416705  0.759792
-0.257561  0.593451
-0.389575  0.566866
-0.549151  1.105253
-0.576625  0.689219
-0.565740  0.816408
-0.696824  0.890094
-0.676965  0.962582
-0.753048  0.801288
-0.791961  1.271175
-0.704750  0.921640
-0.857937  0.892318
-0.658537  1.874647
-0.463127  0.536761
-0.534492  1.015199
-0.590745  1.093158
-0.476259  0.652478
-0.485469  1.566538
-0.639763  0.747249
-0.621813  0.810535
-0.644530  1.253931
-0.843051  0.944234
-0.561440  1.453583
-0.654136  1.416197
-0.557134  1.060423
-0.572622  0.685745
-0.609079  1.040200
-0.484861  1.076361
-0.319006  1.206629
-0.414362  0.935639
-0.471789  0.884397
-0.368399  0.543599
-0.517027  0.719815
-0.600676  0.756349
-0.645644  1.025892
-0.609143  0.887129
-0.564869  1.172587
-0.551812  0.820890
-0.562797  0.608849
-0.449459  1.030666
-0.621308  0.780404
-0.557351  0.784589
-0.710747  0.666856
-0.688505  0.926764
-0.581905  0.368141
-0.562558  0.872185
-0.787590  0.624365
-0.732951  0.582302
-0.876602  1.015091
-0.857837  0.762606
-0.630331  1.027574
-0.717860  1.720764
-0.780245  0.440448
-0.737902  0.728855
-0.658380  1.227738
-0.558504  0.846777
-0.471526  1.487086
-0.669602  0.709569
-0.747696  0.558361
-0.698712  0.713482
-0.719104  1.075651
-0.598713  1.507688
-0.697529  0.949345
-0.792093  0.825389
-0.573445  0.972157
-0.655945  0.746664
-0.590610  0.806722
-0.643212  1.140926
-0.698815  0.806162
-0.717909  1.836262
-0.855445  0.693149
-0.841103  1.223519
-0.715559  0.710831
-0.690846  0.997389
-0.565986  0.996475
-0.634354  1.068478
-0.635496  0.978904
-0.618787  1.400926
-0.350231  1.628540
-0.661495  1.142507
-0.741328  0.710951
-0.746107  0.424934
-0.623769  0.478908
-0.581249  0.717899
-0.632509  0.705846
-0.592501  0.804149
-0.489212  1.071139
-0.518577  0.998751
-0.473997  0.912213
-0.398563  1.079198
-0.363305  1.114007
-0.318562  0.937049
-0.327139  0.542879
-0.461924  1.085197
-0.596976  0.933075
-0.523460  0.635676
-0.453952  0.533190
-0.434168  0.929070
-0.374925  0.767314
-0.288384  1.149361
-0.356749  0.996484
-0.317129  0.863345
-0.226140  1.113076
-0.300273  1.146795
-0.322587  0.667807
-0.519675  0.734864
-0.437138  0.728564
-0.642193  1.156760
-0.629181  0.660439
-0.503257  0.687831
-0.493839  1.265868
-0.430709  0.408467
-0.600161  1.024760
-0.469436  1.101134
-0.539313  0.555931
-0.595707  1.284099
-0.535524  1.012260
-0.599760  1.239830
-0.765762  0.984146
-0.608170  1.001496
-0.539240  1.253266
-0.632869  0.778131
-0.479652  1.447845
-0.773846  0.911991
-0.668441  0.564995
-0.767469  2.269222
-0.413535  0.634501
-0.334188  1.080453
-0.750756  0.483527
-0.659260  0.935526
-0.672826  1.299778
-0.610378  0.540400
-0.341687  1.216552
-0.388697  0.980726
-0.245639  0.599914
-0.280895  0.533819
-0.517881  0.879818
-0.531799  0.654664
-0.314936  0.951073
-0.298963  0.836231
-0.225264  0.781117
-0.124300  0.912674
 0.024083  1.091674
 0.174402  1.333565
 0.100118  1.253276
 0.082650  0.844617
-0.015715  0.821168
-0.045004  0.954490
-0.059039  1.507729
-0.138478  2.200451
-0.032341  0.595165
-0.165029  1.192363
-0.229400  1.223179
-0.179065  0.879845
-0.442382  1.561858
-0.438132  1.004361
-0.537399  0.561512
-0.653442  0.979172
-0.623596  0.734717
-0.609943  0.901837
-0.808940  1.123511
-0.596383  0.455183
-0.600294  1.171225
-0.584687  0.824455
-0.599908  1.205793
-0.439262  0.941658
-0.418425  0.551574
-0.503353  0.826541
-0.646349  0.770150
-0.667443  0.818851
-0.634262  0.584431
-0.558199  1.378333
-0.511290  0.921988
-0.409102  0.766599
-0.468735  1.011780
-0.522982  0.683832
-0.334001  0.517459
-0.419332  1.087662
-0.413212  0.718104
-0.260795  0.667050
-0.442747  0.574602
-0.679946  0.846595
-0.703642  0.712091
-0.775681  0.776244
-0.685028  0.774887
-0.502542  1.110223
-0.405750  0.603250
-0.282997  1.298241
-0.297002  1.052411
-0.433650  0.889173
-0.599589  1.378800
-0.457115  1.332156
-0.690700  0.650223
-0.606633  0.882264
-0.561652  0.735431
-0.434678  0.692198
-0.498104  1.119959
-0.386287  1.921274
-0.499518  1.379890
-0.538613  1.327603
-0.478700  0.670998
-0.333005  0.878963
-0.457877  1.056759
-0.561309  0.629228
-0.632828  0.727270
-0.622965  0.852125
-0.536822  1.121948
-0.532829  1.964983
-0.425149  1.121299
-0.324225  1.169629
-0.437120  0.781552
-0.476108  1.238056
-0.385430  0.791260
-0.457028  0.740099
-0.209964  0.778449
-0.306098  1.039528
-0.255864  0.628762
-0.426680  0.875991
-0.205694  1.088265
-0.299960  1.022098
-0.370608  0.844201
-0.448689  0.867415
-0.313613  0.938316
-0.466003  0.686390
-0.438450  0.882893
-0.481620  0.598235
-0.572879  0.581949
-0.784121  0.800390
-0.946088  1.171399
-0.926044  0.767556
-0.687065  1.331052
-0.557398  0.848636
-0.400827  1.233350
-0.288414  0.534842
-0.377850  0.837408
-0.287849  0.588916
-0.574822  0.782321
-0.465787  0.636890
-0.546272  0.964844
-0.598812  0.896258
-0.568445  0.897913
-0.472115  1.047728
-0.353026  0.945119
-0.654964  0.827374
-0.525375  1.029855
-0.471581  0.820304
-0.527776  1.154744
-0.453656  1.449936
-0.341935  0.917500
-0.465455  0.624278
-0.535482  0.697795
-0.583132  1.084301
-0.466491  1.103927
-0.504196  0.868180
-0.639226  1.034227
-0.662491  0.947712
-0.574344  0.749663
-0.429821  0.891185
-0.499825  1.129711
-0.318564  1.402150
-0.231888  0.862445
-0.358626  0.940132
-0.464008  0.624019
-0.500632  0.837891
-0.344655  0.387815
-0.377207  1.315842
-0.454679  1.090569
-0.531134  0.448309
-0.528698  0.934172
-0.651649  0.863672
-0.826588  1.381666
-0.750422  1.228234
-0.598671  1.103911
-0.349918  1.135713
-0.510967  1.135266
-0.260718  1.073212
-0.326763  0.861826
-0.435949  1.049482
-0.302389  0.900366
-0.287418  1.224649
-0.390764  1.021203
-0.228281  1.039472
-0.268777  1.264265
-0.481058  1.041541
-0.400100  1.019633
-0.589466  0.760730
-0.615454  0.579602
-0.638513  0.881038
-0.682775  0.973148
-0.671752  0.968001
-0.494103  0.781095
-0.331832  0.749266
-0.344699  0.848245
-0.518164  0.734788
-0.504462  1.034168
-0.655787  0.709774
-0.649730  0.632159
-0.656993  0.904370
-0.615181  1.141206
-0.682784  1.252341
-0.821283  0.867455
-0.759511  1.236614
-0.900347  1.274803
-0.949903  1.223008
-0.901245  0.837881
-0.808094  0.605504
-0.827648  0.767858
-0.962245  0.703955
-0.776330  0.695551
-0.804518  1.202753
-0.682108  1.436605
-0.486682  0.476095
-0.179222  1.119252
-0.033543  1.128396
-0.151091  1.034947
-0.289778  1.427312
-0.195744  1.269673
-0.389838  1.142371
-0.554934  0.833061
-0.578081  0.896804
-0.541690  0.795975
-0.501063  0.823560
-0.357887  0.983182
-0.275170  0.971328
-0.261229  1.447873
-0.238178  0.804845
-0.135924  0.975966
-0.344981  0.716282
-0.191930  0.707051
-0.038325  1.312177
-0.074714  0.930753
-0.282888  0.855881
-0.412230  1.261637
-0.385286  0.619749
-0.424222  1.365972
-0.784768  0.938245
-0.810724  0.986552
-0.564805  0.961188
-0.569711  1.827323
-0.690948  1.302480
-0.492430  1.208058
-0.313224  0.702277
-0.141848  0.771345
-0.424059  0.887727
-0.452897  0.686870
-0.410989  1.266092
-0.425215  0.906215
-0.257456  0.698006
-0.382336  0.768123
-0.408513  0.882125
-0.284476  0.468934
-0.011433  1.271388
-0.138769  0.680316
-0.098341  0.701120
-0.217373  0.546448
-0.204319  0.925094
-0.416765  1.316280
-0.476469  0.726490
-0.451462  0.793425
-0.403878  0.887649
-0.597040  1.367864
-0.671185  0.721786
-0.691066  0.992767
-0.673618  0.368873
-0.698461  1.065937
-0.532448  0.989771
-0.442405  0.902831
-0.637218  1.156165
-0.429407  0.555448
-0.271916  0.632542
-0.409012  0.798770
-0.439150  0.788315
-0.442463  0.972232
-0.302620  1.490529
-0.299110  0.739425
 0.002512  1.181646
-0.146980  0.873440
-0.421419  0.645840
-0.535316  0.903098
-0.546695  0.891771
-0.521369  1.052465
-0.486221  0.445811
-0.354414  0.990240
-0.342052  0.841231
-0.414164  0.611356
-0.534480  0.841437
-0.348519  1.028722
-0.388267  0.687786
-0.446941  1.073425
-0.662274  0.867604
-0.468447  0.889919
-0.467046  1.086663
-0.307781  0.565164
-0.283842  1.418236
-0.282390  1.158626
-0.188368  1.113217
-0.300150  0.695435
-0.364549  0.987907
-0.476161  0.714534
-0.873700  1.239945
-0.700078  0.667805
-0.678088  0.884350
-0.806401  1.003902
-0.617772  0.874882
-0.599856  0.913267
-0.796086  0.855463
-0.732133  1.107772
-0.770879  1.063149
-0.679158  1.477483
-0.465097  0.605866
-0.513869  0.573392
-0.385655  1.249866
-0.280729  0.714924
-0.135708  0.769482
-0.436549  1.841145
-0.386178  0.924975
-0.423414  2.007084
-0.711400  0.751174
-0.830258  0.984445
-0.845620  1.184013
-0.868879  1.023723
-0.965211  1.211473
-0.816808  0.734927
-0.795547  0.667314
-0.833675  0.532456
-0.778741  0.581314
-0.670950  1.111911
-0.670174  0.432264
-0.586549  0.615728
-0.703274  0.802387
-0.706555  0.627312
-0.592800  1.174254
-0.663408  0.674440
-0.498969  0.768916
-0.280895  0.876168
-0.233868  0.696528
-0.347123  1.521971
-0.131705  0.539544
-0.126539  0.895994
-0.031888  1.215013
-0.312287  0.920197
-0.280762  1.049458
-0.385245  0.934483
-0.411193  1.632241
-0.402663  1.073600
-0.627318  0.678632
-0.492019  0.934729
-0.289117  0.427125
-0.124499  0.764537
-0.126728  1.253879
-0.057856  1.242579
-0.266052  0.590035
-0.367247  0.608051
-0.551557  0.940306
-0.623834  0.537975
-0.660647  0.779865
-0.704652  0.957739
-0.676749  1.721302
-0.731358  0.581876
-0.825835  0.910750
-0.730373  1.341194
-0.593625  1.183963
-0.709841  0.828184
-0.836232  1.549656
-1.119377  1.253718
-1.009184  1.194084
-1.049010  1.371311
-1.005785  1.268833
-1.133225  1.116990
-0.912172  0.747281
-0.836581  0.830807
-0.847472  0.740568
-0.782208  0.927602
-0.785441  0.755021
-0.856812  0.913426
-0.865213  1.167915
-0.775258  0.621394
-0.731311  0.550302
-0.589187  1.805075
-0.674042  0.864260
-0.614865  0.792659
-0.609562  0.425690
-0.636196  0.588748
-0.486396  1.044337
-0.546312  1.151002
-0.268130  0.518889
-0.417194  1.140140
-0.519447  0.796788
-0.589468  1.110129
-0.712651  0.832691
-0.685147  0.905103
-0.712929  0.883560
-0.722486  1.061261
-0.778292  1.032505
-0.844515  0.875012
-0.937755  0.926194
-0.754294  1.590553
-0.664807  1.196446
-0.822188  0.846918
-0.717619  0.870940
-0.718444  0.720008
-0.815772  0.982393
-0.799312  0.607527
-0.714900  0.799388
-0.674812  1.124455
-0.672137  0.780249
-0.743582  0.784324
-0.828546  1.054356
-0.589031  2.292954
-0.592030  0.526509
-0.710305  1.176743
-0.876413  1.470572
-0.714254  0.674051
-0.848643  1.294786
-0.584265  0.879541
-0.484647  0.764733
-0.450033  1.029230
-0.543484  0.738394
-0.574442  0.654404
-0.692000  1.047136
-0.509094  0.933456
-0.728093  1.659073
-0.795063  0.549514
-0.970292  1.484366
-0.973642  0.790435
-0.956841  0.670137
-0.975531  1.069599
-0.779528  0.732464
-0.720622  0.960955
-0.954314  0.938176
-0.819813  0.899088
-0.853653  1.020089
-0.839142  0.789775
-0.871050  0.744080
-0.702027  0.916370
-0.586841  0.796336
-0.801264  0.747464
-0.772475  0.755970
-0.698450  1.337415
-0.840714  1.087925
-0.752066  0.848944
-0.741044  1.592600
-0.519437  1.545701
-0.577567  0.811849
-0.591857  0.720791
-0.597323  0.834155
-0.631539  0.604035
-0.865841  0.651856
-0.777798  0.931099
-0.834981  1.385419
-0.704244  0.710645
-0.646872  1.476348
-0.622470  0.706168
-0.746253  0.602782
-0.706509  0.904358
-0.601050  0.903662
-0.673295  1.790164
-0.743401  0.930722
-0.908210  0.802112
-0.833437  1.796236
-0.732798  0.706673
-0.912676  0.807522
-0.936614  1.556575
-0.954177  1.270994
-0.850864  0.990031
-0.839916  1.081290
-0.665218  1.152174
-0.700000  0.770602
-0.663008  0.735213
-0.396142  0.853466
-0.462878  0.630021
-0.490441  0.729612
-0.563441  0.784505
-0.555793  1.013898
-0.427218  1.401746
-0.450102  1.007799
-0.367789  1.120203
-0.626080  1.121416
-0.637080  1.550828
-0.482805  0.681268
-0.459359  1.182365
-0.506812  1.416274
-0.668165  1.088177
-0.699640  0.733246
-0.575369  1.242760
-0.610567  0.665852
-0.609198  0.691652
-0.645451  1.328454
-0.666720  0.918686
-0.556083  1.467751
-0.679119  1.717116
-0.616321  0.473523
-0.649285  0.525410
-0.606574  1.086890
-0.511111  1.567056
-0.558545  1.441656
-0.445348  1.042805
-0.443234  0.650987
-0.666376  0.558403
-0.732789  3.433181
-0.870205  1.084577
-0.561999  0.950024
-0.587673  0.931192
-0.689964  0.646104
-0.837173  0.971598
-0.888936  1.079402
-0.807379  0.755495
-0.894193  1.647791
-0.976872  1.240634
-0.901873  1.260425
-1.018477  1.048097
-0.918468  1.016138
-1.045169  0.979215
-0.647051  1.608592
-0.786080  0.847721
-0.552697  1.182557
-0.305606  0.945060
-0.415011  0.634565
-0.394617  0.738168
-0.302233  0.709998
-0.332022  1.292721
-0.355875  0.785905
-0.333807  0.981568
-0.223728  0.699955
-0.071255  1.366830
-0.130956  1.115328
-0.254230  0.799768
-0.235926  1.471050
-0.275842  1.048583
-0.197354  0.643260
-0.177290  1.049293
-0.268997  0.841614
-0.430094  0.946715
-0.353347  1.249357
-0.669414  1.419336
-0.789724  0.820275
-0.920331  0.658956
-0.715095  0.942310
-0.764689  0.631978
-0.766523  1.414613
-0.699924  1.407640
-0.594598  0.901545
-0.658647  1.074394
-0.829327  1.483647
-0.566823  0.782610
-0.568421  0.502688
-0.892425  1.028373
-0.784189  0.634059
-0.510496  1.368533
-0.661617  0.494851
-0.593563  0.879850
-0.535207  0.746275
-0.528686  0.847721
-0.515544  1.485236
-0.757144  1.012864
-0.616208  0.876071
-0.574920  0.987882
-0.662189  1.159760
-0.830827  0.672576
-0.825896  0.584581
-0.721813  0.676087
-0.990931  0.870068
-0.876581  1.146822
-0.981493  0.705498
-0.771587  1.503323
-0.615540  1.128587
-0.494056  1.574870
-0.421792  1.378540
-0.737425  1.486669
-0.775009  1.139660
-0.766965  1.182505
-0.755104  0.669060
-0.662849  0.669369
-0.491857  1.284100
-0.579225  1.105649
-0.657390  0.955180
-0.486844  0.563321
-0.583855  0.837770
-0.572619  1.375480
-0.553820  1.303979
-0.583699  0.606798
-0.630794  1.232784
-0.544541  1.030021
-0.626292  0.891677
-0.227053  1.083153
-0.334299  0.765746
-0.494782  0.676722
-0.377742  0.766316
-0.436706  0.617709
-0.593503  1.081826
-0.274303  1.287704
-0.180055  0.914781
-0.108391  1.055081
-0.354430  1.474119
-0.386836  0.540049
-0.476163  1.079721
-0.594036  0.588649
-0.729708  0.884314
-0.728955  1.701160
-0.716990  1.306200
-0.886386  1.392984
-1.076437  1.621457
-1.134487  0.756898
-0.970297  0.585493
-0.964333  0.991890
-0.713423  1.351178
-0.823847  0.871173
-0.796370  1.001628
-0.864435  0.899263
-0.774860  1.111321
-0.687371  0.766064
-0.507603  1.039660
-0.482453  1.807810
-0.370290  0.707803
-0.473736  0.996748
-0.505992  0.805814
-0.414121  0.674283
-0.374264  0.773487
-0.194488  0.503616
-0.274753  1.321102
-0.233081  0.871733
-0.251067  1.130927
 0.034333  0.949572
-0.219735  0.980419
-0.091676  1.548145
-0.266921  0.619314
-0.183926  0.722706
-0.638742  0.821066
-0.519355  1.065766
-0.366431  1.541261
-0.344066  0.671324
-0.530631  0.890987
-0.556949  1.102813
-0.735431  0.851156
-0.707516  0.691426
-0.701968  1.659084
-0.643189  0.881713
-0.677939  0.836705
-0.737372  0.861833
-0.656324  0.547590
-0.557320  0.996177
-0.476985  0.727188
-0.357425  0.529479
-0.573527  0.795393
-0.352787  0.583401
-0.279375  0.377338
-0.485873  1.425273
-0.281678  1.722714
-0.104105  0.664290
-0.148579  0.633212
-0.137218  1.041666
-0.126411  0.996576
-0.246271  1.400028
-0.306433  0.619359
-0.142689  1.662636
-0.270769  0.680725
-0.138493  0.944282
-0.060072  0.895631
 0.029453  1.497399
-0.142578  1.209455
-0.339713  0.843063
-0.606666  1.022313
-0.662915  1.076875
-0.632575  0.883740
-0.691026  0.766959
-0.644784  0.552210
-0.612354  0.735963
-0.523217  1.125974
-0.551419  1.154822
-0.757795  0.626195
-0.953636  1.087617
-0.616569  0.729558
-0.546274  0.727767
-0.408178  0.656333
-0.288821  0.962236
-0.436171  0.990914
-0.369253  0.811343
-0.500330  1.101789
-0.419133  0.671490
-0.576258  0.791390
-0.350290  1.276239
-0.448379  0.374773
-0.457818  1.524567
-0.568796  0.961648
-0.456822  1.070947
-0.373141  0.987047
-0.474966  0.712988
-0.526028  1.091397
-0.651652  1.290304
-0.491300  0.895311
-0.479389  1.364162
-0.649172  0.533513
-0.614661  0.888405
-0.517344  0.942633
-0.637908  0.827435
-0.509027  0.590256
-0.644801  0.821198
-0.524339  0.789440
-0.437421  0.770886
-0.514985  0.858937
-0.450824  1.154991
-0.408311  0.800785
-0.327654  0.976175
-0.394460  0.887619
-0.391246  0.759104
-0.419381  1.202553
-0.626730  0.554758
-0.500105  0.489428
-0.545534  1.085697
-0.473233  0.596972
-0.533054  0.602863
-0.811127  1.034507
-0.854179  0.780694
-0.690444  0.631392
-0.509566  0.788669
-0.609825  0.619512
-0.541655  0.640794
-0.205770  0.628537
-0.377136  1.070080
-0.333714  1.211254
-0.169839  0.943198
-0.276411  1.128175
-0.399030  0.550388
-0.507972  1.127234
-0.542395  0.527153
-0.649448  1.306192
-0.844390  1.162798
-0.854071  1.505006
-0.947689  0.625391
-0.828547  1.974995
-0.728687  1.559633
-0.606872  1.652340
-0.795137  0.973920
-0.714634  1.224740
-0.640571  0.621592
-0.656848  0.668201
-0.600431  0.480327
-0.572236  0.596542
-0.511911  1.040011
-0.362546  0.554476
-0.264687  0.697446
-0.355903  0.672151
-0.477118  1.084779
-0.363233  1.067187
-0.476863  0.456170
-0.393474  1.148106
-0.313676  0.745835
-0.153005  0.739587
-0.197162  0.685193
-0.340737  1.067311
-0.478003  0.720199
-0.521546  1.149690
-0.487316  0.767935
-0.500941  0.683731
-0.516246  0.803915
-0.508151  1.173535
-0.531440  0.875652
-0.579674  0.759979
-0.507787  0.901202
-0.522655  0.684147
-0.515248  0.696958
-0.601644  0.744528
-0.661211  0.757334
-0.639477  0.889586
-0.652969  0.868498
-0.670118  1.160727
-0.602280  0.974728
-0.520126  0.860077
-0.578184  0.818826
-0.815536  1.871653
-0.733932  1.259832
-0.704569  1.438964
-0.631985  0.947355
-0.634403  0.618847
-0.540940  1.007177
-0.458884  1.606589
-0.569315  0.670158
-0.398532  0.707271
-0.346126  0.734768
-0.344656  1.087218
-0.154051  0.817537
-0.080329  0.669781
-0.300459  0.942147
-0.193711  0.852858
-0.223932  0.725342
-0.362602  0.858817
-0.537236  1.457166
-0.623937  1.100551
-0.657990  0.993317
-0.651591  0.937996
-0.463093  1.079629
-0.673724  1.124265
-0.594554  1.005297
-0.430077  0.944475
-0.369851  1.480942
-0.558548  1.183242
-0.360376  0.957432
-0.531260  0.551194
-0.427430  0.755346
-0.322441  0.851523
-0.377328  1.855902
-0.551788  1.186638
-0.436274  0.878843
-0.446639  1.177196
-0.246377  0.749042
-0.403379  0.728622
-0.341756  0.621594
-0.309867  0.641803
-0.341209  0.810227
-0.400806  0.735351
-0.406099  0.820762
-0.376703  0.767972
-0.294958  1.492479
-0.522202  0.568267
-0.560028  1.754513
-0.214676  0.886470
-0.253423  1.180451
-0.457748  0.831335
-0.222140  0.516974
-0.117923  0.916568
-0.001965  0.880273
-0.104489  0.914482
-0.291622  0.810310
-0.244484  1.335112
-0.305336  0.701626
-0.312445  0.684926
-0.529694  0.701990
-0.671666  0.881614
-0.772500  1.417456
-0.646441  1.194923
-0.594324  1.268027
-0.691879  1.146034
-0.577661  0.860715
-0.678291  0.774932
-0.522242  1.373674
-0.480846  0.809817
-0.557184  0.626342
-0.538587  0.903580
-0.621370  0.749763
-0.661611  1.146749
-0.585496  0.821358
-0.633792  0.799219
-0.513912  0.774614
-0.504201  0.476860
-0.561741  0.808419
-0.374055  0.482194
-0.245091  0.663543
-0.345879  0.682684
-0.372294  0.658670
-0.446231  0.755825
-0.604390  0.535272
-0.290490  0.453311
-0.229228  1.034504
-0.183309  1.405806
-0.255444  0.494254
-0.287498  0.822036
-0.525911  0.868887
-0.400182  0.844280
-0.439830  0.981725
-0.525945  0.877147
-0.605959  0.843287
-0.384468  1.953041
-0.499402  1.024622
-0.428591  0.853678
-0.516588  0.842052
-0.519730  0.763294
-0.567912  1.782375
-0.637390  0.942644
-0.422025  0.763682
-0.500856  0.668850
-0.607808  0.814494
-0.920786  1.442873
-0.748143  0.891953
-0.813352  0.854109
-0.937622  0.958751
-0.768484  0.735767
-0.906612  1.096486
-0.756950  1.116854
-0.841862  0.950582
-0.741136  0.912259
-0.540353  1.199143
-0.461892  1.295618
-0.389681  1.684892
-0.361481  1.169164
-0.425595  0.829342
-0.235526  0.616608
-0.357982  1.029483
-0.276163  0.967301
-0.110289  0.811896
-0.300021  0.681380
-0.377587  0.522802
-0.244737  0.894138
-0.247461  1.090173
-0.415277  1.274601
-0.435615  0.857481
-0.484745  1.207631
-0.327469  0.726542
-0.461762  1.236245
-0.458259  0.940317
-0.493903  1.344770
-0.467957  0.870193
-0.240966  1.148460
-0.439013  0.387234
-0.253739  0.650470
-0.217474  0.865734
-0.375815  0.583257
-0.389873  0.985413
-0.409854  0.841864
-0.544086  0.548420
-0.466764  0.896298
-0.480625  1.020453
-0.633205  0.831524
-0.608761  0.652796
-0.566236  1.024363
-0.408611  0.698951
-0.609697  1.089572
-0.464403  0.969374
-0.418295  1.367743
-0.636266  0.938792
-0.914365  0.743329
-0.701257  1.164486
-0.851230  0.729330
-0.896517  0.802359
-0.919134  0.689208
-0.793688  0.771169
-0.655967  0.794856
-0.500979  1.585903
-0.367155  1.071422
-0.201219  1.033330
-0.188333  0.685530
-0.091579  2.311899
-0.317742  1.696372
-0.430628  1.012812
-0.421906  0.871461
-0.329586  1.135600
-0.226742  0.603602
-0.320151  0.818261
-0.586996  0.711405
-0.662306  0.803900
-0.713507  2.859276
-0.732650  1.072768
-0.795432  1.047068
-0.565465  0.906563
-0.359663  0.847265
-0.551102  1.299951
-0.555979  1.257741
-0.523314  0.994390
-0.461576  1.200204
-0.485596  1.538389
-0.514583  0.850615
-0.664555  0.848743
-0.485909  1.297137
-0.667674  0.950813
-0.565247  1.116642
-0.334193  1.177552
-0.450535  1.185601
-0.502908  1.235367
-0.394220  0.670311
-0.615043  0.594592
-0.548943  0.498899
-0.549400  1.055190
-0.584378  1.084818
-0.449907  0.524295
-0.622612  0.703943
-0.547733  0.918955
-0.667560  1.099103
-0.614535  0.990106
-0.591989  0.856727
-0.424270  1.149693
-0.473332  1.022901
-0.666422  1.221033
-0.631098  0.743443
-0.659001  0.923272
-0.531811  0.839783
-0.505076  1.219183
-0.516892  1.029162
-0.571464  0.383441
-0.501935  0.773885
-0.458353  1.024015
-0.560085  0.751958
-0.630818  0.617348
-0.387557  0.825083
-0.414306  0.716058
-0.570161  0.569282
-0.409113  1.033422
-0.435223  1.001883
-0.442581  1.117460
-0.444669  1.027072
-0.522085  0.700917
-0.546767  1.422911
-0.582261  1.034858
-0.346334  0.854405
-0.581479  1.446310
-0.586625  1.206618
-0.701175  0.841986
-0.548769  0.656173
-0.539116  0.443475
-0.372317  1.083986
-0.551246  0.616887
-0.496880  1.049795
-0.511421  0.808786
-0.365871  0.649312
-0.521720  0.611876
-0.815396  1.111110
-0.684249  1.326431
-0.561798  0.555175
-0.740955  1.809131
-0.664028  1.017103
-0.548561  0.549518
-0.626958  1.417991
-0.716145  0.894007
-0.591108  1.309718
-0.645886  1.119650
-0.570240  1.227500
-0.338974  0.819852
-0.551632  0.667886
-0.714164  0.658839
-0.481329  0.724063
-0.392206  1.591014
-0.443674  1.272434
-0.493215  1.482865
-0.722202  0.920728
-0.544990  1.027021
-0.592138  0.991378
-0.714479  1.168267
-0.733159  0.856686
-0.822165  0.755908
-0.819676  0.951395
-0.521349  0.844712
