  34.946234 1118.470140
  50.398308 1120.452021
  68.828804 1116.618099
  79.845054 1121.677239
  70.713516 1123.944641
  62.235151 1114.231510
  70.652133 1121.967753
  38.457061 1124.545064
  48.322218 1122.747141
  36.757452 1113.711674
  40.395928 1123.548541
  43.594988 1114.831816
  48.340266 1125.743376
  35.566783 1119.360432
  45.565661 1118.564080
  40.192266 1114.434762
  36.819910 1111.426614
  22.278196 1114.564743
  33.389830 1115.417449
  20.478592 1120.623175
  19.351622 1119.429175
  21.114874 1127.655964
  60.139562 1119.788402
  70.362866 1129.195442
  44.383666 1125.420089
  44.941807 1118.332318
  37.051792 1124.643129
  33.464749 1123.825929
  61.730234 1109.822329
  55.548248 1117.122943
  40.505034 1119.073567
  38.951821 1117.263559
  26.741861 1121.406280
  70.158470 1120.014973
  34.816301 1119.369357
  48.576834 1120.029097
  40.934870 1115.542502
  29.833346 1117.333767
  31.384222 1113.775890
  30.354578 1118.276527
  65.882512 1115.479673
  33.315174 1122.435832
  34.013896 1122.700351
  27.906546 1129.445451
  25.676701 1123.522773
  43.180858 1120.371085
  49.312155 1118.442360
  36.799600 1128.096752
  32.329825 1125.142890
  29.566357 1127.654722
  46.437366 1126.945214
  40.595279 1131.212938
  24.717711 1133.989520
  32.281386 1130.556604
  17.506999 1128.086654
  17.010600 1122.963086
  31.580064 1125.889093
  45.286044 1125.682102
  69.125406 1124.896711
  52.432314 1115.226415
  48.689724 1118.493290
  32.796812 1121.848651
  26.236873 1122.320196
  58.480769 1124.038029
  41.452219 1111.685134
  51.822633 1122.941027
  38.889962 1114.374110
  65.420692 1115.820823
  41.340061 1119.134251
  39.219829 1117.729381
  59.988543 1119.910902
  82.618910 1118.648419
  47.151983 1119.057990
  48.232580 1118.248687
  47.766337 1123.405499
  55.507445 1116.845284
  35.624860 1119.046863
  41.156083 1113.198005
  31.633091 1123.004471
  48.790522 1113.748109
  73.920442 1118.141001
  71.415329 1119.612604
  84.753978 1106.968562
  46.424053 1117.800911
  67.664434 1114.757755
  66.023018 1114.757743
  78.690834 1112.714123
  99.829231 1122.255919
  61.148894 1118.696198
  67.773401 1120.218050
  68.608723 1116.065617
  78.256836 1120.589260
  70.281378 1112.464148
  56.548619 1128.477141
  58.407850 1120.489682
  88.005226 1123.714690
  61.244932 1126.351461
  70.139234 1120.587908
  61.035833 1122.811614
  37.684935 1125.249946
  14.433900 1130.637217
  30.975390 1135.223827
  25.868937 1131.762390
  51.070406 1122.986944
  39.994429 1121.101111
  38.928693 1115.891263
  38.767722 1119.063586
  47.621868 1116.850000
  52.912575 1110.048409
  42.349256 1122.673827
  49.348084 1118.290336
  38.473461 1120.036031
  48.891477 1131.440526
  57.398096 1126.429680
  44.622846 1117.395491
  68.965219 1128.258039
  54.469631 1115.562870
  67.773429 1116.601209
  81.025870 1126.081535
  47.733567 1117.199921
  60.189322 1107.360447
  46.193288 1109.813821
  61.792864 1119.191704
  40.565415 1115.891317
  44.483084 1117.309195
  45.386889 1120.758988
  41.294301 1115.890437
  46.190718 1121.464007
  49.819947 1117.468965
  44.818063 1117.320730
  41.730940 1120.578151
  26.125694 1129.460180
  25.376647 1124.847126
  35.949295 1132.892644
  58.606593 1126.518414
  37.882293 1128.462062
  47.342262 1123.505087
  25.392401 1123.729695
  42.924520 1126.067866
  30.001625 1117.002150
  33.010945 1117.624712
  17.009394 1127.166312
  24.921788 1123.413695
  48.399688 1123.702964
  27.299171 1119.952941
  47.027981 1127.403234
  41.686258 1121.414517
  43.300966 1119.814512
  74.208003 1123.033562
  60.648118 1125.121512
  36.324118 1122.927359
  50.628749 1113.369175
  40.010459 1125.230811
  48.614983 1127.027390
  45.497297 1124.078858
  42.760810 1124.485635
  74.316472 1123.818074
  42.989335 1124.538545
  28.045205 1130.579370
  23.159068 1132.265216
  40.182896 1124.180499
  37.396517 1121.769485
  41.082819 1126.095991
   9.941396 1124.412542
  32.414530 1131.257240
  36.672968 1117.826286
  63.103505 1121.233565
  79.628999 1115.744809
  70.537880 1132.947140
  34.189278 1126.193155
  44.575401 1120.295056
  80.654284 1121.055414
  56.202277 1124.357421
  46.836579 1120.951149
  57.119494 1123.847606
  17.878498 1123.659022
  34.327454 1122.739226
  54.339981 1122.450929
  59.170663 1127.126797
  51.262733 1133.878131
  52.674862 1125.061493
  37.604608 1124.791977
  38.841088 1129.774943
  56.904699 1128.198076
  80.731287 1122.371054
  50.458271 1126.017289
  51.159797 1131.870470
  63.861643 1129.938480
  57.451620 1127.830419
  65.237817 1127.893599
  33.840445 1133.101601
  51.294695 1124.769624
  52.661755 1128.159786
  49.899416 1119.879635
  59.086333 1126.235999
  37.745659 1122.081174
  42.102248 1121.718489
  25.056210 1125.276321
  46.024086 1124.968134
  28.684808 1122.738962
  39.784327 1125.462331
  45.112634 1122.347429
  50.165789 1125.731828
  49.235811 1126.058046
  85.428239 1118.022971
  80.235906 1120.183157
  35.633309 1126.471866
  54.893534 1111.360469
  61.997245 1129.915436
  69.513057 1119.191383
  78.623742 1124.697389
  43.777880 1124.147640
  47.166189 1121.454156
  59.899649 1114.822747
  44.546544 1113.748539
  41.132675 1118.745503
  42.505064 1119.773049
  60.183085 1117.790705
  59.931089 1122.070897
  48.585712 1131.568614
  31.514024 1118.401554
  36.168217 1122.536801
  41.619398 1126.513331
  36.434102 1122.247665
  63.155745 1124.618451
  58.929847 1128.830299
  40.670606 1130.060120
  22.380666 1122.412864
  43.049381 1125.156474
  58.003542 1121.236033
  27.612711 1129.091254
  24.119150 1118.728520
  63.383222 1116.081516
  71.184050 1121.732428
  52.644265 1134.753016
  54.136641 1125.550721
  39.129769 1111.421548
  53.793884 1129.994074
  51.977963 1117.566542
  30.925275 1124.684411
  40.103561 1127.970630
  46.328378 1136.007700
  61.530891 1129.321912
  52.974598 1124.731827
  62.241880 1119.845586
  44.238585 1123.900549
  52.143520 1125.251441
  26.064617 1126.277399
  31.207050 1123.855984
  58.501681 1113.481117
  58.956161 1121.370256
  49.679440 1113.692092
  62.040619 1122.017827
  50.474900 1115.204462
  59.690374 1120.095764
  47.128367 1124.788251
  52.174307 1119.974118
  48.849877 1121.334840
  46.805937 1120.438792
  46.901695 1126.886018
  72.936340 1121.325272
  85.318295 1121.126920
  74.718377 1127.371486
  84.105289 1121.124363
  90.722285 1116.383582
  43.404480 1128.287440
  49.402337 1119.319383
  44.003513 1122.185235
  48.850008 1116.021907
  44.886226 1122.031665
  23.348734 1123.909623
  16.428681 1123.490330
  37.214791 1122.998026
  37.708439 1116.497495
  36.314472 1121.245580
  42.377176 1123.470742
  41.501734 1115.099967
  37.272991 1119.488029
  33.002432 1116.285376
  38.837754 1117.814960
  27.931670 1117.513217
  34.481685 1122.079819
  29.695329 1124.248003
  79.310414 1124.154710
  56.500717 1122.113123
  57.129412 1112.427259
  62.822132 1105.890495
  21.115228 1127.482951
  33.868324 1121.973387
  46.139901 1124.691742
  42.914765 1124.612751
  31.380444 1123.945379
  36.723473 1123.092250
  44.222181 1114.248650
  72.102075 1120.508234
  52.272127 1118.341111
  47.930918 1122.831338
  19.824947 1116.566577
  34.620721 1119.004608
  53.696562 1127.732342
  67.533625 1124.844000
  51.517335 1126.231110
  56.558531 1129.296718
  60.896066 1117.953042
  54.953442 1118.006597
  31.833303 1116.134050
  65.250665 1110.524166
  60.043555 1113.803871
  59.726730 1119.220593
  48.470935 1121.256698
  57.366377 1121.812758
  44.770707 1118.696022
  40.422533 1118.965674
  42.863211 1122.587399
  33.118162 1109.196583
  66.332780 1121.057184
  24.290339 1113.949669
  49.653505 1128.459413
  31.016392 1128.357187
  34.832746 1127.082185
  37.972437 1130.711642
  39.016172 1118.205535
  41.412532 1121.150550
  27.375560 1120.912143
  40.355387 1124.950274
  52.807723 1126.399514
  48.610813 1118.069534
  61.714978 1119.483643
  27.716530 1116.919166
  50.795510 1111.928117
  52.346575 1118.701532
  43.659868 1120.543168
  46.325002 1126.446920
  42.939917 1120.646346
  53.728001 1117.262911
  63.066865 1124.751561
  64.732376 1120.037571
  46.314991 1124.296492
  46.902216 1118.255709
  42.262888 1125.393152
  65.038724 1120.450578
  66.707015 1120.959667
  89.390637 1121.109153
  88.943851 1127.484602
  48.484228 1115.713883
  35.617964 1118.800373
  17.527131 1117.846415
  34.165343 1114.018168
  41.855959 1119.278261
  39.299363 1114.756882
  48.177015 1113.462464
  34.151040 1115.198786
  62.831186 1121.950931
  67.073387 1119.631325
  53.219324 1111.333711
  93.183579 1102.495574
  44.690739 1113.371710
  75.012804 1109.177036
  63.423632 1117.081537
  57.788908 1117.887720
  59.649988 1113.496934
  68.721037 1116.131760
  50.652813 1121.944185
  20.141573 1131.342368
  53.211654 1129.072883
  41.498150 1128.955346
  27.393428 1121.182645
  34.396342 1120.735608
  36.829146 1123.707067
  20.727843 1126.474993
  17.234708 1127.407578
  13.793869 1131.165647
  38.550529 1130.885545
  13.712391 1120.864509
  33.160229 1119.426532
  33.272997 1126.003729
  54.652199 1127.995083
  57.343321 1125.661736
  37.288926 1127.094201
  35.716571 1125.792516
  56.425850 1129.616966
  65.286126 1127.449875
  59.729097 1129.395244
  54.276204 1122.169715
  30.460044 1127.467470
  38.507586 1127.809332
  39.973263 1117.295022
  30.314695 1124.271977
  34.279221 1117.671648
  65.724135 1122.520281
  61.312667 1129.192039
  96.489335 1128.343843
  43.277248 1128.034128
  45.593716 1130.758696
  43.474869 1117.971970
  49.732582 1124.152558
  60.420146 1112.471010
  36.768333 1120.577737
  38.812578 1120.115497
  36.650331 1121.567321
  48.856612 1129.694059
  48.301357 1128.850196
  56.823655 1129.647478
  32.899451 1122.108246
  30.174498 1125.835463
  49.722355 1125.526204
  46.303181 1127.749954
  46.571282 1113.702295
  57.791977 1129.919883
  39.647243 1129.237049
  30.607311 1115.512586
  33.727561 1119.902102
  45.322199 1126.503823
  52.718952 1115.031226
  72.330007 1112.227923
  51.156598 1121.173653
  61.556221 1119.987540
  37.388547 1114.217434
  58.776386 1126.335973
  40.321531 1123.879478
  60.473948 1115.462123
  69.391530 1112.530723
  37.591932 1120.553862
  40.269675 1110.695063
  30.234639 1113.264421
  27.012591 1119.309356
  43.038362 1116.160775
  54.516526 1111.599895
  63.200025 1128.914690
  73.333560 1121.533223
  40.158124 1120.986651
  49.072923 1127.743209
  63.298481 1120.992163
  62.915294 1117.474504
  61.936654 1109.162067
  76.313301 1115.817960
  58.613726 1124.355018
  53.028981 1111.022376
  69.387438 1114.931224
  68.306737 1125.316881
  62.678709 1119.637787
  58.904088 1121.237950
  40.603362 1119.006719
  34.951878 1125.353922
  24.401855 1111.491521
  67.784736 1121.721048
  58.603629 1119.442073
  41.513238 1129.048204
  34.548362 1126.931542
  46.083191 1113.477955
  36.361794 1113.365046
  58.476647 1122.592348
  50.115379 1122.758894
  42.437173 1116.729311
  35.299946 1120.351562
  28.766279 1126.526897
  42.024698 1116.066684
  62.875131 1109.909575
  54.221949 1111.695695
  40.616543 1118.331017
  44.245556 1119.911890
  74.777956 1121.397136
  57.364654 1115.383909
  72.474972 1111.541943
  40.671097 1127.458634
  24.600435 1128.390747
  43.936934 1118.833785
  31.203139 1125.259573
  34.283428 1127.602914
  59.839213 1122.772489
  53.503659 1126.498181
  32.552558 1133.747980
  23.298380 1127.655224
  31.274198 1127.082406
  50.319971 1122.280400
  42.536023 1127.411121
  24.917483 1132.342350
  18.472982 1122.155528
  55.150957 1124.347941
  58.063387 1119.146006
  70.561587 1120.303570
  60.376032 1118.398182
  42.150936 1110.160362
  55.848987 1119.792383
  54.224265 1120.049383
  58.174889 1118.371528
  57.803661 1118.921953
  38.724998 1110.988243
  49.962835 1115.981891
  27.854258 1107.537441
  51.930377 1118.858241
  37.983942 1115.415843
  47.368508 1116.919115
  42.620797 1121.050896
  29.384071 1116.232500
  26.874327 1108.384288
  35.230654 1118.332756
  54.378147 1120.105522
  54.927416 1123.606730
  49.065646 1113.092117
  70.736072 1111.166153
  52.622414 1125.555571
  39.602379 1122.991107
  30.289436 1127.054237
  40.982428 1121.645453
  62.505997 1124.493673
  69.229717 1125.748922
  37.135546 1113.702558
  58.200780 1128.453410
  44.922434 1115.520124
  49.070684 1125.413351
  64.346872 1117.584744
  72.080185 1121.888364
  76.644722 1111.327897
  55.779919 1119.819943
  37.962244 1124.904632
  29.784553 1125.800093
  34.051731 1111.466529
  13.470273 1123.263686
  31.305928 1124.380648
  40.977481 1126.586978
  34.053923 1117.567271
  37.980777 1120.307603
  48.655826 1132.852984
  28.172129 1127.436765
  42.089026 1133.226988
  51.341747 1126.676457
  49.746149 1127.099551
  60.011336 1127.339002
  66.056677 1127.979662
  42.488930 1125.650356
  45.227393 1120.141678
  43.100253 1121.846657
  50.393809 1126.011234
  65.399941 1129.439430
  79.027473 1117.283264
  35.550386 1119.247077
  74.554194 1119.183191
  77.042957 1118.098220
  69.659458 1116.962277
  35.562094 1118.922260
  32.143118 1125.214840
  66.395780 1126.312656
  56.465858 1121.995304
  43.534493 1107.646754
  50.741534 1119.992612
  45.388070 1120.417940
  51.247081 1117.001486
  35.714283 1113.313823
  61.603841 1122.311927
  59.763229 1114.431043
  51.628845 1122.363322
  37.493672 1126.674733
  26.377751 1120.453982
  38.453027 1124.820862
  34.067993 1118.907071
  35.795629 1118.085940
  43.890323 1112.817338
  46.108966 1121.536284
  48.487133 1118.118432
  43.420281 1120.207132
  41.900479 1116.605555
  20.965145 1122.174796
  32.905357 1124.904872
  39.380889 1119.504379
  48.947511 1124.557076
  52.041375 1126.388350
  53.229158 1117.550175
  51.243866 1124.822124
  18.410006 1130.722886
  21.325151 1124.864602
  34.934045 1120.120543
  21.873438 1126.220982
  41.134677 1117.477917
  44.708479 1114.420210
  52.623652 1116.342064
  51.463783 1113.710439
  50.263263 1119.633242
  40.052205 1116.056430
  27.461217 1128.550044
  44.284205 1130.170957
  32.979651 1130.142880
  44.169034 1123.961038
  55.895367 1119.025860
  32.922300 1121.896605
  40.568896 1120.901992
  61.344333 1119.455792
  71.310637 1123.035713
  83.725946 1119.312546
  89.947233 1120.721147
  40.699311 1131.972370
  50.223999 1119.144057
  52.992847 1126.147063
  48.067258 1120.600826
  22.149015 1126.990096
  32.966379 1125.731979
  59.130016 1118.358087
  41.946070 1123.203973
  36.199153 1118.537646
  31.412856 1118.105528
  47.655617 1126.242754
  26.842331 1127.951743
  24.896555 1119.122099
  24.079478 1116.578630
  38.851876 1127.673740
  64.457933 1121.937267
  47.004006 1122.004970
  49.583393 1123.906633
  40.436074 1122.288192
  64.103562 1119.800817
  53.763156 1125.032594
  20.190283 1133.278209
  34.986517 1123.363795
  66.486077 1131.534969
  31.561730 1130.218412
  47.746003 1124.016298
  25.042715 1131.302338
  25.290052 1118.322092
  42.192517 1126.410763
  45.462996 1122.454512
  48.451007 1127.231568
  41.541138 1129.340691
  59.918522 1124.835607
  59.287008 1128.320810
  51.307768 1123.623915
  46.438550 1119.332085
  48.985844 1124.040761
  53.206374 1128.286340
  50.767970 1129.522369
  38.977527 1129.505054
  42.542579 1126.542021
  55.650647 1131.078954
  52.573951 1118.586641
  50.065341 1125.390274
  55.018642 1126.863046
  60.486811 1121.117072
  61.918050 1127.431400
  45.112550 1126.073267
  67.809984 1122.530521
  69.219621 1124.169542
  56.549703 1125.361681
  34.350948 1116.730978
  38.014600 1127.062332
  47.582022 1126.366772
  30.812772 1126.162045
  21.785001 1132.218676
  45.617444 1127.669047
  48.312113 1122.078564
  70.323626 1123.872068
  58.852164 1125.749769
  49.589228 1123.657621
  49.914114 1117.415606
  36.659029 1129.172319
  41.832070 1127.115337
  37.131523 1123.083716
  38.460744 1124.868384
  53.386963 1129.554627
  69.130382 1124.727142
  57.095902 1120.498199
  58.786222 1126.630625
  61.102070 1123.193119
  46.833446 1123.200495
  50.980740 1125.716467
  60.277426 1119.892546
  49.468561 1122.236252
  27.619621 1131.792845
  15.325556 1116.752369
  30.838975 1124.779904
  59.186357 1122.232741
  40.719082 1118.046673
  34.201072 1117.675684
  63.472762 1119.087931
  58.669125 1122.582902
  43.214352 1120.023254
  23.039552 1117.790126
  35.650447 1122.510862
  42.936449 1118.584828
  28.791167 1119.503898
  27.700740 1126.215414
  40.808713 1117.628569
  52.607122 1128.112434
  61.814188 1117.830083
  78.541048 1124.931925
  48.244560 1122.459298
  49.033253 1124.163941
  65.335180 1123.878628
  52.418576 1133.611930
  70.803261 1124.749134
  52.442347 1118.704835
  36.340459 1132.669808
  20.576961 1129.766571
  44.295660 1134.204206
  29.976737 1130.596143
  25.411437 1126.730930
  40.798328 1137.475060
  47.077489 1131.173567
  51.240366 1129.514725
  51.847669 1134.358019
  35.288061 1133.954938
  65.249255 1133.143449
  57.723028 1137.040359
  61.437987 1130.706344
  63.286360 1131.042766
  35.046766 1134.239996
  44.640181 1130.655526
  58.242392 1129.225049
  31.482678 1134.549795
  47.592613 1136.106462
  40.480805 1134.400948
  46.720460 1128.465475
  83.308865 1125.766867
  60.977547 1121.713322
  35.198226 1125.068612
  49.806413 1123.718584
  34.941064 1114.854097
  17.675796 1117.694629
  23.710897 1123.591347
  31.402214 1123.298534
  44.065402 1115.000539
  57.725973 1117.302346
  70.817528 1118.845600
  41.353015 1117.341437
  32.916454 1119.206332
  39.512100 1119.330627
  46.138826 1113.538971
  24.959179 1122.986896
  25.869058 1120.023980
  32.956261 1120.852502
  58.907748 1116.865880
  47.103835 1116.527925
  59.803883 1117.605542
  93.113551 1114.150102
  77.994568 1115.922401
  44.700302 1119.162847
  29.229342 1116.315003
  35.729658 1127.520788
  41.930203 1120.142510
  23.692283 1125.723928
  32.701193 1117.400087
  31.125930 1118.858107
  41.409099 1120.960979
  32.688223 1116.967708
  29.820475 1115.618967
  27.727165 1115.971754
  45.196042 1124.085597
  50.415410 1121.835795
  55.957837 1117.112360
  48.232309 1114.550503
  38.698898 1116.465394
  47.948071 1126.224224
  45.173787 1115.690619
  52.517067 1124.207429
  54.935513 1125.292617
  29.111010 1122.966389
  35.693838 1114.716417
  71.161253 1125.220050
  53.301706 1113.003602
  56.101216 1119.561931
  78.346758 1119.567693
  25.860400 1120.055222
  35.534943 1119.716291
  48.106177 1120.869274
  41.623318 1118.013951
  42.739135 1110.096694
  35.499953 1126.531213
  34.789569 1115.972544
  36.161552 1119.026022
  52.181325 1121.120426
  75.083821 1115.898654
  77.098133 1118.466860
  61.306438 1124.964581
  53.602054 1118.863666
  53.137204 1116.468783
  50.027173 1115.405813
  62.031502 1117.739839
  45.002880 1117.431086
  48.918762 1123.066568
  25.500045 1114.833354
  48.986376 1115.499817
  41.826394 1117.282848
  40.618739 1118.433509
  50.661539 1120.676830
  57.346622 1115.425484
  51.396278 1113.474172
  49.617377 1111.401090
  49.180295 1112.074223
  30.862457 1118.468926
  48.740257 1114.559485
  52.340816 1129.387494
  76.320907 1116.324342
  60.597174 1115.455645
  38.618738 1112.858029
  38.340375 1117.466583
  47.299416 1115.730327
  57.328691 1121.764243
  54.574673 1122.137901
  65.560147 1125.605849
  43.566226 1116.464115
  38.646722 1121.049519
  50.873188 1116.819041
  58.918824 1114.755081
  19.459187 1120.785689
  40.138689 1114.329791
  53.019309 1122.194839
  37.383058 1125.499793
  52.562363 1125.230086
  57.010131 1121.006730
  88.026532 1127.699747
  69.282357 1125.776198
  38.489283 1128.483505
  37.065385 1130.204228
  45.421193 1126.927830
  57.019297 1123.561171
  47.803746 1123.212588
  52.457909 1113.114174
  72.537833 1125.761102
  56.089106 1115.683215
  53.911485 1122.765381
  64.073069 1113.038836
  58.605160 1124.584506
  58.687296 1122.251140
  60.075952 1116.957711
  47.109693 1123.461796
  29.659098 1118.224903
  43.912307 1123.898386
  60.734410 1124.087615
  30.852627 1114.699883
  27.568317 1112.293302
  38.366816 1120.080890
  28.791197 1116.323966
  53.490888 1118.932209
  49.388835 1111.135298
  44.251992 1125.066270
  32.210701 1125.272757
  54.613172 1119.522286
  60.353528 1120.359406
  52.773576 1105.903692
  61.030043 1109.518879
  46.338257 1114.023987
  52.317899 1115.986138
  71.250439 1119.298057
  56.131577 1114.420006
  38.601185 1114.998754
  59.030542 1127.119746
  84.476758 1122.307180
  43.940510 1127.065828
  50.514764 1128.056164
  21.804312 1124.852213
  27.595969 1120.018335
  32.645286 1115.772931
  28.343643 1129.578233
  36.769760 1129.770161
  50.056134 1126.021887
  47.335291 1126.232358
  40.088226 1118.933870
  45.711494 1121.544153
  48.701700 1123.095182
  24.391903 1123.087145
  53.535687 1126.640602
  32.696261 1125.482870
  13.023554 1122.372658
  36.846895 1119.007857
  37.047967 1123.646964
  27.874013 1118.457414
  36.834717 1115.030924
  42.875142 1121.278101
  41.180222 1115.204702
  28.713228 1105.268175
  26.416081 1121.772889
  21.771186 1116.984975
  63.780425 1124.096318
  45.499751 1109.458951
  42.138721 1122.548534
  23.616246 1116.013103
  44.555479 1120.671061
  50.802850 1119.880438
  43.248166 1127.990811
  58.528486 1126.169042
  65.170215 1124.342140
  65.605953 1120.465924
  58.741526 1125.380557
  30.216384 1126.848677
  35.276193 1121.510824
  33.047683 1112.535432
  54.776256 1122.071459
  45.872880 1120.893728
  55.863108 1126.125583
  70.529627 1120.467833
  35.366830 1125.298159
  58.801869 1121.432582
  39.496085 1119.842778
  55.734070 1122.441848
  38.548524 1124.192052
  60.167817 1114.587813
  57.322822 1122.214723
  60.655907 1115.844693
  41.184592 1118.346896
  54.226044 1120.249892
  45.043883 1121.074559
  45.071196 1119.997277
  64.362253 1118.624691
  73.682618 1118.471248
  55.172963 1120.758661
  25.418736 1113.634717
  53.699448 1111.432862
  38.516938 1109.691115
  39.309409 1116.306627
  37.600466 1112.959589
  26.842659 1109.325658
  46.982819 1111.282682
  48.638007 1114.649246
  53.117316 1114.229032
  57.616970 1114.742661
  68.753556 1116.946430
  51.880307 1117.780545
  68.243731 1116.005197
  41.327888 1116.384686
  47.842318 1113.477441
  35.522200 1122.455681
  32.908359 1111.712560
  57.097018 1112.124014
  51.063946 1119.602767
  58.415727 1116.389400
  39.245325 1114.191858
  44.624298 1108.249709
  41.867134 1113.730544
  35.428318 1119.822519
  67.684544 1122.998166
  49.351422 1119.869613
  49.074008 1119.958389
  57.425900 1118.994258
  31.588179 1118.688662
  40.304867 1125.639330
  64.083441 1117.840468
  55.754332 1125.100639
  49.701694 1123.579953
  39.131442 1126.761696
  35.007716 1120.556201
  45.903565 1118.691129
  19.365803 1123.343378
  32.838813 1125.829510
  35.038619 1127.333385
  33.253222 1132.089339
  64.173368 1113.903129
  44.046069 1123.162953
  70.351707 1125.000962
  54.813222 1116.698754
  58.538798 1117.275881
  48.231266 1123.266323
  62.445878 1130.699077
  78.977273 1119.204768
  35.929302 1124.198666
  27.652882 1125.237264
  34.960051 1129.511315
  55.442780 1121.463225
  36.866234 1125.274293
  34.924013 1120.989795
  43.660299 1122.341715
  47.228094 1126.277220
  41.080728 1118.504967
  48.186416 1126.697177
  41.057762 1127.229204
  63.327688 1113.348755
  71.306338 1123.634705
  64.059335 1120.411318
  55.211869 1121.902641
  45.067695 1118.399815
  55.479937 1118.985294
  40.118102 1106.699289
  32.409766 1117.124993
  50.043707 1105.766026
  42.048895 1118.351097
  32.876007 1127.253243
  34.117779 1123.422514
  32.932070 1127.850479
  34.093788 1123.810537
  11.403679 1120.383976
  35.044731 1122.488975
  35.626452 1130.149026
  23.053553 1124.627655
  30.999793 1123.175820
  35.289727 1123.429575
  38.021726 1122.280412
  73.364780 1126.374119
  28.192398 1120.598282
  42.169180 1122.628662
  28.351902 1118.081513
  35.868830 1131.272325
  78.056205 1123.866217
  47.037477 1124.613268
  23.237568 1130.402539
  38.263532 1125.374608
  39.648528 1123.023381
  43.166197 1117.831501
  20.175380 1126.889546
  78.093030 1129.993058
  34.991865 1126.700587
  73.689494 1127.007021
  48.008337 1128.354630
  63.549305 1122.119045
  58.739805 1116.577517
  46.278939 1128.374482
  47.039008 1131.140803
  67.060261 1126.943392
  61.960778 1112.880013
  26.190536 1120.255873
  37.001945 1118.810715
  26.941839 1113.750637
  42.276625 1113.791803
  40.148009 1117.564282
  38.465771 1118.669317
  33.883038 1121.641617
  24.253878 1123.877886
  46.742543 1120.246546
  40.724384 1124.488546
  52.911865 1118.415122
  42.228110 1121.721316
  57.628429 1116.267254
  51.473442 1111.678236
  47.226374 1116.134266
  19.124771 1121.733279
  20.077010 1125.126523
  35.217853 1122.385347
  24.339796 1112.154387
  36.779760 1114.224953
  35.177494 1116.249426
  35.949693 1118.170357
  50.358780 1121.693335
  46.712956 1119.585367
  45.581271 1118.617195
  65.401050 1108.027681
  43.772618 1114.632425
  34.299422 1116.014546
  25.672752 1107.303428
  80.907948 1125.942011
  46.475713 1129.563924
  76.012400 1124.222044
  34.081319 1124.632669
  39.403340 1130.371066
  17.446810 1124.717419
  57.229538 1128.098007
  48.135446 1122.964308
  60.341374 1126.109921
  58.529313 1120.686553
  37.175356 1123.551525
  36.263974 1130.017232
  47.968079 1121.878053
  46.938197 1127.589512
  34.133178 1120.045289
  70.252807 1125.868029
  63.080081 1125.707088
  29.740676 1127.003259
  59.768308 1124.550962
  60.299941 1116.001743
  51.226566 1125.006428
  31.706244 1127.861752
  31.416002 1126.092312
  28.610254 1131.082760
  37.199534 1123.819161
  36.355354 1121.633736
  29.994512 1129.275584
  35.013731 1124.934480
  35.082523 1125.372865
  23.788269 1127.907885
  43.678908 1122.977075
  42.344628 1120.781561
  22.854616 1125.370090
  46.627529 1114.473650
  56.738904 1113.558754
  44.893087 1119.009728
  30.214709 1114.560237
  38.517990 1118.346489
  37.135241 1114.508056
  45.486440 1120.908269
  49.560354 1117.848755
  33.958916 1118.193588
  27.006096 1123.436384
  49.670000 1118.528482
  53.611941 1126.306150
  72.042003 1131.695397
  44.731235 1127.094484
  43.951699 1122.456634
  88.183421 1121.609280
  74.000166 1111.451484
  75.574887 1125.521114
  69.429808 1123.844397
  45.929954 1121.430530
  63.869348 1124.247385
  64.229012 1118.730082
  47.055928 1123.579048
  30.059250 1121.687815
  38.451304 1123.607461
  20.623427 1122.048437
  40.754686 1122.426966
  48.989680 1125.843439
  55.118071 1108.371528
  46.287667 1120.362808
  34.924116 1123.179480
  21.152144 1125.948277
  30.678301 1127.450206
  42.583101 1130.222128
  43.922786 1126.304188
  66.633759 1115.370821
  43.612084 1117.838918
  77.246412 1118.041194
  44.932916 1124.550480
  31.433205 1119.073771
  24.830714 1129.766479
  58.812482 1115.561914
  46.752315 1119.430180
  17.337670 1128.731777
  30.382267 1126.677646
  55.058692 1125.328258
  45.988798 1116.781167
  21.566526 1129.467412
  38.014208 1125.755005
  40.269226 1123.321196
  46.545999 1121.667532
  32.359619 1124.754783
  20.953725 1120.540345
  26.244394 1122.332353
  26.858646 1130.843885
  35.584305 1130.110247
  32.681500 1130.836415
  13.679083 1132.075645
  36.477578 1122.592657
  50.193998 1135.918187
  30.876090 1134.758014
  29.443579 1131.323505
  33.382288 1127.824619
  40.206885 1130.596318
  11.830361 1123.354471
  14.362006 1120.569231
  25.168156 1122.473209
  51.137273 1119.144536
  51.915915 1116.164640
  60.012058 1115.482968
  75.816092 1112.784168
  69.676578 1111.789500
  68.595797 1109.317093
  64.984502 1108.957191
  80.944787 1110.420763
  47.578087 1118.344430
  44.939259 1119.196631
  40.051007 1119.856360
  44.628077 1122.553027
  32.005741 1121.730827
  48.046511 1114.856196
  49.095390 1128.256660
  37.684297 1119.437050
  54.391615 1123.895736
  68.951410 1118.942041
  60.604260 1118.663134
  81.719712 1122.162748
  57.691022 1126.554646
  83.557489 1112.250251
  64.185036 1112.801093
  55.515157 1115.601941
  45.797487 1115.850835
  60.995623 1125.474358
  69.738385 1126.753753
  43.829001 1116.847690
  51.721902 1128.282555
  26.341186 1115.486533
  22.512143 1121.519786
  69.421261 1120.301364
  72.571476 1121.277255
  30.608184 1123.846314
  40.132367 1117.586499
  60.498038 1125.631989
  72.919903 1124.647986
  39.390470 1128.642131
  58.732718 1126.588099
  42.122316 1122.399018
  43.807865 1120.687395
  87.417623 1117.412275
 120.050608 1124.816433
  79.187695 1123.744581
  46.138187 1117.785363
  74.078682 1122.249169
  62.937480 1121.121280
  66.051996 1120.443433
 114.093630 1115.715857
  57.320427 1133.210101
  66.659471 1123.776988
  46.921141 1119.952494
  55.954859 1108.986374
  48.230962 1114.256425
  78.646666 1119.810261
  62.352213 1111.524612
  71.890295 1118.315816
  53.358091 1116.436432
  34.980367 1115.299441
  68.627138 1121.131556
  61.117265 1117.922451
  64.022465 1116.931111
  80.332421 1117.017045
  74.252197 1110.571241
  48.567113 1105.285913
  65.020360 1121.154978
  99.830626 1121.863637
  58.335123 1115.866870
  47.190539 1116.569528
  46.420043 1114.737830
  42.110821 1114.736687
  33.280245 1115.462412
  27.564335 1118.486979
  46.511421 1117.806883
  61.501674 1118.755021
  33.426869 1120.066050
  44.808545 1123.838715
  65.991524 1122.990643
  44.513355 1123.254540
  29.537860 1131.337001
  63.258669 1126.731084
  67.982358 1122.334994
  56.115675 1122.824684
  58.448633 1127.629657
  70.446637 1129.149801
  74.062156 1127.929402
  59.827484 1121.312950
  47.045367 1129.036242
  39.190267 1127.321949
  51.327294 1126.291971
  69.375274 1124.281547
  34.459719 1126.813022
  46.891652 1124.127405
  42.379611 1116.383084
  37.982361 1125.554264
  56.806082 1124.245516
  49.145231 1120.082821
  30.049556 1120.217396
  14.519972 1119.839214
  25.571527 1123.030495
  21.345416 1130.453066
  49.221693 1127.966323
  27.217910 1130.225578
  62.876358 1124.606615
  61.437149 1124.951425
  68.403429 1113.560255
  37.063286 1112.763534
  46.541572 1118.336135
  57.808602 1118.428843
  30.150475 1118.559237
  33.768936 1129.435350
  40.752462 1122.422831
  49.906348 1129.954204
  40.433837 1123.883673
  37.027518 1126.137838
  27.754915 1128.473617
  35.331917 1123.205994
  57.853435 1119.260149
  30.787662 1133.649924
  24.789209 1118.813206
  40.717899 1117.183051
  20.385440 1127.165574
  79.767449 1114.609428
  35.442750 1125.979419
  45.131304 1122.778058
  27.460429 1125.114539
  48.788053 1123.206614
  28.862348 1131.823749
  25.105809 1125.734005
  35.112591 1118.234957
  50.860952 1128.988097
  36.177861 1124.322348
  66.011973 1131.532009
  40.693964 1125.477625
  53.856306 1129.748104
  54.796188 1119.494743
  61.451967 1121.882103
  54.346272 1111.743649
  53.263349 1117.464007
  61.859781 1120.684048
  70.233878 1121.241591
  46.146445 1120.198373
  50.995753 1110.799222
  83.981033 1116.503576
  72.311323 1119.019611
  21.872568 1132.629214
  32.885469 1120.641822
  26.032188 1131.618701
  35.383508 1126.456888
  45.393729 1119.335025
  53.826857 1117.915939
  60.947099 1114.476034
  43.300733 1115.979171
  48.573981 1120.609779
  48.558656 1124.654168
  31.903020 1128.658427
  32.950559 1120.568746
  22.925514 1129.408742
  22.569163 1126.873847
  30.631448 1126.440089
  43.812288 1122.531501
  35.341185 1125.932902
  61.408463 1111.299140
  30.856064 1115.168380
  35.709923 1116.639343
  39.358841 1119.965322
  32.820504 1124.419286
  42.323267 1118.623321
  43.134218 1122.851176
  35.374545 1125.858992
  30.561736 1122.370617
  39.529789 1120.735089
  54.908140 1115.719817
  36.616510 1114.758470
  49.744265 1123.147834
  35.169001 1125.461992
  20.330110 1113.656816
  43.388267 1117.767440
  48.683133 1120.494445
  95.533520 1112.246469
  58.096086 1121.167600
  44.511963 1121.005155
  56.261634 1122.561600
  68.730110 1114.876002
  68.663643 1113.639599
  50.386062 1119.546695
  46.010259 1119.223283
  36.419418 1115.113049
  34.997775 1118.438930
  38.715476 1120.972951
  63.621993 1115.996356
  63.656584 1120.502280
  53.616423 1121.879386
  61.690634 1113.165477
  30.560494 1111.717899
  32.743174 1114.351695
  43.230790 1118.157090
  68.793253 1114.148652
  49.598441 1128.418615
  22.608547 1127.305567
   8.403059 1121.771334
  42.890631 1122.229696
  53.697869 1125.768332
  57.921010 1121.952669
  33.955904 1125.375363
  39.723478 1113.244016
  32.266568 1130.506572
  39.632657 1118.012051
  42.999386 1124.067156
  40.294989 1125.698417
  45.547990 1119.887176
  48.134398 1116.624174
  66.942711 1115.935462
  70.933241 1116.172836
  40.834347 1117.365017
  51.806616 1116.263832
  73.393065 1121.679755
  30.004168 1118.901998
  32.615873 1119.632691
  33.345335 1118.796173
  48.758704 1113.424345
  43.604010 1110.257010
  38.399449 1123.177537
  45.560675 1115.095818
  41.574779 1115.609616
  38.723285 1119.521204
  34.749418 1121.619659
  36.275684 1119.692844
  43.224955 1118.562736
  49.490754 1126.364118
  44.450537 1123.560496
  47.241171 1122.269231
  32.824643 1125.780592
  19.686408 1126.854122
  40.542928 1122.026184
  28.506967 1124.126388
  26.418209 1129.215895
  25.046710 1131.041326
  34.106659 1115.638232
  46.918812 1116.330880
  44.458174 1127.000922
  33.925284 1125.591561
  41.533606 1119.951819
  48.256118 1128.043790
  56.974410 1125.010868
  60.929371 1119.009994
  56.054739 1125.891704
  35.946439 1125.352545
  43.286893 1127.231606
  20.707549 1120.053254
  39.985169 1127.360709
  58.380108 1130.404970
  56.234029 1127.800079
  56.344869 1129.988492
  53.944964 1123.285994
  33.240513 1118.662483
  34.090051 1117.965269
  40.430265 1118.076351
  33.379477 1121.580477
  60.088569 1127.939572
  56.595098 1123.435873
  45.000689 1131.445075
  33.959427 1128.718702
  28.820060 1128.816940
  32.820993 1122.681740
  34.483484 1123.847630
  23.143972 1129.491968
  20.902741 1112.092431
  47.528213 1113.901470
  26.818104 1123.655909
  69.807410 1125.247490
  52.230241 1129.365247
  34.653090 1117.982174
  75.648781 1119.123020
  55.150945 1122.695932
  48.137241 1121.595767
  35.498961 1120.046902
  77.053689 1122.451962
  48.490234 1122.484480
  50.893475 1127.658376
  41.480266 1123.511421
  47.343960 1122.878620
  45.855755 1119.516671
  39.343044 1116.883618
  33.365332 1122.359947
  28.030931 1121.995324
  43.089957 1114.817195
  39.129559 1126.246116
  30.870389 1115.488513
  38.437974 1124.114011
  35.709192 1127.337769
  68.221153 1115.152811
  61.493399 1122.323091
  40.329368 1120.409743
  55.048510 1114.400519
  51.258163 1120.107033
  32.672107 1123.581181
  21.346478 1123.949278
  36.473569 1125.716362
  46.558642 1125.219032
  36.712180 1125.589675
  36.879234 1120.591120
  51.633020 1123.253195
  40.650789 1127.658071
  46.052851 1122.477784
  71.460812 1129.674008
  43.534486 1128.855657
  48.844829 1127.850445
  45.545858 1130.519056
  56.627132 1114.980280
  90.597356 1127.145611
  74.532103 1129.317618
  43.051211 1115.907415
  41.892712 1115.657677
  54.934731 1120.209946
  46.424973 1115.985026
  22.035732 1119.567233
  29.564656 1118.645310
  52.566227 1123.376200
  37.643846 1122.725580
  46.601667 1126.559992
  78.913038 1119.264063
  81.996835 1117.713182
 103.486400 1120.734530
  94.009725 1119.245704
  89.585990 1118.397206
  79.185095 1117.087367
  85.940114 1123.087877
  93.305636 1124.707463
  66.538047 1131.994638
  53.018907 1123.314929
  31.269002 1125.334669
  38.017643 1130.429626
  39.065653 1125.840702
  66.294458 1124.723314
  36.238583 1114.564755
  40.656719 1129.883836
  27.595732 1122.565289
  33.464727 1124.834615
  35.372900 1122.653667
  38.878165 1125.822431
  29.770029 1122.298697
  43.397844 1113.274163
  31.004567 1116.534349
  42.980506 1117.196911
  21.697940 1124.942988
  33.762588 1125.266321
  31.794799 1122.949890
  47.092637 1128.511197
  58.349533 1127.731173
  42.574737 1113.149133
  57.926663 1120.590942
  65.716225 1124.969593
  59.002447 1124.556976
  69.974635 1119.408274
  51.801759 1122.410819
  42.112532 1118.554187
  53.600258 1113.721780
  50.123335 1106.204483
  50.058087 1116.743507
  44.836141 1118.352769
  70.040513 1116.333400
  90.230399 1120.737067
  79.521705 1113.150083
  84.011902 1117.192392
