0.125790 0.508895 0.691074 0.686116 0.751397 0.603815 0.643515 0.591679 0.594287 0.583845 0.583029 0.679395
0.508895     -nan 0.599685 0.594533 0.649174 0.503344 0.544255 0.489172 0.494190 0.489523 0.483133 0.588071
0.691074 0.599685 0.212950 0.235068 0.741983 0.600253 0.641604 0.585937 0.591546 0.598833 0.580494 0.286134
0.686116 0.594533 0.235068 0.216983 0.736803 0.594472 0.635956 0.579729 0.586454 0.592969 0.575170 0.271844
0.751397 0.649174 0.741983 0.736803     -nan 0.599797 0.623372 0.597366 0.584089 0.589142 0.601641 0.727216
0.603815 0.503344 0.600253 0.594472 0.599797 0.385749 0.464529 0.375987 0.447229 0.453971 0.446111 0.586313
0.643515 0.544255 0.641604 0.635956 0.623372 0.464529     -nan 0.463281 0.466138 0.477520 0.484480 0.627198
0.591679 0.489172 0.585937 0.579729 0.597366 0.375987 0.463281 0.369515 0.446828 0.452527 0.432003 0.571924
0.594287 0.494190 0.591546 0.586454 0.584089 0.447229 0.466138 0.446828     -nan 0.425091 0.418244 0.577963
0.583845 0.489523 0.598833 0.592969 0.589142 0.453971 0.477520 0.452527 0.425091     -nan 0.445409 0.585773
0.583029 0.483133 0.580494 0.575170 0.601641 0.446111 0.484480 0.432003 0.418244 0.445409     -nan 0.567299
0.679395 0.588071 0.286134 0.271844 0.727216 0.586313 0.627198 0.571924 0.577963 0.585773 0.567299     -nan
