0.000000 0.032804
0.000000 0.052274
0.000000 0.029653
0.000000 0.032863
0.000000 0.025804
0.000000 0.047205
0.000000 0.026021
0.000000 0.051968
0.000000 0.054302
0.000000 0.046477
0.000000 0.083956
0.000000 0.069528
0.000000 0.017097
0.000000 0.028209
0.000000 0.034207
0.000000 0.077585
0.000000 0.036893
0.000000 0.022829
0.000000 0.024163
0.000000 0.044194
0.000000 0.013477
0.000000 0.039085
0.000000 0.030720
0.000000 0.025467
0.000000 0.027607
0.000000 0.022659
0.000000 0.039538
0.000000 0.040783
0.000000 0.051236
0.000000 0.046576
0.000000 0.047940
0.000000 0.038045
0.000000 0.049225
0.000000 0.016356
0.000000 0.017941
0.000000 0.070685
0.000000 0.027431
0.000000 0.040735
0.000000 0.029444
0.000000 0.026671
0.000000 0.024613
0.000000 0.064154
0.000000 0.147497
0.000000 0.026540
0.000000 0.040982
0.000000 0.045625
0.000000 0.046905
0.000000 0.025612
0.000000 0.036770
0.000000 0.023625
0.000000 0.032787
0.000000 0.023407
0.000000 0.026489
0.000000 0.038436
0.000000 0.052437
0.000000 0.075507
0.000000 0.057735
0.000000 0.045628
0.000000 0.072458
0.000000 0.027849
0.000000 0.032495
0.000000 0.026042
0.000000 0.022656
0.000000 0.018969
0.000000 0.018801
0.000000 0.042303
0.000000 0.078867
0.000000 0.067817
0.000000 0.029633
0.000000 0.022515
0.000000 0.028917
0.000000 0.015985
0.000000 0.024068
0.000000 0.039123
0.000000 0.051302
0.000000 0.057522
0.000000 0.039020
0.000000 0.052034
0.000000 0.016973
0.000000 0.033346
0.000000 0.041458
0.000000 0.023230
0.000000 0.048466
0.000000 0.021793
0.000000 0.019669
0.000000 0.018594
0.000000 0.025835
0.000000 0.049116
0.000000 0.036484
0.000000 0.032483
0.000000 0.190595
0.000000 0.029738
0.000000 0.018205
0.000000 0.019378
0.000000 0.034555
0.000000 0.040291
0.000000 0.024995
0.000000 0.036609
0.000000 0.027694
0.000000 0.021427
0.000000 0.035005
0.000000 0.039741
0.000000 0.030954
0.000000 0.075505
0.000000 0.067432
0.000000 0.078727
0.000000 0.066914
0.000000 0.173628
0.000000 0.034433
0.000000 0.030917
0.000000 0.035982
0.000000 0.060615
0.000000 0.031460
0.000000 0.048004
0.000000 0.044480
0.000000 0.052706
0.000000 0.097790
0.000000 0.076127
0.000000 0.057856
0.000000 0.041067
0.000000 0.097190
0.000000 0.041015
0.000000 0.019473
0.000000 0.014516
0.000000 0.026318
0.000000 0.136611
0.000000 0.056981
0.000000 0.034285
0.000000 0.146178
0.000000 0.049505
0.000000 0.053216
0.000000 0.093392
0.000000 0.062787
0.000000 0.035932
0.000000 0.064369
0.000000 0.022871
0.000000 0.267967
0.000000 0.101626
0.000000 0.020107
0.000000 0.072008
0.000000 0.547262
0.000000 0.105922
0.000000 0.365543
0.000000 0.044552
0.000000 0.107632
0.000000 0.023857
0.000000 0.045643
0.000000 0.015129
0.000000 0.044118
0.000000 0.015743
0.000000 0.035895
0.000000 0.027807
0.000000 0.090128
0.000000 0.027728
0.000000 0.028621
0.000000 0.070252
0.000000 0.081792
0.000000 0.074917
0.000000 0.026576
0.000000 0.042126
0.000000 0.019514
0.000000 0.018899
0.000000 0.040021
0.000000 0.021758
0.000000 0.064690
0.000000 0.040960
0.000000 0.022362
0.000000 0.023009
0.000000 0.050441
0.000000 0.033660
0.000000 0.019011
0.000000 0.070280
0.000000 0.041010
0.000000 0.040566
0.000000 0.095407
0.000000 0.024408
0.000000 0.097564
0.000000 0.043035
0.000000 0.022532
0.000000 0.078644
0.000000 0.035524
0.000000 0.076152
0.000000 0.027750
0.000000 0.020819
0.000000 0.032221
0.000000 0.046945
0.000000 0.053654
0.000000 0.041399
0.000000 0.015951
0.000000 0.023352
0.000000 0.073350
0.000000 0.022452
0.000000 0.184000
0.000000 0.050557
0.000000 0.029058
0.000000 0.109413
0.000000 0.033144
0.000000 0.047880
0.000000 0.041219
0.000000 0.043403
0.000000 0.032966
0.000000 0.028114
0.000000 0.022946
0.000000 0.027653
0.000000 0.029515
0.000000 0.026573
0.000000 0.045942
0.000000 0.041476
0.000000 0.044125
0.000000 0.017921
0.000000 0.076202
0.000000 0.037022
0.000000 0.025273
0.000000 0.225661
0.000000 0.041632
0.000000 0.323777
0.000000 0.037435
0.000000 0.034466
0.000000 0.033828
0.000000 0.042864
0.000000 0.055017
0.000000 0.021848
0.000000 0.047081
0.000000 0.025006
0.000000 0.045192
0.000000 0.041673
0.000000 0.144098
0.000000 0.025796
0.000000 0.035024
0.000000 0.054862
0.000000 0.037011
0.000000 0.026999
0.000000 0.068597
0.000000 0.040425
0.000000 0.032871
0.000000 0.038442
0.000000 0.032137
0.000000 0.052117
0.000000 0.032470
0.000000 0.058710
0.000000 0.030437
0.000000 0.078563
0.000000 0.089808
0.000000 0.043794
0.000000 0.033297
0.000000 0.026578
0.000000 0.025268
0.000000 0.044443
0.000000 0.023762
0.000000 0.043603
0.000000 0.049240
0.000000 0.029401
0.000000 0.044410
0.000000 0.065907
0.000000 0.028762
0.000000 0.040818
0.000000 0.019664
0.000000 0.043546
0.000000 0.026424
0.000000 0.022401
0.000000 0.016987
0.000000 0.019006
0.000000 0.026750
0.000000 0.059992
0.000000 0.076140
0.000000 0.037586
0.000000 0.030673
0.000000 0.028597
0.000000 0.030835
0.000000 0.054227
0.000000 0.074422
0.000000 0.021106
0.000000 0.018762
0.000000 0.016345
0.000000 0.015884
0.000000 0.035923
0.000000 0.038341
0.000000 0.037210
0.000000 0.043759
0.000000 0.038753
0.000000 0.074819
0.000000 0.020280
0.000000 0.027509
0.000000 0.062609
0.000000 0.027394
0.000000 0.029879
0.000000 0.086024
0.000000 0.036232
0.000000 0.023617
0.000000 0.043949
0.000000 0.036472
0.000000 0.018197
0.000000 0.017336
0.000000 0.021270
0.000000 0.037565
0.000000 0.040323
0.000000 0.036649
0.000000 0.018824
0.000000 0.062220
0.000000 0.025665
0.000000 0.030199
0.000000 0.021353
0.000000 0.171646
0.000000 0.044905
0.000000 0.056090
0.000000 0.051658
0.000000 0.073580
0.000000 0.028009
0.000000 0.025630
0.000000 0.018163
0.000000 0.059126
0.000000 0.026664
0.000000 0.053815
0.000000 0.027756
0.000000 0.032803
0.000000 0.021187
0.000000 0.028624
0.000000 0.024049
0.000000 0.038322
0.000000 0.018946
0.000000 0.033752
0.000000 0.041765
0.000000 0.021837
0.000000 0.012516
0.000000 0.014752
0.000000 0.013268
0.000000 0.019273
0.000000 0.033131
0.000000 0.032339
0.000000 0.028686
0.000000 0.025633
0.000000 0.126843
0.000000 0.031337
0.000000 0.019386
0.000000 0.044915
0.000000 0.050831
0.000000 0.031472
0.000000 0.028120
0.000000 0.024709
0.000000 0.095106
0.000000 0.025257
0.000000 0.030772
0.000000 0.047896
0.000000 0.045999
0.000000 0.036823
0.000000 0.034023
0.000000 0.089410
0.000000 0.022341
0.000000 0.056453
0.000000 0.024254
0.000000 0.030245
0.000000 0.016698
0.000000 0.016999
0.000000 0.118138
0.000000 0.080015
0.000000 0.026336
0.000000 0.032291
0.000000 0.017043
0.000000 0.019704
0.000000 0.020520
0.000000 0.031105
0.000000 0.058217
0.000000 0.045649
0.000000 0.057604
0.000000 0.022823
0.000000 0.037450
0.000000 0.016878
0.000000 0.053816
0.000000 0.174552
0.000000 0.049199
0.000000 0.059213
0.000000 0.087113
0.000000 0.120394
0.000000 0.057119
0.000000 0.026794
0.000000 0.022798
0.000000 0.054843
0.000000 0.100845
0.000000 0.065697
0.000000 0.029766
0.000000 0.024849
0.000000 0.018401
0.000000 0.025788
0.000000 0.065332
0.000000 0.025916
0.000000 0.021340
0.000000 0.032733
0.000000 0.049320
0.000000 0.026498
0.000000 0.028669
0.000000 0.059888
0.000000 0.029401
0.000000 0.055118
0.000000 0.106202
0.000000 0.054057
0.000000 0.033812
0.000000 0.057965
0.000000 0.036290
0.000000 0.034134
0.000000 0.026288
0.000000 0.029174
0.000000 0.055042
0.000000 0.028595
0.000000 0.035211
0.000000 0.027020
0.000000 0.036790
0.000000 0.028970
0.000000 0.035519
0.000000 0.032034
0.000000 0.019081
0.000000 0.021712
0.000000 0.052431
0.000000 0.026356
0.000000 0.029744
0.000000 0.029102
0.000000 0.025906
0.000000 0.035822
0.000000 0.033598
0.000000 0.029828
0.000000 0.024570
0.000000 0.035270
0.000000 0.072110
0.000000 0.028971
0.000000 0.051162
0.000000 0.126283
0.000000 0.069688
0.000000 0.041774
0.000000 0.041391
0.000000 0.062856
0.000000 0.061417
0.000000 0.023593
0.000000 0.018508
0.000000 0.023042
0.000000 0.019081
0.000000 0.047643
0.000000 0.032025
0.000000 0.024881
0.000000 0.018343
0.000000 0.051024
0.000000 0.025219
0.000000 0.056694
0.000000 0.051829
0.000000 0.013384
0.000000 0.026049
0.000000 0.039115
0.000000 0.068032
0.000000 0.037383
0.000000 0.053100
0.000000 0.047110
0.000000 0.048876
0.000000 0.018933
0.000000 0.040270
0.000000 0.022814
0.000000 0.030520
0.000000 0.044387
0.000000 0.020201
0.000000 0.039240
0.000000 0.018054
0.000000 0.039272
0.000000 0.016087
0.000000 0.041216
0.000000 0.031774
0.000000 0.021816
0.000000 0.068179
0.000000 0.055803
0.000000 0.059854
0.000000 0.041222
0.000000 0.046748
0.000000 0.034052
0.000000 0.082266
0.000000 0.018211
0.000000 0.016507
0.000000 0.034417
0.000000 0.011868
0.000000 0.032302
0.000000 0.049683
0.000000 0.048784
0.000000 0.067760
0.000000 0.075216
0.000000 0.043459
0.000000 0.049916
0.000000 0.032812
0.000000 0.058457
0.000000 0.028492
0.000000 0.035844
0.000000 0.192943
0.000000 0.152412
0.000000 0.048002
0.000000 0.022171
0.000000 0.078431
0.000000 0.048940
0.000000 0.030655
0.000000 0.044118
0.000000 0.032560
0.000000 0.062841
0.000000 0.022909
0.000000 0.058512
0.000000 0.048375
0.000000 0.028149
0.000000 0.063291
0.000000 0.188791
0.000000 0.065138
0.000000 0.033233
0.000000 0.067445
0.000000 0.041088
0.000000 0.055557
0.000000 0.107322
0.000000 0.060253
0.000000 0.091770
0.000000 0.030316
0.000000 0.061089
0.000000 0.067711
0.000000 0.123733
0.000000 0.038413
0.000000 0.018138
0.000000 0.110090
0.000000 0.094091
0.000000 0.042913
0.000000 0.169467
0.000000 0.081071
0.000000 0.071887
0.000000 0.070712
0.000000 0.036887
0.000000 0.036800
0.000000 0.031845
0.000000 0.043086
0.000000 0.084825
0.000000 0.065204
0.000000 0.042230
0.000000 0.145386
0.000000 0.031241
0.000000 0.077009
0.000000 0.039499
0.000000 0.030873
0.000000 0.020811
0.000000 0.056928
0.000000 0.024895
0.000000 0.019599
0.000000 0.054843
0.000000 0.033934
0.000000 0.042112
0.000000 0.025321
0.000000 0.038719
0.000000 0.050169
0.000000 0.040228
0.000000 0.021145
0.000000 0.028960
0.000000 0.017378
0.000000 0.029807
0.000000 0.028783
0.000000 0.059076
0.000000 0.081871
0.000000 0.019150
0.000000 0.032280
0.000000 0.033252
0.000000 0.033828
0.000000 0.030893
0.000000 0.048417
0.000000 0.063885
0.000000 0.153171
0.000000 0.035496
0.000000 0.035970
0.000000 0.046120
0.000000 0.059929
0.000000 0.046379
0.000000 0.022954
0.000000 0.018977
0.000000 0.031149
0.000000 0.031689
0.000000 0.080124
0.000000 0.045310
0.000000 0.043505
0.000000 0.024196
0.000000 0.025820
0.000000 0.027333
0.000000 0.242031
0.000000 0.078633
0.000000 0.050611
0.000000 0.027000
0.000000 0.057257
0.000000 0.046798
0.000000 0.088014
0.000000 0.037033
0.000000 0.035894
0.000000 0.028074
0.000000 0.024028
0.000000 0.017026
0.000000 0.027283
0.000000 0.062648
0.000000 0.029142
0.000000 0.073378
0.000000 0.031816
0.000000 0.016014
0.000000 0.036041
0.000000 0.043397
0.000000 0.019245
0.000000 0.028920
0.000000 0.041438
0.000000 0.039634
0.000000 0.026896
0.000000 0.047109
0.000000 0.101030
0.000000 0.031194
0.000000 0.016171
0.000000 0.026172
0.000000 0.031936
0.000000 0.030498
0.000000 0.019402
0.000000 0.026715
0.000000 0.035852
0.000000 0.025578
0.000000 0.042140
0.000000 0.062734
0.000000 0.083865
0.000000 0.055943
0.000000 0.046958
0.000000 0.066347
0.000000 0.077079
0.000000 0.045880
0.000000 0.028021
0.000000 0.053976
0.000000 0.019189
0.000000 0.070807
0.000000 0.025879
0.000000 0.025658
0.000000 0.020070
0.000000 0.060678
0.000000 0.045626
0.000000 0.043967
0.000000 0.030827
0.000000 0.030586
0.000000 0.026231
0.000000 0.039072
0.000000 0.086086
0.000000 0.035193
0.000000 0.041527
0.000000 0.040594
0.000000 0.104465
0.000000 0.051497
0.000000 0.111472
0.000000 0.045310
0.000000 0.087744
0.000000 0.019460
0.000000 0.032388
0.000000 0.049935
0.000000 0.025318
0.000000 0.013207
0.000000 0.056540
0.000000 0.039550
0.000000 0.020628
0.000000 0.016246
0.000000 0.044486
0.000000 0.064408
0.000000 0.039658
0.000000 0.140737
0.000000 0.042737
0.000000 0.207807
0.000000 0.223409
0.000000 0.029728
0.000000 0.017069
0.000000 0.020417
0.000000 0.033911
0.000000 0.050991
0.000000 0.029633
0.000000 0.053204
0.000000 0.087084
0.000000 0.025696
0.000000 0.024818
0.000000 0.052621
0.000000 0.049947
0.000000 0.022833
0.000000 0.023835
0.000000 0.160898
0.000000 0.049232
0.000000 0.045705
0.000000 0.050857
0.000000 0.051405
0.000000 0.111261
0.000000 0.039975
0.000000 0.029522
0.000000 0.014745
0.000000 0.021715
0.000000 0.044744
0.000000 0.032317
0.000000 0.048575
0.000000 0.034245
0.000000 0.020759
0.000000 0.028281
0.000000 0.029524
0.000000 0.019798
0.000000 0.049846
0.000000 0.087422
0.000000 0.074063
0.000000 0.035337
0.000000 0.139820
0.000000 0.056335
0.000000 0.045355
0.000000 0.016343
0.000000 0.015830
0.000000 0.026762
0.000000 0.125786
0.000000 0.037681
0.000000 0.012783
0.000000 0.024331
0.000000 0.028026
0.000000 0.057400
0.000000 0.106877
0.000000 0.068553
0.000000 0.061573
0.000000 0.116777
0.000000 0.026047
0.000000 0.019017
0.000000 0.040797
0.000000 0.022493
0.000000 0.067314
0.000000 0.021057
0.000000 0.110031
0.000000 0.062553
0.000000 0.050787
0.000000 0.087412
0.000000 0.103036
0.000000 0.033044
0.000000 0.040370
0.000000 0.023189
0.000000 0.027758
0.000000 0.028081
0.000000 0.029976
0.000000 0.043076
0.000000 0.029704
0.000000 0.228651
0.000000 0.024773
0.000000 0.020621
0.000000 0.108768
0.000000 0.053469
0.000000 0.108569
0.000000 0.014553
0.000000 0.012983
0.000000 0.015315
0.000000 0.027623
0.000000 0.045809
0.000000 0.038913
0.000000 0.025429
0.000000 0.039688
0.000000 0.030283
0.000000 0.036488
0.000000 0.025292
0.000000 0.024610
0.000000 0.080020
0.000000 0.043178
0.000000 0.024743
0.000000 0.049254
0.000000 0.062627
0.000000 0.015268
0.000000 0.014690
0.000000 0.022506
0.000000 0.015738
0.000000 0.360285
0.000000 0.053054
0.000000 0.025570
0.000000 0.053698
0.000000 0.056211
0.000000 0.023406
0.000000 0.034648
0.000000 0.034866
0.000000 0.036782
0.000000 0.100367
0.000000 0.044203
0.000000 0.020533
0.000000 0.023515
0.000000 0.102565
0.000000 0.028860
0.000000 0.015304
0.000000 0.082472
0.000000 0.034071
0.000000 0.020424
0.000000 0.022397
0.000000 0.042013
0.000000 0.029724
0.000000 0.066202
0.000000 0.075345
0.000000 0.027240
0.000000 0.052184
0.000000 0.028391
0.000000 0.015935
0.000000 0.023279
0.000000 0.021477
0.000000 0.078602
0.000000 0.063056
0.000000 0.029409
0.000000 0.036203
0.000000 0.043376
0.000000 0.059228
0.000000 0.025770
0.000000 0.019050
0.000000 0.042109
0.000000 0.015161
0.000000 0.042479
0.000000 0.073910
0.000000 0.087562
0.000000 0.054761
0.000000 0.031296
0.000000 0.039740
0.000000 0.038263
0.000000 0.048704
0.000000 0.019333
0.000000 0.031409
0.000000 0.131236
0.000000 0.081701
0.000000 0.027333
0.000000 0.035558
0.000000 0.056127
0.000000 0.027847
0.000000 0.034033
0.000000 0.017958
0.000000 0.030870
0.000000 0.031648
0.000000 0.042479
0.000000 0.029974
0.000000 0.030147
0.000000 0.036982
0.000000 0.021920
0.000000 0.014994
0.000000 0.024534
0.000000 0.038762
0.000000 0.044437
0.000000 0.027327
0.000000 0.013588
0.000000 0.017365
0.000000 0.032418
0.000000 0.031117
0.000000 0.046590
0.000000 0.058062
0.000000 0.015947
0.000000 0.024302
0.000000 0.065531
0.000000 0.032632
0.000000 0.048925
0.000000 0.031603
0.000000 0.036064
0.000000 0.020118
0.000000 0.031967
0.000000 0.044522
0.000000 0.021641
0.000000 0.069455
0.000000 0.018899
0.000000 0.030490
0.000000 0.049059
0.000000 0.029737
0.000000 0.074693
0.000000 0.037951
0.000000 0.021611
0.000000 0.032523
0.000000 0.027842
0.000000 0.114137
0.000000 0.035392
0.000000 0.075279
0.000000 0.024740
0.000000 0.064953
0.000000 0.032344
0.000000 0.031638
0.000000 0.014340
0.000000 0.057344
0.000000 0.085978
0.000000 0.061208
0.000000 0.048840
0.000000 0.011636
0.000000 0.038161
0.000000 0.166496
0.000000 0.046369
0.000000 0.028559
0.000000 0.036189
0.000000 0.019454
0.000000 0.016716
0.000000 0.018867
0.000000 0.046421
0.000000 0.089966
0.000000 0.107471
0.000000 0.041355
0.000000 0.029636
0.000000 0.019217
0.000000 0.017947
0.000000 0.021147
0.000000 0.046257
0.000000 0.037802
0.000000 0.029385
0.000000 0.159332
0.000000 0.068354
0.000000 0.023816
0.000000 0.065004
0.000000 0.037761
0.000000 0.029864
0.000000 0.028623
0.000000 0.033235
0.000000 0.042439
0.000000 0.063190
0.000000 0.023430
0.000000 0.046658
0.000000 0.040340
0.000000 0.025216
0.000000 0.020245
0.000000 0.019711
0.000000 0.041761
0.000000 0.029138
0.000000 0.035857
0.000000 0.163549
0.000000 0.030005
0.000000 0.022267
0.000000 0.024772
0.000000 0.049833
0.000000 0.021976
0.000000 0.034015
0.000000 0.080295
0.000000 0.034391
0.000000 0.041261
0.000000 0.137292
0.000000 0.029737
0.000000 0.038542
0.000000 0.041884
0.000000 0.023550
0.000000 0.015227
0.000000 0.039587
0.000000 0.080627
0.000000 0.018194
0.000000 0.046439
0.000000 0.049896
0.000000 0.014830
0.000000 0.041581
0.000000 0.043979
0.000000 0.038489
0.000000 0.018041
0.000000 0.032765
0.000000 0.039795
0.000000 0.030939
0.000000 0.024700
0.000000 0.028241
0.000000 0.016690
0.000000 0.016792
0.000000 0.049423
0.000000 0.020529
0.000000 0.038354
0.000000 0.022099
0.000000 0.032006
0.000000 0.037729
0.000000 0.065192
0.000000 0.105521
0.000000 0.107918
0.000000 0.019912
0.000000 0.019744
0.000000 0.039018
0.000000 0.018384
0.000000 0.032295
0.000000 0.026448
0.000000 0.030266
0.000000 0.035456
0.000000 0.030634
0.000000 0.051365
0.000000 0.018422
0.000000 0.034978
0.000000 0.021783
0.000000 0.023360
0.000000 0.021746
0.000000 0.057437
0.000000 0.024343
0.000000 0.039736
0.000000 0.027390
0.000000 0.063893
0.000000 0.022833
0.000000 0.039057
0.000000 0.060958
0.000000 0.030567
0.000000 0.010912
0.000000 0.026772
0.000000 0.037128
0.000000 0.060253
0.000000 0.037142
0.000000 0.117719
0.000000 0.045936
0.000000 0.061363
0.000000 0.063909
0.000000 0.027479
0.000000 0.018047
0.000000 0.016985
0.000000 0.035548
0.000000 0.017670
0.000000 0.072077
0.000000 0.037701
0.000000 0.038910
0.000000 0.026876
0.000000 0.025949
0.000000 0.026461
0.000000 0.108705
0.000000 0.038238
0.000000 0.027598
0.000000 0.016188
0.000000 0.023178
0.000000 0.015980
0.000000 0.047087
0.000000 0.028927
0.000000 0.038367
0.000000 0.043501
0.000000 0.054878
0.000000 0.039035
0.000000 0.031565
0.000000 0.020450
0.000000 0.027279
0.000000 0.050673
0.000000 0.039352
0.000000 0.019571
0.000000 0.021479
0.000000 0.088483
0.000000 0.048965
0.000000 0.099849
0.000000 0.027175
0.000000 0.026715
0.000000 0.056607
0.000000 0.030994
0.000000 0.067217
0.000000 0.026753
0.000000 0.013215
0.000000 0.032578
0.000000 0.024689
0.000000 0.014976
0.000000 0.022225
0.000000 0.019628
0.000000 0.020128
0.000000 0.024388
0.000000 0.039536
0.000000 0.034868
0.000000 0.122491
0.000000 0.105465
0.000000 0.048801
0.000000 0.020549
0.000000 0.026390
0.000000 0.030981
0.000000 0.055784
0.000000 0.044573
0.000000 0.035967
0.000000 0.042358
0.000000 0.034472
0.000000 0.016191
0.000000 0.033331
0.000000 0.028658
0.000000 0.027434
0.000000 0.053657
0.000000 0.036605
0.000000 0.013479
0.000000 0.033984
0.000000 0.033114
0.000000 0.021081
0.000000 0.061787
0.000000 0.032140
0.000000 0.086947
0.000000 0.068234
0.000000 0.055933
0.000000 0.024083
0.000000 0.026385
0.000000 0.053827
0.000000 0.048266
0.000000 0.029498
0.000000 0.046210
0.000000 0.021297
0.000000 0.024569
0.000000 0.056724
0.000000 0.046346
0.000000 0.067887
0.000000 0.032994
0.000000 0.054978
0.000000 0.028953
0.000000 0.031500
0.000000 0.052869
0.000000 0.065358
0.000000 0.034427
0.000000 0.041519
0.000000 0.024232
0.000000 0.025086
0.000000 0.017493
0.000000 0.017439
0.000000 0.030712
0.000000 0.026580
0.000000 0.034985
0.000000 0.121774
0.000000 0.040247
0.000000 0.027484
0.000000 0.055931
0.000000 0.238742
0.000000 0.038187
0.000000 0.105130
0.000000 0.026562
0.000000 0.025143
0.000000 0.055055
0.000000 0.031121
0.000000 0.021154
0.000000 0.042745
0.000000 0.024818
0.000000 0.036086
0.000000 0.043010
0.000000 0.152868
0.000000 0.019436
0.000000 0.033721
0.000000 0.067901
0.000000 0.045953
0.000000 0.065295
0.000000 0.021924
0.000000 0.048440
0.000000 0.033403
0.000000 0.023278
0.000000 0.043224
0.000000 0.041917
0.000000 0.047046
0.000000 0.054255
0.000000 0.077996
0.000000 0.062471
0.000000 0.036698
0.000000 0.039419
0.000000 0.039909
0.000000 0.025057
0.000000 0.045019
0.000000 0.037169
0.000000 0.046991
0.000000 0.020965
0.000000 0.063805
0.000000 0.035354
0.000000 0.189928
0.000000 0.042719
0.000000 0.589167
0.000000 0.195494
0.000000 0.028114
0.000000 0.069603
0.000000 0.034811
0.000000 0.023613
0.000000 0.070816
0.000000 0.069018
0.000000 0.087991
0.000000 0.079680
0.000000 0.027905
0.000000 0.046849
0.000000 0.031376
0.000000 0.023172
0.000000 0.052847
0.000000 0.023271
0.000000 0.042231
0.000000 0.030589
0.000000 0.029650
0.000000 0.100366
0.000000 0.018645
0.000000 0.050717
0.000000 0.132217
0.000000 0.097630
0.000000 0.025584
0.000000 0.048646
0.000000 0.021326
0.000000 0.046901
0.000000 0.017855
0.000000 0.017712
0.000000 0.015822
0.000000 0.028190
0.000000 0.051150
0.000000 0.046256
0.000000 0.108195
0.000000 0.025010
0.000000 0.041836
0.000000 0.029973
0.000000 0.031591
0.000000 0.038593
0.000000 0.015364
0.000000 0.034347
0.000000 0.094411
0.000000 0.016211
0.000000 0.037327
0.000000 0.098607
0.000000 0.021712
0.000000 0.048205
0.000000 0.040314
0.000000 0.029749
0.000000 0.031099
0.000000 0.113255
0.000000 0.036037
0.000000 0.029320
0.000000 0.041478
0.000000 0.029828
0.000000 0.039821
0.000000 0.067764
0.000000 0.065936
0.000000 0.043778
0.000000 0.066844
0.000000 0.021037
0.000000 0.088689
0.000000 0.080455
0.000000 0.080020
0.000000 0.066625
0.000000 0.098723
0.000000 0.032379
0.000000 0.064492
0.000000 0.102347
0.000000 0.022722
0.000000 0.033767
0.000000 0.085855
0.000000 0.041671
0.000000 0.032904
0.000000 0.067772
0.000000 0.036495
0.000000 0.032708
0.000000 0.030543
0.000000 0.044895
0.000000 0.024274
0.000000 0.038070
0.000000 0.035159
0.000000 0.034108
0.000000 0.096598
0.000000 0.033684
0.000000 0.110511
0.000000 0.079572
0.000000 0.040231
0.000000 0.045452
0.000000 0.042344
0.000000 0.037179
0.000000 0.039696
0.000000 0.031443
0.000000 0.110884
0.000000 0.058760
0.000000 0.044086
0.000000 0.020258
0.000000 0.047447
0.000000 0.037012
0.000000 0.127958
0.000000 0.133846
0.000000 0.136486
0.000000 0.039909
0.000000 0.042483
0.000000 0.285263
0.000000 0.092109
0.000000 0.032357
0.000000 0.028099
0.000000 0.025966
0.000000 0.048622
0.000000 0.017315
0.000000 0.028598
0.000000 0.034586
0.000000 0.022891
0.000000 0.064830
0.000000 0.052226
0.000000 0.029429
0.000000 0.076181
0.000000 0.020516
0.000000 0.077533
0.000000 0.021939
0.000000 0.033534
0.000000 0.027130
0.000000 0.031779
0.000000 0.148942
0.000000 0.067594
0.000000 0.064943
0.000000 0.095523
0.000000 0.092577
0.000000 0.028455
0.000000 0.020966
0.000000 0.075802
0.000000 0.060690
0.000000 0.031377
0.000000 0.032764
0.000000 0.034321
0.000000 0.017079
0.000000 0.016729
0.000000 0.027019
0.000000 0.021683
0.000000 0.024463
0.000000 0.027006
0.000000 0.030521
0.000000 0.054216
0.000000 0.027510
0.000000 0.075405
0.000000 0.044663
0.000000 0.020889
0.000000 0.112589
0.000000 0.127194
0.000000 0.048090
0.000000 0.209351
0.000000 0.087341
0.000000 0.048586
0.000000 0.040784
0.000000 0.027834
0.000000 0.044974
0.000000 0.023520
0.000000 0.068004
0.000000 0.024792
0.000000 0.031320
0.000000 0.040824
0.000000 0.057405
0.000000 0.044158
0.000000 0.020960
0.000000 0.045783
0.000000 0.041417
0.000000 0.109946
0.000000 0.026318
0.000000 0.136519
0.000000 0.061707
0.000000 0.121140
0.000000 0.021994
0.000000 0.027444
0.000000 0.044857
0.000000 0.034310
0.000000 0.017486
0.000000 0.029990
0.000000 0.031746
0.000000 0.102916
0.000000 0.076156
0.000000 0.050149
0.000000 0.046833
0.000000 0.054988
0.000000 0.038327
0.000000 0.059726
0.000000 0.019417
0.000000 0.036775
0.000000 0.050038
0.000000 0.036965
0.000000 0.025280
0.000000 0.032806
0.000000 0.031566
0.000000 0.030193
0.000000 0.078704
0.000000 0.027359
0.000000 0.027797
0.000000 0.023704
0.000000 0.053781
0.000000 0.066244
0.000000 0.027965
0.000000 0.024112
0.000000 0.034560
0.000000 0.050919
0.000000 0.033409
0.000000 0.023694
0.000000 0.086817
0.000000 0.035811
0.000000 0.059947
0.000000 0.032020
0.000000 0.051749
0.000000 0.025407
0.000000 0.035071
0.000000 0.018217
0.000000 0.021495
0.000000 0.029167
0.000000 0.027337
0.000000 0.049206
0.000000 0.021081
0.000000 0.047593
0.000000 0.166600
0.000000 0.050573
0.000000 0.040027
0.000000 0.026998
0.000000 0.030113
0.000000 0.030917
0.000000 0.094802
0.000000 0.035530
0.000000 0.036841
0.000000 0.045566
0.000000 0.093537
0.000000 0.029651
0.000000 0.073252
0.000000 0.065165
0.000000 0.041342
0.000000 0.045668
0.000000 0.018627
0.000000 0.053242
0.000000 0.018753
0.000000 0.040908
0.000000 0.027638
0.000000 0.029532
0.000000 0.036934
0.000000 0.022526
0.000000 0.035292
0.000000 0.091794
0.000000 0.031835
0.000000 0.034818
0.000000 0.039672
0.000000 0.022722
0.000000 0.013935
0.000000 0.019381
0.000000 0.024021
0.000000 0.019972
0.000000 0.021683
0.000000 0.073635
0.000000 0.022733
0.000000 0.081264
0.000000 0.024323
0.000000 0.027188
0.000000 0.032383
0.000000 0.069069
0.000000 0.025099
0.000000 0.039179
0.000000 0.018475
0.000000 0.039781
0.000000 0.024387
0.000000 0.093424
0.000000 0.100175
0.000000 0.042472
0.000000 0.054072
0.000000 0.020140
0.000000 0.090975
0.000000 0.048584
0.000000 0.053863
0.000000 0.115340
0.000000 0.069628
0.000000 0.054468
0.000000 0.020966
0.000000 0.047065
0.000000 0.023613
0.000000 0.020416
0.000000 0.091814
0.000000 0.033685
0.000000 0.026295
0.000000 0.024321
0.000000 0.014900
0.000000 0.040642
0.000000 0.015370
0.000000 0.029842
0.000000 0.036625
0.000000 0.090530
0.000000 0.030357
0.000000 0.128836
0.000000 0.027792
0.000000 0.048946
0.000000 0.059465
0.000000 0.032883
0.000000 0.019142
0.000000 0.027408
0.000000 0.038826
0.000000 0.036118
0.000000 0.083107
0.000000 0.053009
0.000000 0.052692
0.000000 0.026499
0.000000 0.052676
0.000000 0.026003
0.000000 0.069324
0.000000 0.292317
0.000000 0.046814
0.000000 0.025775
0.000000 0.061218
0.000000 0.032290
0.000000 0.021330
0.000000 0.023059
0.000000 0.080017
0.000000 0.023281
0.000000 0.023941
0.000000 0.062971
0.000000 0.154309
0.000000 0.074969
0.000000 0.052698
0.000000 0.048936
0.000000 0.023293
0.000000 0.044074
0.000000 0.065677
0.000000 0.048686
0.000000 0.019031
0.000000 0.027621
0.000000 0.033899
0.000000 0.040535
0.000000 0.084187
0.000000 0.075242
0.000000 0.048988
0.000000 0.038790
0.000000 0.048591
0.000000 0.056828
0.000000 0.021697
0.000000 0.030189
0.000000 0.045068
0.000000 0.033749
0.000000 0.804734
0.000000 0.113422
0.000000 0.050048
0.000000 0.042844
0.000000 0.056918
0.000000 0.033498
0.000000 0.022469
0.000000 0.037506
0.000000 0.017376
0.000000 0.031507
0.000000 0.061798
0.000000 0.041245
0.000000 0.034738
0.000000 0.034229
0.000000 0.050787
0.000000 0.048711
0.000000 0.041444
0.000000 0.064255
0.000000 0.041956
0.000000 0.090037
0.000000 0.028117
0.000000 0.111705
0.000000 0.035799
0.000000 0.023707
0.000000 0.022300
0.000000 0.037876
0.000000 0.045251
0.000000 0.140974
0.000000 0.056364
0.000000 0.163315
0.000000 0.025119
0.000000 0.162650
