   0.140821 2039.105283
   0.140700 2108.510565
   0.138090 2005.599924
   0.136694 2167.775206
   0.138409 2110.760076
   0.132790 1994.813035
   0.131631 2096.642569
   0.133593 2096.587004
   0.130712 2043.589382
   0.132770 2308.219025
   0.135801 2150.213020
   0.135275 2146.829131
   0.132643 2102.500651
   0.129960 2187.698926
   0.130907 2062.528329
   0.132490 2067.203574
   0.138598 2091.676697
   0.144663 2060.599384
   0.144179 2184.808753
   0.149197 2090.468038
   0.150106 2230.642016
   0.153683 2237.828659
   0.155708 2169.514028
   0.155669 2087.602126
   0.153501 2072.823157
   0.148083 2185.058478
   0.149390 2145.307313
   0.146782 2135.021719
   0.146591 2076.731462
   0.149044 2078.952896
   0.144492 1948.464396
   0.142354 2142.577648
   0.140991 2054.278237
   0.143416 2086.763072
   0.138405 2295.877334
   0.143841 1989.098978
   0.144836 1849.469561
   0.143235 2073.034147
   0.143400 1918.828959
   0.140879 2120.723499
   0.140096 2059.898321
   0.140519 2236.255040
   0.136782 2299.514642
   0.137353 2133.703350
   0.138777 1938.041592
   0.140030 2159.636841
   0.140751 2122.177022
   0.144428 1966.771089
   0.143398 2241.956602
   0.143551 2078.475484
   0.146099 2193.227862
   0.150342 2363.242868
   0.150973 2151.889794
   0.143767 1957.135856
   0.139941 2111.239940
   0.138273 2301.589995
   0.140531 2129.484827
   0.142769 1995.740867
   0.147757 2293.453101
   0.148389 1951.287633
   0.150917 2232.661558
   0.154313 2498.469760
   0.161321 2114.809333
   0.160940 2235.264142
   0.161656 2139.253622
   0.158751 2142.936057
   0.160415 1949.318298
   0.161897 2142.597166
   0.155774 2188.658749
   0.155543 2209.238939
   0.152294 2039.538587
   0.151109 2161.990443
   0.148200 2188.493294
   0.146031 2190.455200
   0.144003 1999.747793
   0.142885 2003.861489
   0.141327 2085.502900
   0.137016 2039.770574
   0.133577 2192.713858
   0.130974 2262.999497
   0.133079 1925.547646
   0.133920 2025.716814
   0.130772 2057.419408
   0.129622 2099.110892
   0.129442 2208.439697
   0.127518 2283.503658
   0.125531 2132.290368
   0.129446 2166.902214
   0.128837 2032.392886
   0.133648 2205.749022
   0.134853 2157.651769
   0.132001 2139.489110
   0.134254 2037.672569
   0.134361 2062.207033
   0.130141 2029.260527
   0.135333 2134.494941
   0.132284 2320.291148
   0.130946 2270.195406
   0.136995 2167.148835
   0.132861 1982.200969
   0.135590 2155.521802
   0.133215 2023.633822
   0.137531 2062.368723
   0.140860 1974.013204
   0.141370 1937.632582
   0.139163 2267.173776
   0.138926 2220.720596
   0.140074 2178.399946
   0.141571 2096.795627
   0.145185 2109.764048
   0.140457 2017.771118
   0.140527 2100.264579
   0.137729 2148.619792
   0.136879 2249.305083
   0.134748 2152.217536
   0.136695 2101.991085
   0.135976 2099.459725
   0.137790 2258.041474
   0.137898 2014.934614
   0.140219 2136.580965
   0.138364 1931.894788
   0.132382 2225.679730
   0.133429 2043.530609
   0.133104 2114.182904
   0.130504 2179.514477
   0.133518 2258.821750
   0.136889 1954.076433
   0.139712 2047.015197
   0.144089 2087.508713
   0.147340 2018.882780
   0.150926 2139.440368
   0.147985 2067.748483
   0.157800 2106.523614
   0.159359 2159.780328
   0.161534 2099.432466
   0.156053 2173.060496
   0.157338 2082.631091
   0.162998 2038.885882
   0.162609 2191.395487
   0.161409 2115.534459
   0.157432 2110.969177
   0.157752 1780.751855
   0.156672 1992.751058
   0.148281 2216.229817
   0.147296 2067.201835
   0.150506 2175.421452
   0.156718 1957.788977
   0.156990 2089.925923
   0.155202 2233.163371
   0.152787 2067.116197
   0.149015 2085.104217
   0.153897 2001.726526
   0.149083 2260.403503
   0.148372 1924.157679
   0.147245 1995.982539
   0.148496 1904.062349
   0.154572 2183.455033
   0.157432 2051.407251
   0.152715 1944.889920
   0.156365 2097.237714
   0.158614 2064.770032
   0.155309 1901.218934
   0.150774 2247.801783
   0.150472 2218.974058
   0.153156 2329.683525
   0.156212 2111.251982
   0.155122 2049.661575
   0.155065 2055.313854
   0.157022 2059.499519
   0.152721 2145.574964
   0.149073 2266.022395
   0.158274 1895.345773
   0.163061 2195.245664
   0.154177 2177.360835
   0.149353 2284.767655
   0.141818 1958.582034
   0.144831 2194.151884
   0.148258 2064.147011
   0.149671 1991.363632
   0.152660 2079.618178
   0.163232 2299.805436
   0.160634 2045.693393
   0.157801 2075.735133
   0.158892 2105.757103
   0.161238 2160.650980
   0.153805 2294.802476
   0.154908 1898.465995
   0.155862 2172.239813
   0.160753 2063.700214
   0.160716 2185.452225
   0.158217 1943.568360
   0.163590 2259.658358
   0.162213 2219.002975
   0.161464 1949.459913
   0.158582 2072.414845
   0.161730 2138.250354
   0.155758 2214.412979
   0.156488 2229.452153
   0.158859 2329.404442
   0.160218 2209.113123
   0.160455 2245.772313
   0.159370 2060.206294
   0.157923 2098.436684
   0.156450 2180.837672
   0.157722 2320.980727
   0.152409 2084.709661
   0.150623 2088.475347
   0.155135 2194.827576
   0.153014 2187.475523
   0.151435 2077.799982
   0.153042 2006.406980
   0.156304 1950.726042
   0.155046 1905.066398
   0.156513 2176.783593
   0.160496 2115.986318
   0.159327 2066.225579
   0.157371 2208.303800
   0.161596 1971.438459
   0.158851 2154.678665
   0.158077 2111.589272
   0.162960 2128.953240
   0.159128 1894.920804
   0.160827 2226.050322
   0.159791 2258.058706
   0.159974 2073.256484
   0.158360 2083.879934
   0.161020 2022.884629
   0.159570 2201.366234
   0.160659 2070.661780
   0.158401 2098.593402
   0.153163 2149.332357
   0.155917 1981.993208
   0.154536 1931.614869
   0.155543 2019.250266
   0.154229 2011.787673
   0.149283 1944.664140
   0.150421 2219.204114
   0.153712 2174.587057
   0.158899 2004.857184
   0.155885 2118.718011
   0.156712 2119.163562
   0.154070 1946.759513
   0.157093 2103.233685
   0.149363 2123.571714
   0.146836 1943.510476
   0.144464 2072.137055
   0.144996 2201.413891
   0.153913 1970.978016
   0.151788 2302.854983
   0.151799 2099.295206
   0.148540 2113.497237
   0.149002 2161.415597
   0.147866 2064.676939
   0.141173 2251.059375
   0.138027 2253.120888
   0.139989 2166.372030
   0.138317 2112.838254
   0.140148 2118.152238
   0.143685 2073.757141
   0.143494 1974.373647
   0.137805 1973.483479
   0.131833 2086.253040
   0.131015 2189.795116
   0.133802 2248.819511
   0.131824 2042.039300
   0.130495 2043.961085
   0.131793 2125.226957
   0.129635 2283.742277
   0.133723 2207.461070
   0.136419 2147.479773
   0.137621 1965.092561
   0.133985 2062.259872
   0.134675 2125.232145
   0.136009 1939.145471
   0.133683 1900.021344
   0.136957 2002.795814
   0.136204 2135.448599
   0.128709 2071.608844
   0.131031 2083.742870
   0.132523 2063.124334
   0.133566 2047.478986
   0.136929 2103.487688
   0.136847 2075.518701
   0.135883 2050.785184
   0.133938 1909.825301
   0.135646 2269.586150
   0.133234 2153.517297
   0.136431 1971.933758
   0.134114 2173.469179
   0.134571 2127.336664
   0.135246 2157.980081
   0.134308 2030.665620
   0.128455 1912.660151
   0.127146 2127.045039
   0.126332 2019.737865
   0.128416 2274.090032
   0.125139 2155.155426
   0.123991 2054.042373
   0.126397 2161.455226
   0.129245 2357.400429
   0.127113 2111.781543
   0.128030 2259.759495
   0.136801 2053.409641
   0.132492 2074.766267
   0.129023 2111.379785
   0.129594 1950.075944
   0.132727 1958.780351
   0.133240 2129.540001
   0.131338 2021.221925
   0.128764 2068.039909
   0.126577 2046.717002
   0.132709 2001.470809
   0.133598 2199.354251
   0.137700 1895.126693
   0.133248 2019.185437
   0.137974 2058.023963
   0.143458 2130.171889
   0.136855 2138.067340
   0.133157 2072.784943
   0.134938 2096.076440
   0.132454 2203.689515
   0.129422 1990.928726
   0.133584 2295.317767
   0.131840 2086.599585
   0.129619 2071.664259
   0.129453 2141.306486
   0.130090 2019.499806
   0.129060 2155.057220
   0.129784 2280.736199
   0.124991 2027.296944
   0.124916 2247.083303
   0.121969 2008.760017
   0.124313 1982.054753
   0.125072 2064.630313
   0.121811 2096.075604
   0.125496 2219.376059
   0.127688 2088.952956
   0.125442 2139.027320
   0.128975 2019.616611
   0.123555 2023.202327
   0.124830 1842.031208
   0.122145 2157.798086
   0.123400 1976.224192
   0.124168 2050.520305
   0.125401 2043.224397
   0.125785 2099.787153
   0.126155 2096.809291
   0.127012 2057.204824
   0.131607 1989.910283
   0.136597 1864.705677
   0.141131 2134.761725
   0.142532 2024.080527
   0.142782 2063.660890
   0.144233 2070.344126
   0.142018 2191.200204
   0.142660 2214.584327
   0.142361 2034.636584
   0.144527 1958.109251
   0.156444 2059.256318
   0.160555 2154.806883
   0.161316 2027.480663
   0.156608 1948.522442
   0.158694 2117.083620
   0.153013 2204.338416
   0.157713 2140.572296
   0.159387 2083.415710
   0.154143 2088.554968
   0.150792 2068.143204
   0.149458 2030.273545
   0.153058 2089.236801
   0.156481 2141.787197
   0.155895 2028.985230
   0.157321 2101.446795
   0.155024 2081.331817
   0.160178 2280.554330
   0.161222 2048.001160
   0.161936 2040.196196
   0.156588 2221.474654
   0.149039 2041.399910
   0.143453 2093.349335
   0.143206 2328.003667
   0.142245 2179.858950
   0.141792 2144.720824
   0.141842 2038.806422
   0.141479 2043.117689
   0.146388 2227.402919
   0.147417 2066.203430
   0.144704 2292.407894
   0.146871 2288.830305
   0.143433 2149.668955
   0.145361 1988.066748
   0.147165 2184.553495
   0.148642 2382.929376
   0.152417 2045.065123
   0.148791 2068.264545
   0.151837 2076.398036
   0.155430 2002.597303
   0.157452 2070.409323
   0.160703 2118.488979
   0.160426 1999.016197
   0.163442 2072.465201
   0.155969 2336.746117
   0.155571 2176.750061
   0.153004 2038.277391
   0.149763 1950.044029
   0.147460 2100.926716
   0.151431 2047.492797
   0.151447 2307.371577
   0.148892 2214.722804
   0.154088 2119.473470
   0.151463 2033.866929
   0.154309 2091.237567
   0.150983 2039.673086
   0.145928 2001.540588
   0.148327 2393.968942
   0.143700 2297.472737
   0.139959 1907.027044
   0.139494 2033.017979
   0.134884 2066.222184
   0.136059 2108.802663
   0.133321 1998.420675
   0.131315 1963.258534
   0.124443 2233.629467
   0.126746 2202.049137
   0.125285 2033.131843
   0.123529 2169.766361
   0.127200 1898.292316
   0.129745 2075.736602
   0.126117 1940.624449
   0.128130 2085.526375
   0.128283 2084.975123
   0.131559 2065.761581
   0.131750 2026.405042
   0.133939 2084.513835
   0.132700 2308.326413
   0.131332 2193.732487
   0.137526 2056.766053
   0.138597 2116.956411
   0.144740 2243.134352
   0.148664 2077.806338
   0.152948 2120.992553
   0.154606 2166.177947
   0.160149 1988.355513
   0.155048 2135.500716
   0.149821 2246.790466
   0.147101 2011.121966
   0.148675 2065.230274
   0.150709 2085.263391
   0.145933 1940.940260
   0.147687 2011.746451
   0.145881 2217.737689
   0.137453 2192.227638
   0.140917 2072.348710
   0.140218 2142.861889
   0.137961 2040.724142
   0.137593 1975.566620
   0.137997 2170.966994
   0.139166 2128.475000
   0.138195 2035.574585
   0.142334 2203.435091
   0.139525 2065.756872
   0.142616 2185.652697
   0.143338 2243.072224
   0.140458 2070.514458
   0.138675 2264.581942
   0.141071 1978.867972
   0.137930 1950.629238
   0.134861 2100.424075
   0.136478 2074.570257
   0.136683 2163.101819
   0.138243 2319.211244
   0.138221 2010.637446
   0.133995 2239.496240
   0.137413 1995.948822
   0.135003 2116.715134
   0.135131 2181.649832
   0.140347 2323.296064
   0.139444 2135.443251
   0.147598 2167.588700
   0.144658 2118.109348
   0.146770 2219.127659
   0.148746 2123.087807
   0.149356 2195.294907
   0.146777 2091.189552
   0.148198 2090.241525
   0.140137 2062.099822
   0.135015 1977.833954
   0.138030 2115.063317
   0.135635 2198.075552
   0.137378 2311.449439
   0.137888 2237.525600
   0.131843 2349.693157
   0.130184 2091.930042
   0.134644 2114.112859
   0.134745 1987.629634
   0.133291 1958.781617
   0.127701 2178.464694
   0.128233 2132.927227
   0.126386 2030.555213
   0.129520 1922.044871
   0.128199 2020.217859
   0.127983 2235.610846
   0.123785 2038.987460
   0.123151 2049.993456
   0.125647 2115.960965
   0.124568 2107.302149
   0.123243 2116.922730
   0.124461 2106.633863
   0.124508 2003.890800
   0.122012 2103.690317
   0.128494 2157.782278
   0.122768 2177.402324
   0.125636 2118.143307
   0.127921 2127.833623
   0.131565 2131.851716
   0.135800 2018.239618
   0.134130 2016.208134
   0.132644 2019.404451
   0.128378 1900.522810
   0.133834 1986.309257
   0.132494 2208.862968
   0.137643 2015.253855
   0.138939 2032.176245
   0.137484 2067.872533
   0.131026 1921.221855
   0.135835 1907.562792
   0.132977 2195.131924
   0.135788 2247.872528
   0.134067 2051.627250
   0.138415 1998.754763
   0.141178 2202.867197
   0.140403 2164.335688
   0.139808 2076.072831
   0.137952 2033.034116
   0.141238 2129.829940
   0.134207 2163.329462
   0.131633 2027.793801
   0.136121 2114.390596
   0.135582 1942.581877
   0.129525 1851.599155
   0.127570 2035.181403
   0.130105 2120.068175
   0.126412 2044.040717
   0.131476 2158.154200
   0.127717 2012.420105
   0.135197 2142.575468
   0.131813 2034.115700
   0.134124 2134.204661
   0.127869 2070.284340
   0.132570 1994.849392
   0.131153 2160.363455
   0.136157 2077.225057
   0.141471 2128.027321
   0.145543 2156.260296
   0.144092 2074.315121
   0.140481 2128.269850
   0.142892 2114.253750
   0.148323 2140.771037
   0.152628 2074.848549
   0.157136 2209.170630
   0.151499 2039.969632
   0.155781 2111.244541
   0.147468 2013.030996
   0.155125 1970.955803
   0.163343 2156.878389
   0.159711 2022.809036
   0.162125 2120.197646
   0.160858 2126.812608
   0.159304 1928.096746
   0.158847 2129.923169
   0.156578 2022.308534
   0.154041 2123.881898
   0.152503 2193.398125
   0.157482 2007.258466
   0.159749 2184.859970
   0.156112 2137.849313
   0.157182 2177.206385
   0.156278 2040.871271
   0.156915 1976.326475
   0.155771 2044.589045
   0.157527 2206.893532
   0.152600 2169.657807
   0.160748 2169.825542
   0.161976 2169.357877
   0.160286 1920.125399
   0.156565 1916.844242
   0.159361 2102.834755
   0.161578 2138.796198
   0.158932 2139.306903
   0.155188 1941.951447
   0.157870 2282.931296
   0.159494 2134.143373
   0.161726 2094.476834
   0.162854 1976.587721
   0.161967 2130.589085
   0.162133 1923.862870
   0.159983 2223.850121
   0.159454 2134.384238
   0.158728 2191.845718
   0.159320 1988.772988
   0.152598 2187.679672
   0.151586 1979.482886
   0.144660 2150.456278
   0.145264 2151.732583
   0.144349 2159.732597
   0.143741 2192.598533
   0.147616 2248.556645
   0.153735 2083.360932
   0.152782 2081.697206
   0.151528 1833.363137
   0.147202 2048.301798
   0.148537 2258.211289
   0.152269 2180.992848
   0.153326 2067.245914
   0.159351 2054.336959
   0.158385 2049.292132
   0.151997 2102.953810
   0.160003 2151.801033
   0.150928 2126.753574
   0.151923 2282.508688
   0.157406 2171.438820
   0.159326 2049.598246
   0.158333 2087.998230
   0.160580 2084.380757
   0.159539 1876.624449
   0.159100 2022.740603
   0.161267 2181.001510
   0.159777 2151.539509
   0.161058 2058.553651
   0.158517 2086.262819
   0.152609 2032.747846
   0.147382 2120.762328
   0.143006 2112.146185
   0.142455 2063.627987
   0.144688 2014.991361
   0.147094 2194.118312
   0.145487 2177.130508
   0.147428 2027.613546
   0.146606 1969.052113
   0.141142 1968.019492
   0.144634 1889.685369
   0.138608 2125.116707
   0.141848 1947.449918
   0.144184 2243.548379
   0.151576 1775.987509
   0.152721 2119.142191
   0.151846 2118.665631
   0.148114 2104.364296
   0.143366 2280.634382
   0.142568 1970.015550
   0.144832 2017.325023
   0.145397 2008.709199
   0.149007 2071.836144
   0.150345 1858.302862
   0.152610 2244.202799
   0.158890 2116.738435
   0.158860 2184.998401
   0.156247 2134.400176
   0.151886 2350.357739
   0.152827 2186.788385
   0.151268 2191.961732
   0.155272 1956.963821
   0.156913 2202.819105
   0.150280 2151.751087
   0.145927 2048.043603
   0.142188 2109.014032
   0.140232 2143.792542
   0.140400 2247.915865
   0.143227 2120.749108
   0.146925 2081.762634
   0.147684 1948.728095
   0.145845 2048.716076
   0.148956 2202.562196
   0.152783 2240.868677
   0.143912 2169.076304
   0.140050 2007.785885
   0.136161 1958.248361
   0.134296 2205.512997
   0.129834 2088.918758
   0.125028 1893.350211
   0.123289 2188.896303
   0.124667 2019.025248
   0.122793 2051.566036
   0.122218 2133.589030
   0.124917 2135.566578
   0.122646 2286.082372
   0.121555 2099.297461
   0.121761 1979.915159
   0.121909 2132.852190
   0.124617 1862.089527
   0.123705 2068.313459
   0.121660 2008.588523
   0.129697 1974.268414
   0.124084 2032.810700
   0.130249 2130.521439
   0.126467 2142.125902
   0.126700 2054.030583
   0.124372 2234.198764
   0.127797 2143.533975
   0.130117 2110.095257
   0.132242 2317.785213
   0.133280 2017.537780
   0.133483 2279.604439
   0.133784 2052.683558
   0.136653 2057.702454
   0.137366 1959.771615
   0.137894 2034.292312
   0.137762 2018.581653
   0.139939 2050.237016
   0.146890 1908.931715
   0.147328 2292.369183
   0.151725 2265.923637
   0.147375 2086.673232
   0.150341 2124.496822
   0.150357 2080.589207
   0.153348 2060.458195
   0.149479 2103.169523
   0.152514 2205.130638
   0.149306 2079.704549
   0.154948 1959.541508
   0.153324 1988.934746
   0.152593 2067.831677
   0.156237 1968.797471
   0.156367 2134.345974
   0.157808 1991.421433
   0.158714 1888.664651
   0.162093 2142.658960
   0.161633 2020.183046
   0.161600 2012.433937
   0.162355 2160.012998
   0.157835 2174.826464
   0.160621 2058.320757
   0.157809 1999.740860
   0.154856 2087.377634
   0.152537 2157.783304
   0.146810 2008.468082
   0.150538 1934.278683
   0.143756 2234.705403
   0.141388 2097.734167
   0.136241 2170.866831
   0.135734 2217.773085
   0.134909 2110.759316
   0.139636 1915.651324
   0.137539 2101.703464
   0.136091 1986.161637
   0.141300 2173.239252
   0.137326 2134.978714
   0.139756 2173.702687
   0.142364 2189.256849
   0.141128 2158.098074
   0.135789 2110.443072
   0.139352 2104.533088
   0.134874 2189.025514
   0.132826 1978.438619
   0.135630 2051.005816
   0.132159 1968.406475
   0.132749 1982.577947
   0.137223 2029.955731
   0.136069 2267.985882
   0.133966 2117.961663
   0.132445 2256.748783
   0.137401 2025.360250
   0.140028 2211.747383
   0.143279 2010.747875
   0.142256 2225.701543
   0.141920 2221.056463
   0.139906 2079.566409
   0.146723 2087.951078
   0.148605 2049.186451
   0.149332 2010.322376
   0.141326 2023.565186
   0.139413 2039.124687
   0.141840 2100.119997
   0.140097 2125.281554
   0.134984 2311.208269
   0.138427 2109.826028
   0.136537 2191.976663
   0.138630 2017.467452
   0.134174 2205.008647
   0.137853 1944.409659
   0.135243 2097.532383
   0.137960 2075.697770
   0.139088 2088.195078
   0.138046 2164.959902
   0.136430 2160.471817
   0.135314 2170.995142
   0.136935 1928.825246
   0.138673 2022.304984
   0.136293 2129.595592
   0.141532 2071.578308
   0.140165 2029.446455
   0.138243 2087.341903
   0.134949 2032.676508
   0.143155 2062.033024
   0.143896 2188.903027
   0.142113 2138.649022
   0.139939 1931.338956
   0.140309 2005.520281
   0.138102 1977.988238
   0.134967 2008.553975
   0.139493 2048.780352
   0.137183 1936.995563
   0.144648 2101.951913
   0.141246 2192.048684
   0.143105 2084.752860
   0.142927 2102.886199
   0.138913 1976.347092
   0.152478 2094.688824
   0.151317 2092.178240
   0.151721 2147.250819
   0.151184 2129.028516
   0.143952 2171.285278
   0.147000 2051.007557
   0.143477 1995.350179
   0.143791 1926.936604
   0.144214 2111.230322
   0.142294 2234.767794
   0.143870 2075.359770
   0.146212 1864.167989
   0.141618 2194.591250
   0.146608 1971.452691
   0.143913 2247.954305
   0.149466 2054.926538
   0.144920 2099.030682
   0.146511 2170.696019
   0.144843 2223.799591
   0.148659 2115.224856
   0.148792 2154.835118
   0.152810 2227.075373
   0.154368 2120.077579
   0.154805 2083.734102
   0.162566 2232.191112
   0.158093 2298.186752
   0.158991 2095.036270
   0.160738 2205.869194
   0.152212 2150.033355
   0.147467 2050.379293
   0.141077 2174.707853
   0.142549 2116.518786
   0.143084 1943.879746
   0.140212 2213.773074
   0.148246 2165.438952
   0.150637 2097.137546
   0.145393 1879.347804
   0.146932 2186.065887
   0.146315 2200.207734
   0.145941 2160.010955
   0.145485 1946.442900
   0.152518 2172.100455
   0.160519 2301.274930
   0.163062 2083.397289
   0.160918 2170.234413
   0.155262 1937.423818
   0.155175 1891.250970
   0.158341 1996.615826
   0.157635 2225.321894
   0.156538 2022.071084
   0.151541 2056.386765
   0.160392 2121.843292
   0.160101 2040.299054
   0.161462 2067.053612
   0.155159 2088.551455
   0.160325 2123.621607
   0.157333 2286.804767
   0.159910 2128.444425
   0.155856 2196.955735
   0.150809 2234.099903
   0.147482 2085.846162
   0.143386 2172.043048
   0.144436 2127.584671
   0.145260 2111.444778
   0.141962 1929.966493
   0.140009 1943.381828
   0.135715 2164.743232
   0.135473 2117.462173
   0.141351 2081.989719
   0.143216 2056.543329
   0.141876 2083.929235
   0.147313 1932.611167
   0.145463 2003.123233
   0.149175 2162.524857
   0.143966 2063.385913
   0.142539 1944.839912
   0.133993 1947.142391
   0.137743 2125.528680
   0.131322 1896.686463
   0.124954 2139.799770
   0.130355 2024.427115
   0.131585 2178.153589
   0.134045 2179.379563
   0.132789 2081.697779
   0.131219 2010.763710
   0.130876 1997.185622
   0.131286 2069.048395
   0.124948 1796.669220
   0.128077 2132.651119
   0.130615 2122.323525
   0.130488 2020.729475
   0.132065 2017.109780
   0.135604 2232.794234
   0.134922 2029.971265
   0.135292 2212.691103
   0.138562 2092.607052
   0.139773 2239.152563
   0.142490 2129.604713
   0.144046 2270.506115
   0.143363 2086.753832
   0.143031 2098.346551
   0.145131 1944.928676
   0.147978 2111.947170
   0.144883 2101.077413
   0.145914 2021.319352
   0.138537 2116.267346
   0.141746 1985.704469
   0.141223 2284.253568
   0.132104 2147.358054
   0.129587 1794.461305
   0.129179 2337.918960
   0.130986 2149.610060
   0.132463 2122.806392
   0.133357 1973.988519
   0.135385 2168.378071
   0.130056 2273.913716
   0.133223 2173.101239
   0.134125 2123.619653
   0.132965 2178.585517
   0.131735 2199.755645
   0.135464 2134.016247
   0.134023 2251.328630
   0.135578 2155.394896
   0.139959 2044.278673
   0.148376 2205.992603
   0.151832 2253.077884
   0.153736 1856.361373
   0.152744 2284.959036
   0.151915 2023.807379
   0.152280 2052.916763
   0.151782 2199.736098
   0.154413 1964.362069
   0.152564 2165.513448
   0.152892 2192.953038
   0.152238 2178.541944
   0.150309 2098.808581
   0.152302 2172.141450
   0.150450 2065.463912
   0.157549 2048.714353
   0.157517 2195.896627
   0.159470 2045.709099
   0.158687 2065.979487
   0.155105 1951.931360
   0.150758 2306.806586
   0.146294 2268.210496
   0.145767 2131.157755
   0.145082 2210.599429
   0.139102 2064.207845
   0.141059 2102.266554
   0.142196 2199.892880
   0.142435 2108.222767
   0.143230 2023.710099
   0.141445 2196.247869
   0.135935 2171.378134
   0.137420 2009.526667
   0.133341 1984.569137
   0.140112 2045.630262
   0.137750 2087.138331
   0.129161 2102.436310
   0.130229 2112.705324
   0.128869 2112.172387
   0.126660 2006.894666
   0.128893 2191.382281
   0.131693 1913.463673
   0.132482 2213.099881
   0.127716 2030.708510
   0.130508 2131.014554
   0.131584 2040.378913
   0.141214 2076.763466
   0.143804 2074.294172
   0.152521 1999.815865
   0.152182 2019.250344
   0.150099 2107.847315
   0.149488 2102.467467
   0.146713 1940.793714
   0.146838 2104.520081
   0.145946 1960.422170
   0.150712 2050.676250
   0.147311 1971.682690
   0.153231 2016.537563
   0.149756 2101.778802
   0.150989 2297.460715
   0.154455 2014.736585
   0.148418 2181.248659
   0.148157 2003.364194
   0.152039 2346.209693
   0.151064 1943.148647
   0.150299 1983.685408
   0.145862 1981.181760
   0.144429 2104.155259
   0.145203 2095.253897
   0.141919 2122.734154
   0.130584 2117.068581
   0.125041 2194.353628
   0.124490 2169.398929
   0.123659 2228.299935
   0.123385 2044.555811
   0.124774 2172.038347
   0.124128 2276.078576
   0.125229 2090.681473
   0.125011 2187.822199
   0.126677 2130.321735
   0.123694 2211.802433
   0.127158 2121.491600
   0.127980 2029.357787
   0.126872 2162.948819
   0.127565 1949.353792
   0.126789 2065.399224
   0.130899 1881.046288
   0.132984 2110.955355
   0.134034 2081.029017
   0.138638 2088.696925
   0.137683 2102.705824
   0.137135 2244.075507
   0.138170 1984.060326
   0.142156 2049.560249
   0.141468 2062.021066
   0.142562 2259.050109
   0.145604 2265.523351
   0.144815 2003.776025
   0.142606 2069.215620
   0.145674 1998.284201
   0.150999 2108.883009
   0.153472 2273.764043
   0.157536 1962.434715
   0.154713 2191.094178
   0.155096 1931.067329
   0.151114 2203.898857
   0.153065 2211.163309
   0.159422 1996.901715
   0.157660 2247.678073
   0.151553 2074.463123
   0.148274 2202.460091
   0.146540 2193.817561
   0.144553 1832.739275
   0.148280 1932.307894
   0.149106 1976.853482
   0.152226 2084.520294
   0.155448 2041.642702
   0.157058 2230.571406
   0.155931 1945.309947
   0.152656 2274.753305
   0.155744 2093.406913
   0.158950 2058.476128
   0.157272 1998.249932
   0.156961 1986.297637
   0.159755 2124.357015
   0.156041 2169.041100
   0.161175 2083.797442
   0.154520 2119.653170
   0.155769 1946.637163
   0.149198 2168.448923
   0.148117 2027.224695
   0.145809 2060.587078
   0.146521 2121.927507
   0.145881 2011.644357
   0.141212 2240.753415
   0.144449 2123.767657
   0.145858 2351.920519
   0.152364 2103.209026
   0.151154 2093.773010
   0.146938 2064.766096
   0.149762 2094.622260
   0.147830 2102.205941
   0.152535 2201.312206
   0.159023 2193.432594
   0.157698 2000.069224
   0.156197 2015.822077
   0.148238 2212.314527
   0.147620 2344.065974
   0.149581 2108.192520
   0.149414 2119.137385
   0.151895 2248.980104
   0.148612 2079.114545
   0.144487 2215.820343
   0.150539 1982.372333
   0.154755 2167.957952
   0.160807 2311.755199
   0.161196 1936.676348
   0.157637 2277.884630
   0.159184 2042.647783
   0.151175 2015.756358
   0.149613 1971.556457
   0.154121 2132.075658
   0.151378 2094.183901
   0.145071 2094.482927
   0.142554 2504.991594
   0.139595 2125.748056
   0.147941 2113.052115
   0.142357 2017.793977
   0.146850 2007.623558
   0.148108 2073.434379
   0.150064 2041.424770
   0.145161 2159.934763
   0.143261 2077.892359
   0.140480 2176.772262
   0.137709 2034.668287
   0.140533 2319.888812
   0.139178 1883.439424
   0.138613 2108.858334
   0.135016 1814.653166
   0.136684 2106.424348
   0.136654 1913.147145
   0.141233 2168.833553
   0.135660 2103.796066
   0.137551 2142.445969
   0.144705 2043.665853
   0.143920 1963.995490
   0.141057 2200.930609
   0.146131 2129.749364
   0.144085 2289.743754
   0.146449 2333.418765
   0.146452 2171.307396
   0.138827 2090.228441
   0.128865 2267.294674
   0.126629 2144.463126
   0.130577 2099.192261
   0.129501 1950.040028
   0.133884 2347.030723
   0.135053 2185.065244
   0.140572 2088.410321
   0.143135 2050.410237
   0.143997 2154.398858
   0.141139 2150.839529
   0.142084 2096.799717
   0.149904 2035.911795
   0.146875 2014.346234
   0.146302 2173.030911
   0.145765 2170.653074
   0.147571 1983.776771
   0.141390 2066.442113
   0.138411 1954.150344
   0.137297 1962.401689
   0.135958 2121.535658
   0.134559 1992.497057
   0.132483 2221.473844
   0.129476 1983.302268
   0.124211 1903.242878
   0.124668 2095.989784
   0.122478 2041.795313
   0.122860 1872.745541
   0.127838 2147.539717
   0.128547 2007.983868
   0.134246 2161.270548
   0.126636 2041.293991
   0.128580 1942.098997
   0.129209 1841.896205
   0.124591 2194.651835
   0.129217 2036.761921
   0.131148 2091.062325
   0.132816 2064.293394
   0.130110 2220.824835
   0.135955 2057.175829
   0.131650 2128.331596
   0.136333 2020.806220
   0.134665 2000.918256
   0.136484 1978.294985
   0.138076 2107.597920
   0.133647 1970.941906
   0.128989 2057.035202
   0.128320 2177.247854
   0.126620 1979.040349
   0.128905 1851.672517
   0.130823 2011.447658
   0.127581 2108.763769
   0.126020 2148.845710
   0.127771 2003.255850
   0.124358 2018.072245
   0.121164 2025.051472
   0.122132 2029.323780
   0.122003 1913.839189
   0.124910 2042.846172
   0.123803 2284.495384
   0.124783 2178.798344
   0.126744 2050.510159
   0.132925 1886.339577
   0.136083 2219.185228
   0.138649 2153.600392
   0.137031 2284.177358
   0.134368 2207.174419
   0.133666 2000.344464
   0.128099 2195.863756
   0.129388 2055.720961
   0.131216 2138.346345
   0.131393 2225.531289
   0.134953 2096.562666
   0.141928 2000.459847
   0.142953 2199.668189
   0.142477 2102.771259
   0.143325 2026.233303
   0.142839 2079.710350
   0.138247 2104.579174
   0.137965 2216.457498
   0.144792 2072.479224
   0.141441 2109.344813
   0.138730 2251.935157
   0.140105 1979.307349
   0.138202 2182.841789
   0.138719 2373.400853
   0.140836 1929.862023
   0.140338 2069.377351
   0.138098 2122.609876
   0.138918 1964.852850
   0.141990 2144.416097
   0.147259 2140.792060
   0.150922 2263.059419
   0.152408 2159.458638
   0.145360 2145.213494
   0.142197 1958.888250
   0.142461 1943.094190
   0.138996 2117.475816
   0.138926 1970.867689
   0.143389 2135.061174
   0.140337 2200.422315
   0.139539 2109.791112
   0.141293 2286.732643
   0.135774 2210.542750
   0.128438 2183.306453
   0.123549 2177.848863
   0.120799 2212.495443
   0.122618 1973.570251
   0.121813 2036.345610
   0.123634 2221.559946
   0.125693 1884.217675
   0.124179 2160.821525
   0.127823 1993.216902
   0.134477 2192.846702
   0.132457 2128.115241
   0.131260 2181.045269
   0.131943 2115.609069
   0.131286 2023.324335
   0.130637 1963.844978
   0.124693 2190.969817
   0.128079 2114.801234
   0.128462 2042.325575
   0.129238 2207.090320
   0.125397 2217.783614
   0.124046 2310.678670
   0.123260 1940.588275
   0.123806 2036.074370
   0.126540 2153.359528
   0.128938 2121.975858
   0.133787 2114.907231
   0.131619 2187.188997
   0.139943 2141.867636
   0.142692 2156.481844
   0.139788 2194.829296
   0.132624 2099.695781
   0.132923 2214.462113
   0.135143 1998.096990
   0.138821 2192.507467
   0.135660 1999.085140
   0.133682 2286.739016
   0.135191 2029.408584
   0.134186 1983.899930
   0.134042 2086.827347
   0.131988 2113.797731
   0.130790 2142.303024
   0.129249 2058.730634
   0.128335 2037.001944
   0.127408 2227.719321
   0.125793 2177.537171
   0.122291 2050.221729
   0.123035 1985.967089
   0.124666 2013.778989
   0.123353 2102.017582
   0.126593 2132.922205
   0.130356 2101.839469
   0.131805 2184.023913
   0.136000 2126.008742
   0.141414 2200.964825
   0.134866 2061.248317
   0.137002 2143.778419
   0.137135 2186.785145
   0.134488 2060.097392
   0.129925 1955.666067
   0.127292 1957.226243
   0.127965 2031.763627
   0.129414 2057.792494
   0.127963 1980.514386
   0.125949 2072.720387
   0.123982 2093.875807
   0.122134 1941.448388
   0.121453 1889.519880
   0.122337 2153.585366
   0.126695 2159.927157
   0.127324 2148.089076
   0.128125 2115.347507
   0.127644 2096.470366
   0.131534 2025.476356
   0.128937 1995.061729
   0.130124 2145.783339
   0.131831 2074.203971
   0.135621 2212.495917
   0.130201 2261.671835
   0.134512 2213.776012
   0.130316 2080.117971
   0.128497 1904.625801
   0.126224 2225.455761
   0.126817 2157.947770
   0.133360 2031.033439
   0.132109 2232.162538
   0.138745 2042.686025
   0.140227 2182.354582
   0.137482 2203.352691
   0.141263 2186.031472
   0.141280 2162.123406
   0.143240 2021.460581
   0.136893 2117.152831
   0.136189 2286.680979
   0.136095 2294.416065
   0.139806 2269.278893
   0.140929 2131.727551
   0.138837 2011.506542
   0.134436 1995.948993
   0.131114 2132.209781
   0.133205 2171.441994
   0.130307 2097.817163
   0.131551 2099.828984
   0.129969 2050.769159
   0.129472 2049.900134
   0.130583 1957.350582
   0.125973 2240.250304
   0.127569 2079.910655
   0.129978 1878.503319
   0.128786 2230.193928
   0.126413 2084.865506
   0.128462 2314.012267
   0.129395 2012.395752
   0.131209 2249.537077
   0.127569 1890.927119
   0.125502 1940.337220
   0.128927 2177.940913
   0.128808 2023.433917
   0.131871 1923.437696
   0.130253 1924.087431
   0.135729 2386.169601
   0.134363 2145.169715
   0.132568 2146.364763
   0.134103 2130.782207
   0.130472 2055.430956
   0.127680 2144.559851
   0.133155 2053.817984
   0.136416 2051.011243
   0.138264 2288.684384
   0.131555 2043.171856
   0.127546 2096.960950
   0.128131 2337.893610
   0.131316 2076.452435
   0.134709 2191.085218
   0.136887 1996.191676
   0.133768 2029.626542
   0.131374 2125.224368
   0.141275 2106.469936
   0.142777 2166.567831
   0.137381 2308.866583
   0.139589 2238.556869
   0.139939 2110.905213
   0.146476 2069.438000
   0.145483 1904.054944
   0.143364 2150.136609
   0.142807 1979.513406
   0.143965 2128.992067
   0.139020 2076.813199
   0.131635 2066.995693
   0.130526 2047.201720
   0.126690 1964.920554
   0.129490 2139.475912
   0.133461 2160.560694
   0.135135 2047.179598
   0.137263 2098.746050
   0.138706 2376.004613
   0.135123 2064.357184
   0.141955 2142.192804
   0.145759 2106.576353
   0.146979 2169.366919
   0.151608 2164.101475
   0.149936 2098.185722
   0.151203 1895.272890
   0.156183 2122.589236
   0.154721 1905.316331
   0.146834 2139.524395
   0.144262 2052.955140
   0.145792 2021.996513
   0.146944 2100.060248
   0.152330 2000.703194
   0.154292 2004.400923
   0.161065 2263.685932
   0.160003 2147.036408
   0.154782 2049.621900
   0.150837 2087.079641
   0.155202 2159.659229
   0.148185 2124.518210
   0.146273 2100.176589
   0.139209 2074.724984
   0.138448 2102.413985
   0.138342 2008.948990
   0.140494 1958.386158
   0.143626 2097.918221
   0.136608 2136.806601
   0.140372 2070.253787
   0.137001 2096.249300
   0.142482 2066.457413
   0.142839 2238.032684
   0.141257 2276.805226
   0.142855 2187.425033
   0.145918 2108.587788
   0.156002 1976.581500
   0.152164 2229.818050
   0.153937 2029.197272
   0.156030 2139.574744
   0.150819 2246.719286
   0.143492 2125.945199
   0.146998 2129.191465
   0.143840 2134.068653
   0.142702 2047.994955
   0.143123 2185.105923
   0.146155 2131.361193
   0.145891 2083.771399
   0.149081 2059.670264
   0.148029 2003.596157
   0.149566 1988.045146
   0.147657 2128.626919
   0.150415 2145.349582
   0.155711 1882.118957
   0.159897 2148.927813
   0.155972 2017.998610
   0.161366 2077.067223
   0.154304 2174.743873
   0.155052 2457.253019
   0.155227 2099.452080
   0.161365 2276.378245
   0.160653 2152.755064
   0.162690 2155.960566
   0.161315 2139.109859
   0.155959 2085.501876
   0.154245 2176.337432
   0.157200 2011.805183
   0.155969 2116.335322
   0.161980 2149.547980
   0.164224 2067.853452
   0.161989 2091.940178
   0.159937 2129.551730
   0.158497 2153.673143
   0.162203 2204.770501
   0.159604 2196.992379
   0.154024 1882.209509
   0.154083 2307.394291
   0.154817 2188.866564
   0.154495 2075.254286
   0.152585 2140.690230
   0.154308 2014.032523
   0.153720 2114.764745
   0.154491 2112.168803
   0.149103 2089.695115
   0.149300 1949.457491
   0.149418 2170.194903
   0.150524 1932.753253
   0.145920 2233.096707
   0.144544 2165.019216
   0.163506 2098.215165
   0.148274 2024.024718
   0.142712 2146.285821
   0.143546 2304.579230
   0.145017 2209.819740
   0.141763 2054.902506
   0.145156 2062.279134
   0.145054 2114.998107
   0.149863 2109.706408
   0.150425 2038.391333
   0.149988 2132.121593
   0.152785 1976.957228
   0.157859 2198.482490
   0.149650 2038.333482
   0.150856 2166.230576
   0.145324 1954.186593
   0.142352 2078.667545
   0.140280 2151.191125
   0.143178 2133.421605
   0.145785 2072.363741
   0.139372 2096.411243
   0.137657 1982.581307
   0.135969 2006.096031
   0.136270 2092.993960
   0.132659 1894.744648
   0.131956 2028.304131
   0.132130 2235.342694
   0.126675 2013.139801
   0.129501 2118.516210
   0.128322 2099.069393
   0.129747 2215.416468
   0.131668 2253.413581
