  58.726208 2989.701600
  54.042499 2990.943725
  57.778794 2986.535871
  60.220725 2992.123426
  38.471475 2986.965221
  50.729240 2989.887194
  47.222532 2992.434280
  39.219042 2997.873727
  34.563487 2991.647697
  46.704054 2993.812184
  30.758325 2996.621355
  54.869209 2990.845510
  81.000619 2999.324291
  78.589228 2996.934197
  60.079188 2996.878026
  35.285521 2991.079527
  35.827467 2990.515083
  49.201876 2991.312921
  55.835902 2990.212023
  60.237379 2991.266818
  96.692535 2996.564371
  72.267469 2986.046101
  57.304532 2991.581352
  60.476466 2991.112739
  51.474299 2996.384293
  55.301332 2994.755620
  39.442605 2993.497846
  48.629940 2995.388845
  41.946948 2984.141199
  39.544925 2993.629881
  54.976454 2988.418514
  56.100296 2988.966893
  55.433137 2995.941291
  47.725901 2997.489552
  41.262115 2984.516033
  71.804406 2994.623975
  71.494777 2985.612138
  75.846010 2994.368274
  72.866619 2993.610697
  72.400635 2991.952762
  76.182670 2991.415731
  42.227864 2993.399301
  46.039104 2991.082557
  61.306607 2994.053401
  54.256145 2995.113109
  46.035664 2987.815793
  55.947043 2992.830277
  29.512442 2992.374222
  55.752479 2991.579908
  75.391270 2988.986403
  46.583206 2991.918254
  73.197250 2986.784419
  62.326231 2991.782239
  51.083896 2981.755086
  49.848444 2991.701592
  39.842564 2989.836197
  48.590849 2980.513835
  25.543372 2986.953836
  29.594218 2987.929354
  72.282611 2988.303347
  64.028398 2993.869837
  70.529898 2986.769085
  70.028532 2988.750903
  69.787935 2989.725929
  81.862786 2989.358982
  48.867513 2987.333103
  43.481584 2991.437341
  54.420171 2990.641462
  69.595709 2993.802604
  68.856813 2997.617428
  83.590666 2993.084506
  83.698278 2991.166598
  64.955874 2991.753925
  46.199310 2996.471958
  41.207682 2991.699258
  24.140029 2988.267225
  69.098153 2992.467450
  76.455996 2992.212631
  96.400542 2994.732492
  52.950209 2993.204471
  68.368311 2984.467207
  62.039108 2995.689878
  86.850067 2992.374123
  60.247043 2995.686616
  88.130179 2991.319552
  51.855367 2990.569862
  48.533960 2991.908285
  54.483695 2989.452771
  54.198332 2989.128170
  37.461721 2993.150132
  34.691064 2992.862277
  40.073842 2998.735894
  67.100029 2994.411567
  60.967989 2995.780799
  73.863467 2992.179388
  59.858510 2989.519472
  59.371625 2996.498827
  56.822317 2991.158262
  63.252381 2987.826778
  77.147088 2991.179250
  84.753532 2994.209028
  67.645467 2992.579861
  56.107035 2994.582624
  39.148240 2990.518731
  39.004593 2993.059488
  41.069387 2986.193196
  44.115514 2990.969263
  41.290869 2992.524252
  39.568743 2997.512943
  54.194171 2991.728003
  62.451746 2997.045028
  49.670646 2990.941173
  66.077262 2986.528826
  55.899819 2989.100992
  46.044767 2996.867953
  52.201062 2995.778610
  44.552343 2992.420320
  63.882166 2992.073725
  63.685070 2989.023548
  54.266888 2995.978473
  39.371156 2983.038977
  60.530707 2982.651131
  70.586324 2996.651972
  46.834220 2990.798688
  62.761869 2991.884113
  32.362887 2991.030731
  35.240447 2987.173571
  54.377319 2990.975333
  48.112495 2992.549520
  46.103670 2988.208054
  48.736110 2988.057015
  36.409226 2990.759722
  57.709933 2991.455828
  46.487635 2982.532124
  60.558771 2989.985479
  64.329088 2988.508692
  23.315890 2988.308927
  66.027916 2992.281022
  26.484865 2992.084295
  49.147834 2982.109360
  37.586490 2986.479120
  39.017958 2977.811411
  46.641592 2990.659698
  44.616287 2990.799739
  24.504910 2988.792512
  68.427547 2994.430338
  55.525837 2983.833891
  79.367499 2988.800508
  67.998332 2992.402456
  81.573080 2990.471849
  46.210385 2992.585672
  65.755064 2994.899176
  31.882410 2990.126306
  55.796109 2987.481138
  65.632973 2991.859293
  48.554210 2985.233521
  58.632965 2988.436286
  50.949445 2992.675749
  75.500620 2988.202937
  62.895351 2994.477944
  39.852101 2992.231345
  83.157764 2990.457321
  56.458996 2986.915259
  49.822519 2989.011606
  49.118351 2991.203768
  67.261779 2992.385744
  60.227827 2984.921686
  47.296167 2987.689052
  51.493814 2994.676874
  82.976737 2988.706045
  90.104034 2993.635708
  44.461463 2987.001043
  59.655027 2988.217281
  73.005291 2993.060702
  53.615362 2988.749946
  57.769933 2994.601914
  35.519977 2997.108343
  61.447894 2982.980012
  73.372356 2990.173626
  43.865759 2987.125333
  51.281860 2987.695897
  38.075513 2987.646915
  89.783832 2997.916543
  59.382382 2986.613063
  53.085751 2993.375519
  43.975946 2989.066758
  45.541660 2993.651640
  45.526608 2990.469538
  70.274722 2995.439063
  46.822494 2993.543801
  43.197390 2984.582152
  64.676774 2993.195305
  31.193872 2991.687758
  78.346976 2993.098852
  49.422852 2993.079770
  44.358254 2993.735811
  62.082747 2990.789749
  43.838728 2993.938752
  51.105093 2991.078258
  57.227560 2987.752446
  49.947614 2993.860189
  55.320813 2993.571590
  49.101114 2996.002847
  83.520578 2993.587346
  59.102030 2994.315093
  68.944042 2989.399413
  50.562968 2997.012345
  50.464059 2999.428488
  58.411646 2994.336690
  61.053734 2994.796145
  47.025067 2997.282951
  43.111154 2987.692640
  63.469893 2987.606436
  40.012343 2984.881476
  46.978896 2991.954416
  35.602600 2995.689247
  39.402430 2996.019043
  52.076952 2988.293842
  69.712375 2991.923582
  60.560603 2991.656438
  71.943532 2995.486566
  38.280834 2986.985350
  45.990049 2989.118637
  64.268562 2990.472089
  56.087319 2995.115609
  65.045767 2988.917043
  46.339704 2996.183191
  77.737664 2997.361488
  50.365124 2988.785520
  48.521676 2993.833176
  60.708161 2996.474373
  47.533689 2990.074923
  39.620967 2989.579950
  50.464100 2995.157968
  48.097212 2991.867923
  64.793027 2994.719801
  76.358957 2994.184893
  37.396551 2993.117415
  57.591337 2990.623279
  50.347401 2991.370644
  55.142065 2994.704021
  39.557459 2994.181554
  48.123604 2992.893573
  55.207111 2993.057570
  50.936629 2989.249539
  76.507277 2987.861261
  64.312101 2988.066341
  47.747455 2993.771201
  44.260150 2991.810713
  73.780313 2990.796549
  33.408319 2993.676114
  53.785131 2985.858354
  50.105685 2996.585985
  23.764032 2988.346198
  87.108967 2991.923288
  65.731163 2989.057202
  39.238232 2993.526403
  43.817631 2993.555717
  64.252967 2987.342432
  58.359143 2988.589544
  81.387472 2998.403158
  78.173766 2989.788928
  72.072150 2993.101848
  51.786167 2987.216894
  45.433055 2992.706989
  63.384255 2995.834654
  55.279650 2991.918681
  42.081864 2990.546588
  43.059935 2990.274802
  46.314334 2986.790233
  23.368352 2988.906444
  59.124180 2992.861324
  48.603172 2994.163977
  42.914304 2994.580792
  87.422587 2986.027749
  37.159498 2990.352306
  56.814932 2983.846246
  71.196645 2990.246935
  46.481611 2984.872375
  62.764014 2991.610622
  46.253561 2986.628605
  60.389180 2982.488600
  62.340209 2982.661701
  47.089252 2989.199056
  86.688942 2986.540386
  63.456585 2985.097898
  49.632717 2991.038929
  70.394275 2995.653579
  64.777956 2993.069632
  40.451403 2995.742825
  50.371130 2992.066517
  59.962835 2992.611074
  66.478681 2992.463956
  82.106731 2994.959344
  43.290207 2990.462791
  26.833578 2992.110726
  43.147262 2995.179105
  63.671745 2995.349174
  40.257407 2995.452423
  40.285884 2989.339674
  62.588788 2996.097315
  62.038439 2996.148723
  32.307483 2993.615946
  52.829124 2992.016268
  64.672812 2996.466238
  42.696699 2988.508985
  48.439254 2993.842923
  54.927823 2995.192820
  84.777612 2990.301680
  70.237589 2990.494060
  50.252692 2993.773049
  48.259464 2987.544738
  40.690634 2997.292564
  42.350289 2985.298886
  61.540404 2994.201299
  97.529572 2988.009725
  70.162134 2988.376161
  64.314948 2995.182272
  43.379338 2991.988007
  91.198300 2996.241150
  54.551672 2995.489223
  57.128367 2994.663248
  83.470060 2998.182161
  82.883532 2995.133781
 108.707075 2993.307942
 101.808097 2996.596215
  72.240735 2997.950353
  64.489872 2995.516799
  60.218419 2989.142660
  90.043672 2990.378390
  63.211700 2995.647478
  39.783009 2990.484931
  42.136898 2990.486346
  79.996669 2989.057926
  58.589429 2984.900665
  66.789636 2989.984846
  52.527200 2990.022710
  77.712878 2991.240907
  71.314082 2984.436732
  56.429932 2985.736343
  90.312645 2983.211777
  64.993990 2985.186123
  46.655947 2985.954215
  63.368369 2983.654874
  64.300883 2990.459748
  52.632702 2987.934692
  35.111229 2992.717498
  21.506186 2984.549642
  30.181085 2986.526195
  87.307594 2982.461911
  81.765961 2987.522881
  70.967791 2992.625187
  66.322871 2991.387901
  49.861759 2993.189487
  40.169994 2988.606423
  74.595255 2989.482856
  64.734697 2982.815103
  56.384573 2987.436775
  83.781103 2988.644996
  79.484208 2993.086426
  66.132466 2989.627617
  32.782748 2990.978162
  55.783436 2993.964320
  35.145095 2993.694784
  48.054452 2995.165703
  62.985395 2993.341079
  71.861766 2986.479436
  36.433015 3000.141931
  42.470478 2988.002748
  59.776929 2991.856676
  47.542213 2993.129715
  56.553010 2991.906166
  25.434394 2989.050102
  35.903749 2988.482499
  40.663606 2990.946503
  59.196257 2995.149021
  51.838700 2992.157204
  45.951315 2993.228444
  48.116033 2995.074414
  64.423781 2988.964416
  63.102042 2992.089631
  66.424330 2984.518962
  60.257197 2993.711021
  45.364973 2991.620806
  61.843869 2988.640914
  95.719712 2995.816390
  56.081245 2996.018986
  58.022122 2992.100645
  74.328988 2995.389659
  75.259341 2996.491993
  44.645801 2988.799610
  54.546222 2995.922124
  47.355562 2986.367169
  26.715988 2988.431335
  47.912868 2993.772795
  61.906700 2991.304388
  58.957293 2993.176948
  49.259436 2990.927712
  75.068776 2991.714611
  49.369372 2992.733573
  55.026700 2988.098271
  54.787473 2989.588618
  73.398228 2993.447101
  77.899783 2996.026658
  53.697804 2990.276149
  45.898455 2996.107351
  79.107254 2995.809799
  54.338180 2992.741863
  74.439210 2994.953233
  61.801660 2993.828565
  48.282059 2998.010904
  40.495045 2991.777328
  82.795962 2994.313615
  69.595142 2991.584447
  90.511873 2994.264664
 105.657193 2991.570891
  57.633168 2987.037138
  64.235915 2994.725538
  57.501179 2995.989543
 103.022682 2997.878832
  43.862427 2992.059822
  56.801151 2992.579817
  65.701094 2989.143531
  47.078402 2993.168466
  50.714315 2990.844757
  46.114931 2996.980739
  43.861827 2991.777284
  73.018559 2996.931933
  49.189192 2992.874997
  48.058726 2990.274041
  81.134614 2991.218359
  89.140490 2993.381755
  81.898987 2991.678889
  60.123268 2991.094707
  66.257000 2986.261904
  71.128075 2994.831570
  48.142601 2986.913652
  60.678937 2990.458920
  65.355931 2997.140083
  55.366393 2994.995895
  41.271193 2991.853787
  56.479240 2997.109512
  70.987189 2992.822230
  66.867994 2992.826697
  75.135620 2998.002684
  52.600861 2993.850207
  60.681336 2992.548658
  82.004401 2986.547279
  35.923392 2993.314570
  60.757025 2990.966348
  77.898074 2993.550103
  53.184432 2997.344078
  67.641896 2993.495230
  74.898538 2997.369122
  38.312320 2988.607674
  68.927330 2993.020195
  58.345705 2989.959987
  64.863048 2986.023408
  56.919014 2989.936633
  68.482851 2991.621606
  56.006872 2989.144631
  48.182102 2996.434889
  53.623341 2995.593850
  34.730934 2985.200107
  31.933508 2989.972757
  45.713733 2993.301319
  54.311049 2995.577344
  46.129768 2986.571498
  74.941443 2990.534280
  68.249525 2992.436259
  53.353600 2992.919850
  46.123184 2994.087882
  60.779019 2994.799805
  74.919033 2989.452352
  64.561325 2990.962558
  55.821743 2997.564358
  38.462784 2990.242856
  58.907451 2992.797643
  45.838433 2995.612437
  61.496164 2990.182280
  31.025916 2987.069274
  71.783620 2992.068902
  36.710516 2989.207359
  65.400777 2995.214855
  62.650455 2993.437739
  36.620886 2990.675788
  38.621287 2992.630774
  44.551556 2988.551095
  73.670965 2986.326509
  64.569075 2994.218914
  24.774807 2991.238799
  44.550935 2990.215254
  62.975299 2988.871832
  54.490733 2993.021846
  47.765827 2993.629751
  68.037515 2993.583248
  50.103681 2993.365016
  44.261563 2994.177029
  45.196591 2982.423175
  47.849046 2981.906354
  30.096129 2988.668825
  60.860095 2991.259909
  57.202666 2992.794700
  18.715584 2988.673532
  44.198223 2986.601970
  51.434144 2995.576031
  23.772405 2988.909838
  43.691388 2988.888605
  52.767977 2995.679841
  44.369299 2989.835798
  48.328695 2990.909062
  41.862852 2992.978230
  37.161310 2989.250062
  43.587230 2988.957217
  56.620549 2996.468252
  47.084638 2994.976534
  49.695852 2994.277829
  62.229424 2994.165966
  27.262198 2989.531229
  46.513733 2996.072631
  47.104493 2994.285614
  43.420681 2989.792717
  60.210948 2989.720789
  58.258517 2990.507594
  41.632945 2990.623644
  41.401010 2994.299348
  41.113235 2985.876183
  36.119015 2991.108929
  63.902867 2987.516843
  52.971969 2983.847168
  46.920203 2993.025946
  41.594463 2990.974342
  58.172707 2986.685624
  66.903124 2992.111884
  56.317257 2997.017119
  46.835166 2992.578352
  65.783071 2986.204968
  73.067809 2992.713641
  39.495950 2994.055270
  50.681555 2981.988997
  57.651857 2992.641773
  67.845024 2991.039776
  53.091101 2992.849488
  52.990415 2991.543280
  51.026037 2994.466148
  61.956192 2993.518585
  48.537355 2989.205823
  83.785880 2999.356050
  48.026656 2995.592564
  52.493172 2993.431650
  43.285524 2982.707165
  54.513988 2994.250114
  65.049483 2995.624955
  40.558342 2998.804695
  36.027052 2985.498499
  73.247294 2995.095285
  61.685751 2993.623229
  50.822601 2993.513223
  25.778620 2987.803057
  58.714772 2996.690736
  66.616274 2995.932768
  56.426204 2993.590841
  33.422624 2991.517337
  39.580828 2990.947346
  45.682275 2987.496540
  64.777691 2993.362196
  87.823851 2990.869216
  53.806290 2989.794523
  57.580256 2993.568812
  45.529284 2991.620786
  43.059257 2992.219121
  61.581832 2986.768848
  77.257379 2993.606871
  79.469070 2991.572269
  56.831839 2995.452733
  39.478813 2989.549363
  51.291353 2989.778426
  49.766610 2989.301990
  56.365352 2982.464601
  52.408994 2990.575716
  43.358868 2988.412591
  48.288858 2986.573507
  41.706941 2992.018042
  35.639206 2987.812668
  49.647069 2989.827608
  73.289297 2981.708152
  79.207112 2991.303277
  77.187518 2991.544045
  58.056136 2994.286189
  55.659486 2990.524770
  43.311821 2993.887525
  51.442015 2987.618948
  65.883537 2994.922924
  56.709762 2993.574656
  54.023722 2990.580948
  68.133046 2988.698813
  65.317226 2993.536256
  36.402194 2987.615155
  50.358760 2993.627658
  61.217368 2989.215832
  63.146512 2993.913995
  44.431800 2994.317234
  74.932311 2995.842578
  50.722434 2992.251919
  50.469252 2999.083786
  66.467858 2995.718505
  54.472465 2990.380894
  57.432774 2989.823831
  64.914295 2996.715052
  54.675374 2990.344151
  47.485529 2991.456183
  67.933212 2995.617526
  61.226591 2995.861316
  62.330351 2995.768790
  61.043174 2988.562018
  37.991913 2988.222391
  50.398109 2992.525315
  47.907810 2993.130425
  41.761937 2990.552720
  71.361717 2987.193805
  44.880245 2985.810810
  68.455211 2990.736083
  57.879282 2993.291614
  80.925918 2986.074973
  74.740570 2990.847356
  74.722699 2998.137541
  78.156194 2989.557153
  59.056722 2992.265685
  45.690066 2991.900183
  49.805473 2990.439703
  66.519383 2992.357264
  50.986839 2993.403308
  46.487094 2992.979987
  38.902682 2990.462011
  67.456037 2988.661177
  61.317827 2993.761272
  64.276925 2996.220372
  39.109943 2994.140006
  47.031844 2994.730974
  49.588853 2985.983259
  67.703686 2988.910278
  48.201354 2991.833141
  65.314799 2990.754041
  73.241134 2987.866489
  45.232666 2980.958747
  55.002142 2997.836658
  79.541625 2991.415877
  59.616931 2994.647999
  59.481598 2996.071615
  61.562888 2991.384735
  86.775768 2995.873377
  50.608929 2988.552930
  36.817497 2985.878138
  64.150605 2983.949349
  41.007223 2983.576693
  57.535682 2994.852489
  30.101038 2991.525669
  28.612339 2991.885928
  60.873284 2993.898207
  61.970923 2993.339522
  60.011079 2983.986593
  50.314294 2987.571020
  58.596734 2985.657292
  43.437938 2991.943695
  51.093857 2992.642764
  55.349575 2989.412570
  85.860492 2991.423817
  73.392825 2987.095810
  67.518032 2992.694202
  68.441982 2987.352730
  70.874907 2990.975888
  72.343273 2985.113215
  33.682611 2988.160504
  54.956345 2994.451185
  48.834083 2988.663989
  47.961636 2984.099640
  47.861500 2988.928034
  52.829064 2994.074350
  66.710922 2987.341457
  42.844950 2989.819510
  82.565680 2996.123593
  64.997343 2996.906350
  33.698604 2997.307502
  61.402389 2995.008456
  82.074893 2994.969273
  57.531001 2994.920674
  82.568145 2997.914920
  68.218083 2992.425772
  56.995394 2987.680518
  44.672488 2990.322178
  45.849777 2992.178069
  39.852458 2996.329015
  39.236019 2991.014754
  51.537633 2990.716334
  31.936062 2991.244860
  50.024025 2997.772854
  50.261510 2984.226178
  51.591906 2994.638775
  60.784567 2990.686544
  41.788249 2989.474610
  54.593498 2990.380146
  67.689797 2995.421455
  69.892428 2991.947968
  69.798681 2993.888766
  51.539273 2991.283176
  38.244225 2991.737971
  32.125493 2989.820841
  36.280698 2993.118999
  49.088074 2987.295478
  34.147437 2991.705273
  56.122069 2993.154055
  31.680778 2991.958496
  50.470855 2993.685229
  63.319038 2988.737118
  56.173434 2987.645601
  60.523174 2987.474071
  42.363666 2989.651462
  49.278212 2988.005500
  41.242089 2996.130001
  43.151562 2989.048607
  45.637432 2997.391014
  51.467701 2996.288488
  49.025598 2990.126750
  78.501470 2997.841445
  59.080601 2995.270423
  63.810232 2990.827089
  62.943952 2994.405419
  58.330561 2991.073378
  74.523477 2987.925176
  34.927846 2993.923656
  94.233614 2997.574011
  77.419755 2996.838263
  36.043844 2992.261483
  44.897791 2990.483449
  30.114905 3000.519913
  74.296018 2997.033318
  92.682289 2994.265524
  61.605365 2991.864238
  57.597381 2988.564964
  36.552970 2987.782025
  50.014757 2988.197390
  53.917760 2994.565971
  61.799411 2990.543460
  67.370562 2992.051039
  36.214255 2996.375229
  78.708002 2998.220086
  96.321577 2997.202967
  41.182516 2991.771104
  40.071983 2990.123759
  53.730606 2994.365551
  45.268879 2992.572402
  62.220723 2994.791692
  84.711767 2994.016125
  65.304551 2985.869867
  60.780188 2990.041801
  77.009734 2992.252605
  33.821032 2984.179234
  54.960645 2997.357646
  64.714057 2995.476094
  55.610805 2991.912311
  48.388503 2989.404784
  58.168093 2994.912000
  74.429498 2999.522048
  50.532942 2986.459231
  49.548424 2990.851312
  40.739215 2987.549051
  41.546946 2988.638466
  63.351526 2995.391495
  70.274116 2994.030981
  40.184606 2993.016690
  48.953545 2991.083135
  56.522710 2986.123881
  36.594651 2993.114946
  26.781975 2991.810144
  72.127327 2992.382319
  61.378894 2993.742548
  68.929763 2993.200237
  74.259561 2989.382851
  41.212340 2991.158188
  38.031168 2981.893305
  54.455306 2987.284654
  37.387035 2988.763463
  60.412900 2988.108882
  62.191549 2995.815014
  79.912185 2993.520302
  66.199576 2989.066747
  63.471630 2986.973694
  33.241936 2987.348690
  35.019531 2990.787206
  46.827672 2983.108167
  67.518617 2986.325207
  46.582430 2993.933916
  81.381983 2989.574785
  74.557712 2988.526201
  67.796515 2993.168476
  61.497240 2993.024041
  43.457388 2987.697696
  39.147115 2990.508612
  18.981294 2986.562556
  41.472285 2991.008258
  48.386888 2992.241376
  40.520779 2996.260325
  47.401960 2991.995818
  33.456902 2982.805856
  65.418417 2989.188279
  65.258346 2994.596380
  43.551463 2992.221182
  37.071209 2996.893626
  68.150660 2997.035063
  60.984439 2993.585741
  40.041906 2988.532202
  48.136723 2994.237393
  60.273698 2991.246691
  69.262606 2995.499416
  44.703885 2992.493609
  61.138830 2993.498304
  48.335992 2988.027433
  58.547907 2988.824939
  42.790202 2985.916459
  65.930428 2993.414869
  72.619399 2998.356148
  67.273556 2991.313812
  54.806921 2983.306249
  62.611592 2994.057036
  61.310024 2993.480664
  57.854400 2985.740620
  63.935272 2998.714341
  69.712230 2993.554829
  81.629327 2994.005072
  71.795774 2993.564046
  62.374920 2992.939366
  71.645845 2995.764958
  52.716116 2994.778951
 102.369913 2998.903941
  60.783259 2998.478760
  51.157849 2990.404474
  53.139989 2993.355914
  73.755166 2991.346144
  56.084604 2996.102399
  44.535713 2994.532496
  69.898482 2989.059140
  72.378713 2994.272940
  56.607340 2993.814014
  32.206679 2986.366217
  72.171143 2991.406771
  54.639302 2984.491729
  61.970297 2987.921458
  72.373492 2991.292645
  57.863161 2993.830703
  52.246468 2992.065787
  63.608182 2993.366750
  51.951634 2991.954842
  57.779004 2994.838551
  50.016977 2987.119463
  66.090361 2996.287595
  40.046357 2988.797337
  49.753943 2993.841240
  56.506129 2991.361571
  56.391974 2993.600981
  65.352786 2992.941494
  79.257583 2993.889211
  48.953062 2990.988720
  34.822935 2994.644039
  45.318206 2990.008441
  40.255219 2992.025100
  69.778584 2986.315009
  66.389247 2994.393227
  37.493641 2991.918517
  45.432584 2995.545452
  68.795792 2996.321310
  56.209253 3000.012635
  57.642632 2992.747825
  77.509802 2980.432957
  88.282135 2988.992319
  51.943381 2991.707229
  37.795886 2995.269824
  41.785725 2985.679624
  65.475689 2986.771008
  65.602905 2989.260204
  60.757280 2993.521556
  63.311888 2989.717036
  58.041912 2995.329554
  72.106828 2997.122540
  33.595594 2990.138981
  48.037596 2993.429222
  33.116407 2991.711897
  33.029509 2993.222391
  63.075820 2989.637431
  45.885016 2990.048777
  60.488945 2993.392228
  42.598005 2994.895345
  45.911789 2994.620975
  51.334260 2994.646293
  59.842173 2994.883269
  42.965207 2983.368598
  60.477722 2989.054628
  48.563752 2996.148335
  57.517768 2991.713404
  71.962570 2991.038116
  73.157744 2996.137014
  52.505359 2994.220384
  46.277388 2995.991874
  40.060782 2991.473437
  55.584075 2993.262124
  22.014024 2994.732773
  71.667671 2995.799046
  57.244883 2995.813289
  57.303327 2996.404462
  54.909452 2991.592631
  54.828831 2991.406561
  70.950612 2995.079633
  53.254488 2990.232310
  54.430550 2987.119027
  65.606360 2986.350984
  45.892797 2993.264582
  52.571452 2990.902079
  39.403769 2985.253742
  54.475020 2995.124624
  64.941048 2992.955260
  89.411316 2988.633688
  71.118465 2993.921458
  40.586137 2992.806102
  62.493967 2992.799936
  33.805076 2992.342241
  53.553657 2992.345198
  86.559208 2991.815436
  58.270976 2992.750804
  30.497145 2995.380994
  56.264432 2991.433889
  48.867466 2990.414763
  66.502086 2997.814479
  56.712956 2994.836251
  60.588442 2996.360765
  73.700994 2991.658726
  70.522954 2993.716674
  82.631721 2994.306042
  85.041020 2986.504573
  43.119691 2998.497234
  58.426660 2996.365163
  49.151040 2995.849866
  61.489038 2987.929574
  50.351005 2987.759600
  54.251159 2992.272847
  33.439372 2990.260262
  28.677856 2989.535494
  40.908644 2993.509675
  79.765792 2987.532102
  70.252606 2992.537734
  44.487511 2993.132868
  73.282128 2995.393762
  63.514221 2990.832381
  80.552652 2989.529186
  40.211986 2991.068034
  41.901168 2994.229603
  54.672183 2992.167289
  53.522462 2992.072593
  62.056101 2992.853590
  54.375419 2990.855908
  62.456395 2995.162162
  63.073560 2993.687287
  92.544560 2997.264939
  33.643276 2993.919777
  53.190877 2992.280362
  54.698689 2992.806138
  63.759376 2991.810075
  64.248873 2991.890578
  65.679521 2993.507200
  61.064189 2993.513534
  40.985437 2996.117528
  67.454564 2991.479797
  92.046700 2991.714117
  75.653429 2985.680358
  53.755998 2981.252924
  57.267135 2992.243507
  50.098564 2995.056287
  33.559062 2992.149687
  72.568472 2989.694263
  34.725418 2981.359803
  62.290198 2993.216491
  54.761846 2989.076127
  88.215885 2990.034377
  86.238851 2992.384530
  53.666413 2991.237642
  90.748098 2982.066575
  50.575878 2989.779276
  42.219609 2989.652574
  37.798781 2988.527136
  80.155609 2993.019356
  50.474756 2990.325810
  82.164737 2993.860802
  33.987069 2995.022324
  59.726610 2985.371231
  57.755518 2991.361122
  83.261885 2988.638761
  65.787398 2992.319717
  74.561213 2993.195797
  51.319047 2995.050263
  52.201967 2989.610082
  64.066291 2995.442178
  60.398576 2991.423815
  43.971930 2995.778314
  60.367509 2989.808024
  57.131453 2992.734423
  68.580282 2997.273494
  79.079174 2997.620190
  58.089185 2990.749184
  66.524455 2991.053617
  64.550144 2990.442564
  56.282725 2993.271046
  35.172521 2988.487019
  35.896643 2988.631217
  59.508462 2985.782213
  63.425345 2994.347234
  57.057116 2988.151395
  52.590842 2995.398996
  56.283550 2989.262062
  41.420278 2987.793959
  85.811017 2996.792597
  72.754421 2994.871915
  48.756349 2993.252560
  52.900986 2994.504829
  89.933277 2993.766615
  71.706242 2993.472578
  89.051345 2995.587628
  92.150688 2993.111407
  67.389541 2992.187056
  56.895459 2995.387266
  55.489076 2997.652264
  30.660891 2994.525815
  41.344887 2989.422399
  52.354309 2989.957012
  83.122688 2994.521809
  65.320747 2995.615070
  48.087832 2983.704546
  40.193680 2996.524802
  53.288961 2998.157581
  47.030302 2995.703964
  59.683745 2995.735687
  48.935766 2994.719372
  60.863758 2987.569754
  49.546392 2990.819579
  75.716972 2984.431276
  81.772314 2983.128456
  63.535552 2994.618398
  58.121277 2987.853458
  56.987821 2994.847089
  60.259319 2992.741387
  53.332931 2987.917441
  76.856309 2992.678945
  46.191502 2989.363726
  60.880791 2997.325167
  40.056851 2988.773648
  40.884905 2991.199361
  52.162708 2991.352517
  67.065074 2993.873323
  51.123939 2999.196473
  32.500486 2987.482270
  46.559544 2994.646013
  54.566904 2994.062115
  58.605711 2994.253464
  63.144971 2991.694016
  61.044189 2994.561750
  44.357318 2990.461495
  55.310507 2987.766744
  48.284106 2988.697585
  52.886938 2996.580441
  46.850895 2997.578490
  70.163746 2993.340916
  76.720097 2989.027118
  48.658061 2988.511427
  49.279056 2992.949519
  43.612782 2990.498512
  31.667045 2992.935897
  47.738751 2992.938311
  69.895380 2991.246790
 103.190658 2991.710147
  79.915889 2994.590863
  66.937356 2989.416816
  83.348980 2993.842377
  66.012282 2994.677043
  31.438106 2992.626268
  42.715730 2987.817849
  49.481179 2987.265718
  52.285993 2990.737986
  31.639564 2986.473478
  69.083964 2991.987632
  51.802595 2987.745501
  47.703964 2991.808734
  51.326420 2991.628334
  38.609925 2982.088900
  52.470210 2993.786526
  46.406269 2991.554039
  58.693559 2994.167300
  72.628073 2990.049640
  59.238465 2995.475903
  45.512913 2995.339900
  40.270682 2987.676674
  50.007399 2985.346718
  49.952513 2991.876645
  46.799126 2987.452774
  32.614522 2989.196865
  44.157134 2987.516804
  46.257467 2993.881455
  47.218034 2996.132324
  61.589841 2985.536680
  88.636183 2989.013013
  37.510553 2991.106200
  44.265219 2984.694115
  32.764084 2989.704043
  44.570348 2982.013517
  63.525208 2985.340107
  39.372498 2986.505211
  48.987412 2994.621404
  59.511589 2989.513374
  51.105988 2993.345433
  62.809290 2994.439364
  59.252420 2996.002076
  47.846791 2995.079783
  58.507506 2992.236274
  62.406319 2992.343031
  60.553120 2992.518929
  50.708523 2981.692573
  30.142743 2984.282080
  49.984486 2989.330674
  21.423387 2990.613755
  33.132602 2987.385917
  30.408872 2988.054329
  37.838599 2987.818004
  50.402765 2992.530542
  77.112747 2993.477562
  57.627848 2995.505847
  36.792899 2990.156780
  49.991322 2990.320961
  45.906456 2988.981907
  53.026005 2990.892480
  55.774966 2992.189801
  56.035983 2990.936613
  48.587689 2991.057838
  71.975630 2994.118416
  82.376974 2986.915954
  45.220949 2993.233580
  63.300255 2992.556117
  37.707975 2990.924482
  50.160351 2985.146515
  58.281449 2991.101457
  44.315367 2991.723404
  45.536358 2989.168761
  37.607160 2986.531298
  68.340765 2997.638523
  43.242166 2989.237042
  64.978494 2992.191090
  71.404330 2993.446496
  74.886518 2992.811565
  69.529794 2986.147437
  68.666116 2991.061786
  85.039282 2992.797461
  38.987740 2991.278196
  59.835579 2993.680593
  59.958210 2991.568406
  46.210225 2986.755912
  52.021317 2989.313623
  45.242471 2991.790555
  54.253301 2992.571059
  68.603108 2994.522345
  64.421122 2992.670779
  68.804880 2990.564711
  45.537792 2995.958678
  54.779683 2994.236835
  57.966962 2989.099671
  38.589002 2986.541218
  61.797455 2983.800829
  63.739817 2990.977283
  51.642904 2994.273752
  37.070263 2990.126811
  73.991800 2989.124074
  35.794690 2988.125817
  31.931049 2990.660000
  82.628613 2980.224925
  55.067897 2988.230987
  61.905143 2988.228933
  67.966673 2991.076417
  45.100239 2994.039285
  40.216108 2992.038907
  36.958117 2994.470560
  38.838406 2999.211927
  54.017789 2993.892713
  34.509264 2990.368243
  21.360991 2989.478902
  21.143375 2988.284464
  28.071185 2991.814558
  36.888167 2994.544037
  40.833608 2999.064939
  54.977137 2991.730389
  43.337713 2992.659085
  80.723478 2992.851492
  67.403747 2998.131614
  59.235042 2993.677282
  47.368925 2990.169903
  44.294868 2993.699449
  36.206806 2994.151982
  47.192023 2992.038035
  46.830393 2988.082356
  63.037769 2996.201315
  46.784784 2995.997356
  61.355903 2995.207179
  61.896359 2993.441319
  59.782121 2986.294374
  61.878748 2995.798565
  45.636731 2991.423359
  64.306047 2987.048517
  40.501159 2990.669525
  46.218988 2994.198115
  45.960326 2991.969062
  68.109253 2992.370887
  63.335014 2995.299078
  56.358182 2987.312419
  54.891892 2991.056358
  53.017544 2986.331941
  50.914991 2989.702121
  45.945073 2989.443368
  50.468620 2990.999617
  63.725768 2991.976117
  44.409723 2986.035711
  30.634428 2992.662565
  33.167977 2988.075729
  28.841373 2987.696658
  38.820221 2988.760162
  54.087080 2992.961345
  61.906767 2987.298843
  43.157913 2991.699976
  46.540371 2987.636810
  78.877425 2993.035090
  80.203328 2991.202862
  58.498956 2993.983712
  50.291585 2991.321088
  68.785530 2995.746020
  39.120416 2985.873130
  37.866488 2985.394413
  53.082436 2992.437492
  33.171000 2992.719412
  55.797688 2994.012004
  65.463762 2997.589743
  57.466129 2998.184599
  66.568209 2992.612603
  53.705755 2996.998737
  60.918168 2987.998807
  60.578046 2987.271462
  59.588541 2992.004429
  50.874133 2998.269916
  34.826487 2994.063943
  33.116392 2981.134575
  51.679851 2983.045874
  61.862799 2989.012658
  36.578233 2984.788460
  63.927246 2992.588209
  45.872270 2993.003938
  41.892739 2990.996094
  70.953394 2996.446199
  89.555877 2995.320877
  51.740497 2996.820993
  60.226820 2996.706385
  52.999228 2991.522054
  86.475498 2988.688920
  91.541332 2989.299206
  75.794848 2994.017064
  70.307097 2991.990118
  66.917895 2989.910253
  62.783858 2985.403060
  65.464933 2992.596813
  65.702161 2992.251527
  22.994197 2987.426331
  53.241203 2991.132623
  64.282093 2984.891528
  37.536113 2986.438919
  34.265565 2988.795330
  51.087090 2994.042028
  35.468698 2991.028802
  26.992125 2988.335170
  57.963363 2992.420667
  49.309718 2993.283399
  53.847909 2992.643894
  37.460803 2992.283296
  61.629787 2989.831787
  39.339444 2993.440361
  49.804630 2994.268715
  76.750668 2993.378522
  61.879820 2986.577616
  50.056516 2991.968489
  47.412369 2991.098623
  42.292873 2988.856065
  42.951866 2985.168125
  55.041966 2994.493393
  43.052490 2991.610995
  55.954239 2993.830029
  24.522199 2989.070049
  44.839225 2990.823992
  51.246147 2993.913452
  62.708176 2991.073569
  67.539001 2992.080456
  50.627058 2989.611461
  60.587720 2993.019929
  61.584131 2991.297563
  47.970651 2990.419174
  68.882374 2997.559691
  59.196766 2994.248298
  30.461466 2995.260132
  36.702441 2989.853057
  58.076436 2997.891101
  39.473244 2995.707720
  70.604698 2991.341660
  52.927456 2995.462660
  66.083087 2997.229179
  58.187309 2987.748239
  55.267406 2993.108422
  54.288684 2997.083134
  53.423650 2992.411093
  54.288277 2993.194044
  41.016107 2995.629250
  65.196399 2991.783625
  48.413852 2993.501171
  53.970461 2991.426936
  82.605533 2983.547754
  84.825520 2995.226131
  64.324343 2991.664087
  63.506930 2985.641185
  56.455507 2995.941192
  62.753194 2989.564919
  58.009079 2990.576349
  42.281867 2986.308683
  54.876940 2993.262797
  66.099955 2992.562214
  46.140709 2993.987054
  56.728951 2993.649853
  38.949066 2998.981457
  62.460235 2990.268080
  45.082118 2988.688208
  77.033931 2991.221933
  82.372960 2995.339644
  66.013153 2993.925067
  81.513623 2994.282380
  50.150855 2996.007823
  73.322406 2989.559788
  55.341290 2993.633218
  73.553920 2990.292544
  57.650890 2985.000482
  40.329014 2993.118369
  39.659159 2993.077002
  59.437448 2995.904824
  51.020234 2987.976650
  44.218707 2988.583579
  56.648359 2990.716236
  50.309527 2996.104235
  42.589606 2988.908302
  49.689338 2991.381674
  66.852611 2991.897086
  56.966267 2990.313407
  52.686542 2996.094593
  52.000509 2993.783836
  52.651329 2995.024227
  55.399385 2994.166764
  41.666677 2992.942454
  63.047207 2991.832782
  45.163128 2987.796618
  71.247883 2999.775859
  61.810251 2995.613713
  63.897047 3000.929330
  59.031663 2989.014994
  51.648627 2989.887260
  59.047926 2987.848607
  60.587635 2992.099207
  40.431481 2991.962800
  65.052545 2995.834777
  54.363018 2997.705922
  65.583874 2993.115240
  96.933362 2994.873173
  79.280009 2993.972805
  91.925737 2987.042626
  59.681379 2994.858745
  75.205247 2992.881284
  58.027949 2992.402471
  40.991570 2993.049368
  62.023279 2993.466770
  38.185715 2994.906565
  61.447347 2994.935516
  69.619086 2993.374312
  48.782077 2990.009840
  46.735687 2996.009361
  67.553631 2987.793008
  38.556011 2991.744470
  62.782706 2992.712653
  66.499414 2993.016632
  81.074323 2996.384510
  41.187399 2993.526211
  58.627775 2988.786261
  65.266502 2992.659827
  53.041297 2994.762359
  45.593306 2994.105172
  45.270027 2993.498225
  40.187363 2992.990736
  40.493258 2995.554599
  38.432549 2987.872620
  40.472204 2988.177874
  27.950192 2990.765463
  74.527080 2993.943583
  54.859569 2984.422959
  59.575283 2993.538589
  63.992783 2997.427293
  41.369482 2987.602763
  47.284271 2992.532708
  50.215496 2994.584348
  63.319432 2988.625899
  74.333463 2995.604097
  56.851092 2989.424647
  74.763617 2984.398600
  53.162078 2986.300814
  69.359524 2987.306016
  41.326467 2982.492051
  54.279303 2991.354214
  34.181031 2982.803215
  41.640776 2991.789474
  55.343640 2987.175726
  55.711424 2986.461035
  43.082925 2979.063056
  60.525194 2978.326884
  63.770135 2986.957428
  49.287759 2989.573176
  70.117491 2993.363651
  42.917105 2989.901855
  62.030103 2990.388021
  63.453963 2981.709569
  52.764752 2991.454385
  47.144787 2986.161091
  80.846161 2988.171165
  35.025222 2985.378878
  22.529351 2991.843395
  31.822644 2989.902878
  62.560052 2988.903310
  46.934258 2989.261659
  59.482602 2993.746867
  63.995578 2988.691185
  71.841273 2998.139230
  61.560820 2995.739435
  70.784586 2994.569459
  65.728327 2991.603294
  40.761453 2994.667268
  43.390195 2998.422640
  43.025368 2995.583238
  50.199756 2991.949347
  61.531330 2994.909162
  80.231822 2992.067398
  53.169640 2982.760568
  39.227674 2992.662089
  57.215227 2992.491556
  74.098067 2992.531162
  68.913578 2990.893639
  40.120534 2991.013640
  59.480084 2991.573645
  40.618075 2988.774208
  48.634801 2992.984327
  41.934607 2984.315200
  65.355578 2994.935150
  43.287555 2994.463407
  49.178712 2991.030041
  50.541180 2989.273957
  57.116252 2990.886279
  41.704386 2994.745885
  72.234315 2989.353170
  36.173538 2989.696828
  24.863660 2992.407761
  45.677054 2987.190172
  47.195924 2990.777254
  55.340229 2989.983463
  67.175754 2996.207590
  84.219827 2991.428190
  59.800262 2993.208468
  64.606696 2995.303264
  68.149846 2997.413250
  47.672398 2986.594926
  64.525355 2994.446348
  56.516240 2987.779740
  72.588771 2993.737767
  42.554768 2987.011109
  57.150234 2986.990044
  54.002760 2989.487631
  37.112342 2989.714238
  47.868047 2989.613758
  55.286781 2994.001419
  54.026316 2992.746715
  63.009086 2995.647887
  70.051308 2993.693962
  83.568623 2992.332015
  76.669272 2990.906695
  49.388430 2992.349936
  49.979094 2990.934570
  37.743389 2997.275012
  47.521819 2995.730358
  33.474908 2992.108070
  75.354161 2996.875380
  34.951614 2995.481512
