-0.037183  0.943451
 0.081055  1.559117
 0.000537  2.403256
 0.068383  1.115700
-0.028830  2.333984
-0.212160  1.106249
-0.144447  2.497969
-0.218757  1.482739
-0.183870  1.896399
-0.271900  1.712245
-0.289307  1.503307
-0.120496  0.941009
-0.213258  1.307575
-0.361600  1.599406
-0.333705  1.109606
-0.183396  1.558431
-0.276528  1.639419
-0.511520  1.428446
-0.566776  1.213951
-0.682907  2.107223
-0.583024  2.437610
-0.770923  1.248767
-0.353667  0.812314
-0.390266  0.722715
-0.398585  1.627540
-0.411966  1.229602
-0.378071  0.742194
-0.396778  1.468555
-0.435800  1.178092
-0.385592  1.236971
-0.416372  1.051394
-0.235887  1.300698
-0.073412  1.540150
-0.027334  0.842276
-0.195875  1.050094
-0.283918  1.580922
-0.345952  1.062195
-0.334169  1.330051
-0.145629  2.296491
-0.219229  1.059206
-0.421808  0.767021
-0.319821  1.044055
-0.528713  1.118547
-0.474709  0.999900
-0.618102  1.327438
-0.659005  1.627920
-0.558625  1.014435
-0.590759  1.130145
-0.599496  2.235798
-0.689997  2.247105
-0.761217  0.797395
-0.731415  2.156267
-0.461810  1.302707
-0.494361  1.745019
-0.379272  1.296561
-0.474011  1.071645
-0.568199  1.332997
-0.533462  1.615513
-0.439493  1.541282
-0.535490  1.696976
-0.551696  1.848382
-0.605614  1.425853
-0.500982  1.904699
-0.379278  0.951806
-0.430985  1.256509
-0.136060  1.054499
-0.022483  2.127901
-0.072749  1.755878
-0.138175  1.082178
-0.270066  1.141914
-0.145962  1.692834
-0.323292  1.141012
-0.523319  1.584286
-0.377165  2.605522
-0.443867  1.680443
-0.503365  0.807705
-0.763390  1.644721
-0.622484  1.497341
-0.540565  1.569392
-0.476888  0.965490
-0.366309  0.700327
-0.286443  0.954819
-0.389705  0.962483
-0.256009  0.816184
-0.371108  1.304184
-0.413401  1.032329
-0.268741  0.978742
-0.326944  1.098574
-0.203022  2.468027
-0.196536  1.403484
-0.199755  1.264529
-0.340189  1.375271
-0.255777  1.647857
-0.168424  0.862428
-0.158516  0.926781
-0.166029  1.392007
-0.217012  0.970002
-0.230576  1.323409
-0.226895  1.390166
-0.132848  1.401746
 0.014601  1.016773
 0.093030  0.916139
 0.146569  1.145392
-0.057465  0.739509
 0.007020  0.901554
 0.048187  1.589791
 0.166961  1.076173
 0.205483  1.410208
 0.093081  1.040474
-0.018070  1.822054
-0.042764  1.766534
 0.071539  1.346200
-0.076751  2.320484
-0.065409  1.501734
 0.015500  2.513140
-0.013816  1.029749
 0.071465  0.814145
 0.141153  1.311632
 0.094453  1.418954
 0.129674  1.651078
 0.212548  0.979473
 0.158177  1.401530
 0.229457  0.618646
 0.307640  0.994872
 0.181307  1.313490
 0.197593  1.326323
 0.107881  0.838947
 0.142380  1.431985
 0.183293  1.178804
-0.057546  1.477324
 0.038842  1.163550
-0.141043  1.512628
-0.031069  1.536625
 0.158073  1.014418
-0.095422  1.025201
-0.157348  1.427489
-0.145518  1.476175
-0.156537  3.436978
-0.193444  1.383997
-0.117530  1.265605
-0.083336  1.278166
-0.179234  1.470617
-0.076685  1.136106
-0.260898  1.405963
-0.338468  1.473176
-0.288152  1.801032
-0.238631  1.435216
-0.413545  1.240304
-0.469746  0.919261
-0.445282  1.458910
-0.332512  0.731397
-0.310560  0.739486
-0.284652  0.758854
-0.062919  0.876701
 0.139708  1.476793
 0.062187  2.482431
 0.063210  0.579221
 0.090161  1.082376
 0.181347  0.687417
 0.213218  0.813953
 0.250442  1.145900
 0.361219  0.949968
 0.019723  1.579740
-0.182099  0.850798
-0.124651  1.830284
-0.223247  2.134032
-0.155402  1.438015
-0.156694  1.280670
-0.149528  1.757721
-0.038179  2.071734
-0.063626  0.864106
-0.024199  0.750667
-0.068539  1.098675
-0.067706  0.843958
-0.027114  0.816245
 0.045475  0.943386
-0.102025  1.358480
 0.024321  1.365949
-0.159549  0.947749
-0.246029  1.123821
-0.245777  1.216295
-0.301286  2.285319
-0.232794  0.792684
-0.197836  0.610910
-0.155348  0.923974
-0.229613  2.420448
-0.220303  1.425247
-0.343368  0.746018
-0.429166  1.004080
-0.467319  4.893170
-0.285338  0.843013
-0.238635  1.436399
-0.272189  1.142745
-0.379026  2.238024
-0.293368  0.717733
-0.355663  1.187102
-0.273280  1.012182
-0.207523  0.935886
-0.119043  1.645668
-0.235387  0.626065
-0.267669  1.096466
-0.390315  1.680736
-0.341173  1.441905
-0.308607  1.653560
-0.146019  1.172813
-0.163010  0.796189
-0.199697  1.550292
-0.238356  1.176140
-0.274998  1.175111
-0.264258  1.281808
-0.218236  0.867414
-0.275919  0.979916
-0.388193  2.868570
-0.250811  1.128781
-0.393149  0.718185
-0.454365  1.356929
-0.385681  0.738849
-0.471686  1.290807
-0.661599  0.929241
-0.678296  0.798717
-0.513155  2.738673
-0.603679  1.186832
-0.627786  1.327274
-0.590708  1.986015
-0.578854  0.945199
-0.531230  1.109358
-0.594785  1.426397
-0.404619  1.171728
-0.320142  1.316990
-0.387333  0.990494
-0.379551  1.175623
-0.251588  1.014038
-0.300823  0.910642
-0.483915  1.837874
-0.595218  1.690840
-0.693742  1.809175
-0.716129  1.658100
-0.622599  1.353503
-0.600708  1.406551
-0.324943  2.081696
-0.431038  1.596972
-0.430389  1.232741
-0.569251  1.004019
-0.369186  1.819454
-0.349907  1.066461
-0.505189  2.332800
-0.308997  1.300565
-0.016312  1.226058
 0.093894  1.264653
 0.190111  1.174127
 0.236688  1.398591
 0.189658  0.620180
 0.157605  1.245943
 0.111426  0.844407
 0.109461  0.948736
 0.054267  1.229267
 0.040368  1.223404
 0.145258  1.209552
 0.225955  0.836321
 0.249189  1.367613
 0.191745  0.585314
-0.050059  0.858150
-0.038961  1.592945
-0.015592  1.870923
 0.230907  1.656636
 0.194480  1.018187
 0.307731  0.667832
 0.286674  0.934118
 0.313470  1.265857
 0.192819  1.474729
 0.371895  0.699085
 0.276337  3.904078
 0.165185  1.101077
 0.225300  1.122061
 0.114708  1.338997
 0.108653  1.605829
-0.067883  0.533410
-0.019875  1.128478
-0.094489  1.262681
-0.264917  1.695997
-0.233167  0.683291
-0.097825  1.113912
-0.178164  1.262107
-0.034426  1.380772
-0.128650  0.501334
-0.184628  1.018507
-0.182775  0.766724
-0.361758  1.292612
-0.563707  0.878923
-0.470196  1.359027
-0.418738  1.071174
-0.328786  1.227955
-0.481118  1.393934
-0.377933  1.669562
-0.296636  1.025418
-0.356573  1.736596
-0.434744  1.092690
-0.396071  1.188447
-0.296915  1.496652
-0.220946  0.908407
-0.275015  1.346152
-0.194337  0.885707
-0.321584  1.417467
-0.309934  1.785661
-0.195846  1.196748
-0.167010  1.539838
-0.229381  1.162431
-0.196764  1.220595
-0.419813  1.018812
-0.320839  0.682058
-0.416006  1.279377
-0.421901  0.923539
-0.211629  0.708798
-0.405318  0.717154
-0.236655  1.017385
-0.304592  1.569993
-0.100100  0.907952
-0.059015  1.275899
-0.200636  2.026605
-0.229827  1.465845
-0.107431  1.074893
-0.196490  1.269499
-0.223710  1.625319
-0.162688  1.266113
-0.238589  1.590828
-0.046146  0.465823
 0.026086  1.025707
-0.108651  1.284263
-0.154105  1.159390
-0.038082  1.314380
 0.011637  1.103855
-0.005748  1.286129
 0.176793  1.239039
-0.107490  0.884368
-0.068638  0.541682
-0.111016  1.326638
-0.142105  1.294472
-0.022890  1.689857
-0.025288  1.212285
-0.202380  0.769605
-0.251576  0.759293
-0.181768  1.044826
-0.159732  0.705801
-0.211874  0.983710
-0.210531  1.125505
-0.202058  1.525172
-0.162789  1.077776
-0.148109  0.961040
-0.200609  0.773044
-0.319272  0.856000
-0.376437  0.684399
-0.410049  1.399259
-0.250479  1.183226
-0.146893  0.837010
-0.356903  1.185220
-0.467031  1.569779
-0.652015  1.155175
-0.716706  0.937191
-0.664784  0.724865
-0.637567  1.417745
-0.465445  2.033929
-0.436892  0.909146
-0.584276  1.208838
-0.459801  1.073227
-0.430648  1.116779
-0.317682  1.588602
-0.317138  0.942717
-0.310196  1.245309
-0.308889  2.108498
-0.185883  0.917836
-0.155796  1.370635
-0.324539  0.677020
-0.133754  0.915205
-0.171880  2.344609
-0.285627  0.840213
-0.373026  0.787723
-0.371876  0.742704
-0.229499  1.579860
-0.186491  0.850029
-0.349423  1.134233
-0.446750  0.923294
-0.182180  1.450276
-0.441193  0.957546
-0.359916  1.406317
-0.126744  1.292849
 0.116635  1.479004
 0.109330  2.715735
 0.005848  1.088322
-0.111173  1.665099
-0.047542  2.715166
 0.068631  1.373202
 0.089776  1.651568
-0.002919  1.844861
-0.080446  0.916938
-0.225220  1.343955
-0.213252  2.643578
-0.168240  1.731984
-0.072677  0.878494
 0.006459  0.838273
 0.206720  2.489126
 0.279149  0.651919
 0.286788  1.362383
 0.228763  0.822694
 0.256756  0.813257
 0.192302  1.327419
 0.361310  1.957720
 0.252302  1.147893
 0.246341  1.762134
 0.250554  1.892967
 0.340702  0.822438
 0.384915  2.635344
 0.314765  1.428558
 0.181273  2.173369
 0.226946  1.358530
 0.303077  0.655610
 0.232731  1.077882
 0.237823  1.679064
 0.396742  1.066471
 0.608918  0.961976
 0.585915  2.276125
 0.414812  1.244853
 0.380236  1.718627
 0.328971  1.126074
 0.205723  1.192048
 0.367453  1.722682
 0.412182  1.242583
 0.492872  1.533213
 0.398705  1.818058
 0.440572  1.099659
 0.219406  0.776366
 0.063596  1.452376
 0.040045  1.012732
-0.124407  0.851169
-0.143638  0.869170
-0.242191  0.638015
-0.397553  1.534135
-0.396662  0.639514
-0.337877  1.293309
-0.404187  1.807396
-0.376430  0.962089
-0.244168  1.142769
-0.178255  0.879652
 0.037845  0.776604
 0.161014  0.714956
 0.157284  0.981038
 0.144226  1.463891
 0.156077  1.249988
 0.107204  0.951939
 0.098450  0.805694
 0.065824  0.602581
 0.090809  0.840760
 0.174253  0.788480
 0.228975  1.160383
 0.201057  2.233331
 0.027847  1.042982
 0.076847  1.402003
 0.020636  0.532781
 0.062386  0.777122
 0.034801  2.084141
 0.120878  1.288870
 0.151027  1.745958
 0.277960  0.937750
 0.324438  1.724736
 0.225808  0.860254
 0.170129  1.194453
 0.369232  1.103661
 0.340184  0.763807
 0.425264  1.161764
 0.416065  1.531676
 0.318771  2.256844
 0.318506  0.808844
 0.223841  1.861860
 0.322530  0.979635
 0.379607  1.640129
 0.130601  1.468942
-0.008532  2.080581
 0.023920  1.923900
 0.061896  1.320445
 0.088090  0.935260
 0.110735  0.951744
 0.006621  1.398766
 0.016693  1.244631
 0.021734  1.417505
 0.048563  1.632817
 0.065927  1.716869
-0.072614  1.266898
-0.039141  0.781402
-0.215861  1.555509
-0.170601  1.146451
-0.188356  1.680958
-0.285332  1.211987
-0.270197  1.283399
-0.368079  0.992885
-0.133114  1.019289
-0.177111  0.903494
 0.002632  1.294977
-0.072044  0.708446
-0.067878  1.016150
-0.091316  0.854654
-0.102763  1.095876
-0.149445  1.713281
-0.326914  1.816411
-0.202049  1.194766
-0.063394  0.689989
-0.127699  0.894598
-0.059003  1.631972
-0.179289  1.179472
-0.007640  0.959096
 0.241136  0.938817
 0.413197  1.011049
 0.444357  1.560275
 0.420658  1.967513
 0.408078  1.816734
 0.238034  1.185696
 0.358914  2.369826
 0.312152  1.239757
 0.412020  1.257711
 0.226201  1.139220
 0.285492  1.481025
 0.205322  2.112582
 0.237899  0.807020
 0.227642  2.575223
 0.032516  1.570554
 0.251509  0.806632
 0.155413  0.923694
-0.003904  1.114982
 0.007832  1.151858
 0.041712  0.759780
 0.026699  1.006487
 0.078823  1.115123
 0.042127  0.538769
-0.127344  0.988074
-0.292267  0.933219
-0.414841  0.665875
-0.291687  1.274100
-0.327179  1.733638
-0.310130  1.111099
-0.309236  0.772473
-0.272309  1.207001
-0.297148  1.961389
-0.181125  1.360532
-0.240468  0.999384
-0.162357  2.553792
-0.158158  1.194820
-0.225135  2.003758
-0.272049  1.445468
-0.432173  0.618792
-0.291970  0.813442
-0.356020  0.961428
-0.229741  1.321195
-0.273586  1.241583
-0.091640  1.787285
-0.194320  1.927406
-0.140798  1.061054
-0.271499  1.074562
-0.200531  0.571976
-0.362918  1.882570
-0.334948  0.805733
-0.299918  1.500823
-0.348031  0.805621
-0.412927  1.234314
-0.438525  0.800044
-0.640245  1.478499
-0.589925  0.784651
-0.497730  1.334733
-0.587702  0.818903
-0.447302  0.979080
-0.431095  1.336023
-0.431734  2.286207
-0.552977  1.501424
-0.477978  0.912426
-0.452305  0.979191
-0.504107  1.557737
-0.495310  1.326999
-0.524914  1.662778
-0.512564  1.181349
-0.607447  0.824181
-0.708185  1.645946
-0.732485  1.336579
-0.520921  1.368439
-0.559416  1.386624
-0.628115  1.490431
-0.627886  0.944018
-0.713910  1.734191
-0.581662  2.949488
-0.578685  1.373810
-0.567096  1.186859
-0.496058  1.105639
-0.405246  1.180308
-0.313991  1.692476
-0.332212  1.534737
-0.414982  0.733263
-0.267799  0.691387
-0.287687  1.676950
-0.169230  0.733476
-0.164823  1.198119
-0.048947  0.544965
 0.038917  1.324493
 0.084258  2.824297
 0.141443  1.713829
-0.038456  0.910758
 0.069312  1.202180
-0.053377  0.995484
-0.134146  0.774851
 0.029009  1.569699
-0.062366  1.868097
 0.038321  0.676741
 0.216917  0.801911
 0.067313  1.646431
 0.060764  0.611281
 0.055061  0.624603
 0.120454  1.492925
 0.043270  1.214695
 0.100351  1.836886
 0.179312  1.769207
 0.149590  0.889723
 0.189692  0.746204
 0.387914  1.142685
 0.437508  1.544342
 0.544165  1.365188
 0.351854  0.569193
 0.321460  1.381619
 0.220507  0.960367
 0.110546  1.049400
 0.170359  0.906092
-0.062352  1.335651
-0.092434  1.155486
-0.200596  1.012026
-0.296213  2.012336
-0.266641  1.271716
-0.172924  0.790361
-0.062165  0.851551
 0.056930  0.818507
 0.055688  1.444256
 0.087196  1.020072
-0.043525  0.993070
 0.086516  0.754488
 0.069843  1.574416
-0.029810  0.915945
 0.065809  0.548597
 0.231585  0.796985
 0.156955  0.837900
 0.065708  1.192022
 0.055284  1.256094
 0.013890  1.664169
 0.040930  2.082619
 0.008316  0.941629
 0.050991  1.035868
-0.035402  1.583650
 0.018325  1.412837
-0.011293  1.817174
 0.118952  1.090450
 0.129645  2.182334
 0.109273  0.835191
 0.217475  1.737953
 0.061325  1.229512
 0.154551  1.072314
 0.208294  1.225265
 0.039578  1.759008
 0.137900  1.468109
-0.016613  0.828909
-0.005215  1.251219
 0.125231  1.436723
 0.019776  1.230282
 0.086816  0.860479
 0.083566  0.700990
-0.019071  0.543221
 0.062232  0.839604
-0.031469  1.062464
-0.110765  0.591565
-0.349843  1.436332
-0.352391  2.155885
-0.418336  1.437222
-0.482811  2.391946
-0.294984  1.622396
-0.370421  0.920659
-0.299120  0.844706
-0.465799  1.211865
-0.503446  0.999712
-0.547992  1.837772
-0.542586  0.795842
-0.610073  1.609839
-0.590115  1.321941
-0.689090  1.871142
-0.708294  1.237059
-0.704368  1.119159
-0.514600  2.020999
-0.523730  1.610418
-0.288382  0.757236
-0.419306  0.792958
-0.499839  0.746154
-0.550935  0.758133
-0.412433  1.182516
-0.258489  0.890317
-0.403072  1.840392
-0.336096  1.433996
-0.408192  1.354327
-0.364786  1.546811
-0.338673  1.243466
-0.527911  1.606002
-0.617777  1.482648
-0.482701  2.172216
-0.497029  1.941571
-0.432832  1.667069
-0.297141  0.765079
-0.197349  0.833430
-0.126997  1.805421
 0.010500  1.106771
 0.013785  0.835474
-0.165151  2.969567
-0.287887  1.697093
-0.351848  0.909868
-0.348768  1.306453
-0.292569  1.012462
-0.185249  1.892611
-0.038687  1.429366
-0.010361  0.815005
-0.160874  0.877996
 0.017261  0.972250
 0.007258  0.708329
-0.270482  1.474936
-0.258708  1.674981
-0.333263  1.260133
-0.428991  1.951255
-0.395710  1.429235
-0.284750  1.191959
-0.384447  1.249697
-0.240778  1.460262
-0.171428  1.123613
-0.376849  1.454842
-0.583769  1.608119
-0.274247  1.457954
-0.147780  0.976438
-0.114286  0.974496
-0.167121  1.327675
-0.130134  0.748687
-0.264605  1.402434
-0.400880  1.132566
-0.281678  1.084650
-0.318603  1.954704
-0.375061  1.538620
-0.431372  1.144887
-0.302349  1.097867
-0.302499  0.849772
-0.164682  0.888853
-0.206282  1.256387
-0.306023  1.313737
-0.221564  0.864861
-0.299103  1.070724
-0.421611  2.067509
-0.415204  2.411874
-0.582046  3.171574
-0.691304  1.808220
-0.676490  2.321163
-0.695719  1.419809
-0.680517  1.936847
-0.552030  0.873603
-0.448010  1.317075
-0.435105  1.436422
-0.473261  1.567516
-0.394908  1.482319
-0.272860  1.148482
-0.213371  1.196242
-0.235440  1.247170
-0.306852  1.306623
-0.412734  0.994878
-0.216885  1.272266
-0.285976  0.933750
-0.217903  1.099316
-0.008549  1.032304
-0.221690  1.719935
-0.237496  1.660235
-0.172583  1.984359
-0.281699  1.103556
-0.172473  0.675971
-0.189313  0.827138
-0.187925  1.279052
-0.367876  2.491769
-0.420139  1.583731
-0.297387  1.069749
-0.388122  1.602002
-0.423373  0.906388
-0.499661  1.007256
-0.229601  0.783936
-0.293628  1.154833
-0.229023  0.979426
-0.285939  1.121787
-0.374161  1.502250
-0.341845  1.686189
-0.455815  0.970344
-0.407350  0.942270
-0.396884  1.374793
-0.344420  1.434147
-0.196267  1.621554
-0.378193  1.865930
-0.318781  1.362043
-0.286641  0.873897
-0.167081  1.372666
-0.239996  1.076030
-0.072798  4.966069
-0.063242  1.175035
-0.014562  2.027606
-0.003523  0.992389
 0.112197  0.542553
-0.042668  1.324916
 0.197458  1.025303
 0.007679  0.750186
-0.058142  1.103041
-0.130811  1.495027
-0.054789  0.791523
-0.018863  3.562306
-0.015768  0.998609
 0.037390  0.698878
 0.041300  1.890030
-0.027789  1.261410
-0.049868  0.895720
-0.006146  1.579179
 0.011287  0.657639
-0.013447  1.065037
 0.121192  0.652560
 0.268328  1.506098
 0.132626  1.095611
 0.110658  1.343270
 0.283312  1.321667
 0.322949  0.961972
 0.273090  1.734320
 0.248736  0.861553
 0.237742  0.881467
 0.261911  1.670102
 0.026430  0.953551
 0.045612  1.506695
 0.152640  0.717923
 0.214769  0.947765
 0.135072  2.151338
 0.085617  1.622834
-0.212416  2.278665
-0.150713  1.513300
-0.118966  1.411879
-0.036125  2.056947
-0.020472  0.813639
-0.192194  1.863203
 0.058016  1.743564
 0.084463  1.316806
 0.015866  1.277174
-0.001105  1.083672
 0.113349  0.770949
 0.043089  0.726264
 0.018760  0.788380
 0.000781  0.892430
 0.026340  2.286858
 0.093816  1.740718
 0.109450  1.017214
 0.118132  1.054962
-0.007773  1.024790
-0.152526  0.987025
-0.096164  0.915566
-0.095201  1.135688
 0.066176  1.070453
 0.124573  0.935008
 0.224968  2.689588
 0.165474  1.211739
 0.217535  1.229521
 0.098258  1.226359
 0.172358  1.520620
 0.221614  0.930572
 0.255184  0.735577
 0.402365  1.161257
 0.516301  0.627081
 0.395882  2.607312
 0.278713  1.033712
 0.249781  1.360072
 0.315675  0.990393
 0.287113  0.484079
 0.153204  3.558599
 0.150013  1.195778
-0.048725  1.874987
-0.011667  0.893457
-0.068348  2.234512
-0.229705  1.031298
-0.367515  2.683847
-0.329509  1.590819
-0.361031  0.687909
-0.362857  1.309931
-0.398420  0.652384
-0.373579  1.564433
-0.301410  0.931799
-0.295326  1.611767
-0.326605  1.225512
-0.421784  2.221334
-0.420274  1.612121
-0.293656  1.251522
-0.205748  1.279970
-0.289165  1.687035
-0.117571  1.326239
-0.442754  0.749745
-0.358421  1.885134
-0.183047  0.680182
-0.214295  0.782600
-0.197704  1.286806
-0.197698  0.828682
-0.081140  1.015278
-0.119330  1.972715
-0.041420  1.264001
-0.099931  1.111389
-0.203734  1.153042
-0.250308  1.756198
-0.461730  1.188650
-0.359153  1.405468
-0.306656  1.234402
-0.535244  2.265981
-0.470988  1.185647
-0.309221  1.589614
-0.456587  1.019334
-0.560530  1.639989
-0.394271  0.754668
-0.494009  1.116767
-0.542898  1.260910
-0.619463  1.439440
-0.661157  1.191416
-0.731192  1.142856
-0.543326  2.658055
-0.503927  1.451213
-0.585547  1.494804
-0.659106  1.154757
-0.542954  1.790878
-0.630717  2.245037
-0.618527  1.739347
-0.582050  0.683504
-0.611911  0.816706
-0.522378  1.258401
-0.394430  3.434278
-0.369730  1.416272
-0.353011  0.618106
-0.232610  0.880737
-0.104170  1.153901
-0.085610  0.960234
-0.167841  0.915905
-0.014891  0.809145
 0.171587  1.692916
 0.218889  0.745282
 0.333324  1.179453
 0.212440  1.480201
 0.398448  1.239373
 0.325264  1.211143
 0.211153  0.986887
 0.242437  0.765001
 0.277246  0.814070
 0.364175  1.914064
 0.252871  1.029574
 0.270126  0.831479
 0.232115  1.020213
 0.214552  1.014129
 0.131259  1.026143
 0.247673  1.305695
 0.297224  1.545321
 0.214133  1.312420
 0.284070  0.591542
 0.239040  1.025013
 0.241774  1.003342
 0.126230  0.739696
 0.034956  1.077023
-0.033176  0.891745
 0.050145  1.426054
 0.231244  0.874312
 0.320204  1.170835
 0.332874  1.037069
 0.308549  1.288700
 0.366584  1.233672
 0.431029  1.446552
 0.462048  1.357081
 0.526724  0.830812
 0.446483  0.973374
 0.400258  1.051328
 0.458560  0.998353
 0.423131  1.359338
 0.586541  1.481438
 0.428903  0.803669
 0.480352  1.048613
 0.630149  0.675573
 0.553532  1.252094
 0.509894  1.091379
 0.434756  1.184009
 0.256487  1.619792
 0.329360  1.119317
 0.400611  1.211597
 0.456102  2.437105
 0.643876  2.331319
 0.638360  1.244400
 0.697780  1.333653
 0.612235  1.525500
 0.603320  1.348757
 0.640228  0.958004
 0.660003  1.087243
 0.602095  2.908272
 0.491068  0.755982
 0.485772  1.510310
 0.506282  0.944475
 0.613351  0.849267
 0.687723  1.033654
 0.650710  1.141601
 0.304795  1.078848
 0.383280  0.909989
 0.339515  0.631749
 0.299903  0.976705
 0.291691  2.541507
 0.223670  1.792857
 0.215261  1.084750
 0.285388  1.054608
 0.228683  1.269129
 0.204416  0.984519
 0.054375  1.605966
 0.072636  0.915157
 0.438692  1.198839
 0.369430  0.817111
 0.390314  0.924506
 0.195782  1.208969
 0.257713  1.052987
 0.310333  1.266647
 0.285745  1.536367
 0.211830  1.528220
 0.100558  1.876015
 0.073756  1.135789
 0.016413  1.240089
-0.067606  1.700751
-0.055358  0.879341
-0.132108  0.705250
 0.047773  1.872247
 0.162222  1.457221
 0.003445  0.679622
-0.026344  1.103851
-0.280939  1.851194
-0.334790  1.127131
-0.365069  1.089216
-0.321865  2.329676
-0.321467  0.918987
-0.256866  1.070240
-0.253863  1.198370
-0.278954  1.025140
-0.134715  1.292715
-0.074220  2.318452
-0.017183  0.623664
-0.120299  0.882730
-0.271128  0.478668
-0.075553  1.255252
 0.033706  1.158813
-0.115958  1.117470
-0.124710  1.611219
-0.219409  0.851245
-0.218013  0.943324
-0.201559  0.760241
-0.086593  1.165873
-0.127961  0.742249
 0.008295  0.971985
-0.004053  0.811019
-0.094982  1.332965
-0.164979  1.588823
-0.277009  1.066745
-0.171242  4.414014
-0.151506  1.177759
 0.041796  1.016637
 0.153218  1.067912
 0.108415  1.013560
 0.106249  0.875030
 0.013032  0.912828
 0.090839  0.923601
 0.018551  1.195256
 0.113232  3.319559
 0.050745  0.702223
 0.005349  1.628683
 0.059276  1.216440
 0.230468  1.508466
 0.305488  1.602849
 0.202555  0.969012
 0.139826  1.606161
 0.285831  1.062313
 0.263044  0.597316
 0.468229  2.963632
 0.610242  1.218199
 0.516539  1.467019
 0.540394  4.071974
 0.524706  2.120984
 0.375951  1.910078
 0.395461  0.669849
 0.412396  0.705133
 0.609241  1.267418
 0.479178  1.069714
 0.343771  0.835872
 0.327912  1.263596
 0.286141  1.112589
 0.291295  0.968066
 0.328288  1.227864
 0.197436  1.489120
 0.143484  1.270478
 0.129185  0.944775
 0.045125  1.818392
 0.033258  1.061507
-0.175351  1.393202
 0.012062  1.138319
 0.023538  1.358989
-0.032220  1.051029
-0.019846  3.779652
-0.017458  1.812007
 0.072277  2.185566
 0.061285  1.562126
 0.151397  0.638146
-0.070241  1.164627
-0.084238  2.511828
-0.145832  1.241668
-0.152423  1.332200
-0.084063  0.886860
-0.132427  1.037968
 0.054200  1.104756
 0.056885  0.773836
 0.211676  0.921169
 0.344433  1.971239
 0.110593  0.848398
 0.240769  1.479266
 0.403001  0.753148
 0.165299  1.109904
 0.002154  2.282558
 0.105485  1.263278
 0.255969  1.321389
 0.407612  1.400615
 0.543910  0.822553
 0.402859  1.558075
 0.266035  0.798087
 0.484153  0.998848
 0.451357  5.468379
 0.401559  1.116403
 0.298242  1.347549
 0.358130  1.409186
 0.355933  1.778887
 0.216790  1.384121
 0.322654  0.916608
 0.333344  1.079069
 0.113755  1.414298
 0.010225  1.705812
-0.151993  1.603859
-0.144250  2.662880
-0.096882  1.192562
 0.007527  1.627906
-0.014545  0.740596
-0.034568  0.839618
-0.087007  0.858283
-0.150512  1.854825
-0.094737  1.560431
-0.095545  1.003693
-0.047502  1.392059
-0.076146  1.535668
 0.025950  1.218351
-0.150044  1.705014
-0.104639  1.004743
-0.047888  0.687544
 0.089248  1.478171
-0.144711  1.172151
-0.048005  0.475008
-0.086022  1.659855
-0.189117  1.156831
-0.030621  0.840618
-0.120426  1.109337
-0.101902  0.757199
-0.038390  1.225369
 0.044804  1.779845
 0.023726  1.212984
 0.002054  0.866071
 0.043546  1.154847
-0.098456  0.975814
-0.067698  0.863427
-0.125563  0.933549
-0.115639  1.192308
-0.109583  2.104137
-0.041976  3.086223
-0.114867  1.066625
-0.035118  1.077057
-0.065743  1.170926
 0.065684  0.884452
 0.163912  1.497422
 0.223591  0.682385
 0.245876  1.099269
 0.339728  1.250040
 0.325719  1.203290
 0.212069  1.061836
 0.062901  1.542347
 0.172364  1.093250
 0.129099  0.991711
 0.132514  1.761154
 0.121633  0.989136
-0.020408  1.139908
 0.081822  1.747286
 0.065979  1.721463
 0.078120  1.644585
-0.096270  1.867968
-0.157467  1.672421
-0.070346  1.917080
-0.121175  0.933779
-0.179339  0.850268
-0.399237  1.460786
-0.299748  0.941784
-0.224951  1.425660
 0.014390  1.041863
 0.100827  1.350449
 0.078607  1.218132
 0.158551  0.847569
 0.261478  2.270845
 0.164378  0.877713
-0.007219  1.472451
-0.124161  1.240589
-0.171526  1.260509
-0.085308  1.033773
-0.198176  0.872447
-0.306646  1.691368
-0.220167  1.083543
-0.157107  0.697410
-0.322897  1.287385
-0.218102  1.472484
-0.099036  2.336021
-0.199806  1.220419
-0.119780  0.741930
-0.263039  1.749780
-0.070388  1.092444
-0.197052  1.432766
-0.119039  0.914859
-0.094717  1.519969
-0.144603  1.229670
-0.075590  1.323320
-0.060547  0.796019
-0.048274  1.179219
-0.202084  1.253059
-0.168868  0.880550
-0.244522  0.914326
-0.339960  0.832030
-0.204125  0.667072
-0.102519  1.002016
-0.136649  0.685942
-0.124826  1.013120
-0.048515  0.594491
-0.283461  1.865137
-0.373267  0.924050
-0.307612  2.577125
-0.135046  0.725183
-0.075830  1.492596
 0.080623  1.897826
-0.076704  1.086078
-0.242551  0.739004
-0.264158  1.393701
-0.179471  1.143804
-0.110184  0.842632
-0.167654  0.771152
-0.045746  1.728705
-0.007802  1.151030
-0.048409  1.255903
 0.033686  1.605082
 0.086529  0.905703
 0.208178  1.150385
 0.296133  0.877193
 0.286324  1.102060
 0.217169  0.907106
 0.266923  1.054738
 0.231202  1.375065
 0.040051  1.902275
 0.026109  0.951689
-0.131416  1.142723
-0.284489  0.912955
-0.075210  1.483063
-0.174337  2.678963
-0.122278  0.807372
-0.245150  1.477535
-0.010526  0.862235
 0.033046  1.446986
 0.016499  1.354704
-0.100464  2.289714
-0.124363  1.292450
-0.209404  1.255970
-0.360285  0.498821
-0.551747  1.172191
-0.521547  1.618281
-0.414722  1.102583
-0.337976  1.155939
-0.251235  1.672739
-0.106048  1.418967
 0.059346  1.182852
-0.063686  1.141360
-0.059912  1.227161
-0.115086  1.389548
-0.185218  0.742755
-0.214621  1.219363
-0.257981  1.590077
-0.201609  0.831303
-0.207172  1.631373
-0.135033  1.408805
-0.108862  1.422989
-0.144589  1.573521
 0.028449  1.774658
-0.196705  1.835220
-0.064456  0.511858
-0.027020  2.710553
-0.136166  0.777290
-0.049831  0.664570
-0.201789  0.934708
-0.262330  1.133788
-0.098167  1.742702
-0.338767  1.460958
-0.244913  1.171884
-0.218742  1.615733
-0.189122  1.742112
-0.244855  1.565805
-0.427124  2.122076
-0.323854  0.724090
-0.386164  1.649283
-0.278035  1.108023
-0.210967  2.301006
-0.212653  1.164983
-0.409305  0.822063
-0.259007  1.457028
-0.241918  1.123985
-0.147489  0.844032
-0.373570  1.492827
-0.297440  1.460620
-0.317055  2.171787
-0.299912  1.080260
-0.363777  1.000628
-0.377058  1.196281
-0.229982  1.425546
-0.073833  2.131208
-0.091216  0.997614
 0.037734  1.793002
-0.137741  0.897114
-0.118950  0.826586
-0.253570  1.486126
-0.297003  0.842450
-0.403174  0.955228
-0.246695  1.185638
-0.249296  0.951749
-0.302930  1.643127
-0.507357  0.820059
-0.474878  1.491628
-0.527125  1.578272
-0.534589  1.722039
-0.434110  0.893068
-0.459060  0.977275
-0.358718  1.100502
-0.380832  0.826265
-0.117971  1.366361
-0.188848  1.453765
-0.207660  1.573759
-0.173867  0.793396
-0.166613  1.119373
-0.141344  1.158528
-0.167185  0.956569
-0.073610  1.162644
 0.052479  0.856270
 0.176267  1.080681
 0.008765  0.910347
-0.110853  0.965485
 0.054248  0.561220
 0.098224  1.033507
 0.124371  0.808226
 0.105151  0.984294
 0.279359  1.398853
 0.285753  1.419129
 0.548194  1.053586
 0.445517  0.570820
 0.126001  1.442256
 0.082306  1.469624
 0.024711  0.824573
 0.019746  1.111477
-0.111170  1.063056
-0.042523  1.257420
-0.016037  1.447723
-0.123469  1.954545
-0.308600  1.641329
-0.375179  2.221350
-0.446694  1.026496
-0.368731  1.430140
-0.453684  1.117918
-0.421948  1.132057
-0.502054  1.495894
-0.484799  1.699165
-0.524296  1.569792
-0.492245  2.393769
-0.423234  0.972572
-0.440222  1.279962
-0.268307  2.587751
-0.288998  1.242907
-0.246892  1.286131
-0.266084  0.843715
-0.326626  1.939738
-0.169755  1.261062
-0.244752  1.197830
-0.292258  0.844775
-0.225593  1.154018
-0.159420  1.803555
-0.014418  0.824202
 0.061476  0.857024
 0.110153  1.453867
 0.060246  1.902501
 0.037277  1.251766
 0.168951  2.064010
 0.189258  1.159878
 0.246480  0.848153
 0.259207  0.810862
 0.238473  1.019463
 0.161255  0.854965
 0.345545  0.517490
 0.337448  0.961633
 0.374768  1.039425
 0.310487  1.357439
 0.312246  0.797510
 0.235999  1.145562
 0.304747  1.556858
 0.066805  0.958406
 0.196663  1.153605
 0.244043  1.084397
 0.493302  0.892585
 0.628853  0.721821
 0.799852  1.507095
 1.026077  1.321640
 0.846272  1.416773
 0.892480  1.562699
 0.742903  1.407475
 0.678480  0.784857
 0.710290  0.772676
 0.815542  1.202483
 0.688746  0.740284
 0.735174  1.071089
 0.662807  0.720189
 0.590192  1.510023
 0.528654  1.240489
 0.540535  1.718523
 0.626318  0.619161
 0.753397  2.019491
 0.596966  3.665969
 0.570159  1.116122
 0.466623  1.368992
 0.632408  2.152362
 0.583254  1.171414
 0.660392  0.585667
 0.553126  0.761114
 0.566436  1.217804
 0.342659  0.995404
 0.447389  1.328213
 0.488476  1.592082
 0.478239  1.084591
 0.378206  1.879604
 0.421551  1.781343
 0.392936  1.256586
 0.306381  2.154544
 0.287079  0.933308
 0.315387  1.128500
 0.188164  1.539825
 0.113712  1.046510
 0.188897  0.705132
 0.080543  0.700145
 0.037385  1.416965
 0.119915  1.072366
-0.034427  0.683890
-0.030687  1.045343
 0.092185  0.691926
 0.041171  1.170631
-0.041739  3.023229
 0.048736  2.576520
-0.153863  2.430963
 0.016873  1.486017
 0.075251  1.123367
 0.170091  2.080727
 0.045271  0.987276
-0.073875  0.977890
-0.000696  0.876177
 0.056523  0.895040
-0.033295  0.552429
 0.112958  1.555836
-0.067387  0.832906
 0.056559  1.052098
-0.126825  0.802211
-0.287025  1.896555
-0.236935  1.115755
-0.299374  0.660769
-0.204406  0.753156
-0.111808  1.149927
-0.032718  0.997167
 0.016913  1.655862
-0.049896  1.371922
-0.019701  0.802282
-0.117684  1.041476
-0.148364  0.821120
-0.204241  0.939229
-0.220055  1.482489
-0.265020  0.853900
-0.231242  0.785306
-0.297103  1.351471
-0.246236  1.172215
 0.035369  1.467105
 0.072546  2.198331
 0.022255  1.426477
 0.055062  0.703546
 0.008236  1.388166
 0.087403  1.215619
-0.033128  0.679295
 0.036053  1.603808
