-20981715.744683
-20970534.244380
-20957775.877641
-21010856.765818
-21023544.518239
-20939058.448094
-20998126.937881
-21002458.943847
-20939449.307472
-20957775.263934
-21048653.159125
-21046525.414054
-21024094.316584
-21015305.126470
-21040380.324636
-20939060.777430
-21050106.982094
-20939458.912474
-21020681.654589
-21038712.209086
-20977766.456518
-20957776.378278
-21010855.968065
-21020852.838619
-21042883.285222
-21019288.068343
-21022545.158624
-21019287.412170
-21023820.656605
-20939454.637682
-21018511.959853
-21003670.766217
-21168734.795616
-20939058.192304
