-20480791.116365
-20426528.415701
-20528735.726619
-20586281.208950
-20533865.429963
-20536699.602074
-20504938.200448
-20470427.607424
-20598672.741881
-20598456.167877
-20470501.939650
-20484933.067648
-20427465.449501
-20427463.013796
-20499132.698480
-20558821.488546
-20488734.432724
-20508291.761959
-20427465.486414
-20446210.626606
-20524928.827888
-20446617.229689
-20482533.102294
-20618844.054652
-20426532.923078
-20426526.730477
-20547345.197078
-20488648.280714
-20518651.336828
-20427463.078035
-20446215.101023
-20547558.637743
-20490508.927250
-20464971.105071
-20457214.233367
-20571366.587860
-20568085.813553
-20598098.918906
-20457216.259672
-20446184.146319
-20788552.290541
-20480507.428712
-20580711.546055
-20483328.941903
-20426535.338732
-20578127.860407
-20426528.151043
