-19973593.547548
-20070301.997170
-20016388.967350
-20179298.022381
-20099129.101873
-20018492.361932
-20134694.992181
-19966638.414657
-20055589.024335
-20073357.797185
-20009371.637774
-20081950.156291
-20108034.191544
-19971903.616089
-20175797.275789
-20039507.545054
-19982474.629203
-20023854.773019
-20012072.843413
-20097817.540586
-20091423.836132
-19981146.262350
-20080761.124141
-20019626.359626
-19974618.616777
-20192039.704354
-19973198.029206
-19996478.074435
-20081752.153714
-20204482.615250
-20030486.299729
-20091001.679052
-20007584.653877
-20026469.872181
-19989076.386203
-20196448.564276
-20138351.591550
-20095865.538740
-20108209.730114
-20093867.228984
-20092184.068060
-20013453.361822
-20059346.724149
-20076698.584186
-19978523.720987
-19946490.715293
-19987351.384122
-20268668.141385
-20202064.421546
-20018901.649020
-19972633.444958
-20148486.444680
-20091827.264874
-20058034.124944
-20032316.016410
-19952750.159169
-19952437.081633
-20172915.402433
-19969159.161008
-20158907.211772
-20203478.647598
-20051797.506472
-20081750.464998
-20071565.325326
-20108259.185207
-20120991.732850
-20099866.019249
-20111473.479578
-19946465.250812
-20087482.791383
-20046659.104300
-20012424.686591
-20142765.947412
-20206645.640869
-20049477.055043
-20031120.830147
-20013951.557459
-19972581.715308
-20170301.829881
-20051785.540174
-19989399.036279
-20002467.264063
-20145853.069327
-20021257.539575
-20056432.611270
-20068116.928457
-20204197.483740
-20021265.339159
-20021602.006937
-20098244.187358
-19987798.561581
-20094728.664936
-20107510.944515
-19971799.069563
-20068764.093182
-20150980.239611
-20028952.457967
-20002470.443420
-20005170.820638
-19981206.525160
