-19587772.343205
-19504801.573374
-19633453.168761
-19633681.177815
-19669429.234805
-19542789.248732
-19822528.691713
-19595335.928134
-19619570.598340
-19582162.077661
-19708471.269971
-19598515.994116
-19653256.073194
-19537746.955187
-19629574.525532
-19614690.986798
-19594156.540415
-19627703.943115
-19573261.542615
-19621186.974955
-19606844.547173
-19631025.590349
-19562381.503008
-19613435.027830
-19634197.924193
-19546250.399889
-19505564.634533
-19549530.467856
-19547471.470142
-19626551.146884
-19505777.082521
-19565132.965879
-19610198.473009
-19538020.384374
-19605176.833008
-19601911.305760
-19699349.039505
-19738533.676204
-19544651.728636
-19591427.250823
-19601130.175832
-19554568.662914
-19537163.158275
-19605977.798201
-19620318.612725
-19531634.714888
-19733531.329128
-19620083.613276
-19541930.965495
-19652508.302244
-19562366.221038
-19721972.633101
-19624842.074852
-19611862.750468
-19554833.132696
-19780185.795561
-19684644.026540
-19604816.318593
-19652341.386061
-19524713.587556
-19701165.900714
-19614916.725346
-19604098.115841
-19573299.517667
-19631105.670663
-19591713.894629
-19574929.962931
-19733224.045424
-19632424.246749
-19954793.604950
-19802352.410101
-19603456.893562
-19587487.377934
-19642257.893559
-19693370.628232
-19664803.535836
-19658679.225937
-19569749.097768
-19617839.860395
-19636613.657911
-19642147.520835
-19564926.583143
-19614178.740206
-19702768.407826
-19619614.370844
-19635180.898613
-19735428.822292
-19719985.266217
-19630314.902484
-19542885.058492
-19606531.175149
-19620718.622140
-19598378.244236
-19679424.620879
-19645699.121482
-19610225.289773
-19857818.890083
-19620462.562305
-19585206.209624
-19654198.412400
