-19315411.542868
-19154459.093050
-19207396.743373
-19191855.135652
-19240610.343508
-19164009.863762
-19252002.498579
-19181502.664597
-19364317.344189
-19161722.077533
-19128775.222006
-19411080.193980
-19206416.315821
-19373984.390267
-19196911.460509
-19213969.261522
-19270430.959000
-19279547.231852
-19443070.747849
-19119684.374444
-19167152.807014
-19191230.594542
-19267804.239527
-19146153.512062
-19159869.728350
-19181278.410606
-19161241.366230
-19345981.567586
-19320734.054183
-19468246.763281
-19238970.941372
-19213624.938927
-19214568.148506
-19167210.008896
-19208532.093649
-19219634.074981
-19143759.634821
-19481832.895877
-19167962.850453
-19176910.219237
-19291641.376065
-19232649.020754
-19102277.796717
-19169756.913180
-19221112.376597
-19136133.388934
-19342264.595079
-19156790.418386
-19107847.117118
-19111783.147438
-19470272.690278
-19191775.431093
-19195453.381163
-19213340.954472
-19225597.897681
-19185696.826466
-19318529.450143
-19261385.745540
-19288452.146187
-19236014.751862
-19386613.716969
-19144320.292972
-19138378.445207
-19201098.847548
-19271267.148300
-19163845.833451
-19224620.923406
-19279472.744530
-19327725.998939
-19174246.815534
-19227423.752269
-19385055.145677
-19310614.242947
-19099520.338728
-19124130.199083
-19404305.545453
-19189571.545439
-19294402.222609
-19289924.946196
-19434064.506526
-19184184.666459
-19209559.646460
-19211090.043738
-19159194.792054
-19219841.387148
-19155882.665191
-19406685.067657
-19264860.680598
-19323276.968327
-19123931.554855
-19193136.005482
-19215354.619011
-19407160.406779
-19347118.680707
-19413790.129484
-19212982.417899
-19307148.129801
-19189498.535229
-19319891.065763
-19333600.119083
