bushbuck	eland	giant_eland	311296	312543	1.65864e+06	2.0893e+06	1.85146e+06	1.63938e+06	743197	504135	1.64062e+06
bushbuck	eland	greater_kudu	688992	607051	920244	1.57135e+06	1.85336e+06	1.72452e+06	1.25816e+06	1.62208e+06	1.64258e+06
bushbuck	eland	lesser_kudu	1.24569e+06	551201	557726	1.2538e+06	1.85363e+06	2.33737e+06	1.2473e+06	2.54174e+06	1.64288e+06
bushbuck	eland	mountain_nyala	612839	855347	856572	1.67667e+06	1.84843e+06	1.39596e+06	1.67548e+06	1.60486e+06	1.63847e+06
bushbuck	eland	nyala	1.12827e+06	717151	583797	1.38773e+06	1.84497e+06	2.04649e+06	1.52112e+06	2.38959e+06	1.63537e+06
bushbuck	eland	sitatunga	573019	806133	868820	1.46513e+06	1.85354e+06	1.40969e+06	1.40256e+06	1.5579e+06	1.6428e+06
bushbuck	giant_eland	greater_kudu	717465	634367	909055	1.56903e+06	2.08897e+06	1.72217e+06	1.29434e+06	1.89738e+06	1.63907e+06
bushbuck	giant_eland	lesser_kudu	1.27337e+06	578532	559209	1.25202e+06	2.08931e+06	2.33422e+06	1.2714e+06	2.80342e+06	1.63938e+06
bushbuck	giant_eland	mountain_nyala	640877	881892	888364	1.67431e+06	2.08348e+06	1.39408e+06	1.66782e+06	1.83602e+06	1.63509e+06
bushbuck	giant_eland	nyala	1.15606e+06	744226	606991	1.38581e+06	2.07967e+06	2.0438e+06	1.52308e+06	2.62878e+06	1.63196e+06
bushbuck	giant_eland	sitatunga	597258	828786	895468	1.46311e+06	2.08919e+06	1.40777e+06	1.39656e+06	1.79101e+06	1.63929e+06
bushbuck	greater_kudu	lesser_kudu	1.16269e+06	550327	552531	1.25362e+06	1.57135e+06	2.33689e+06	1.25145e+06	2.18151e+06	1.72452e+06
bushbuck	greater_kudu	mountain_nyala	573469	897557	803336	1.67637e+06	1.56695e+06	1.3957e+06	1.77054e+06	1.33709e+06	1.71978e+06
bushbuck	greater_kudu	nyala	1.03563e+06	706483	606708	1.38749e+06	1.56426e+06	2.04608e+06	1.48724e+06	1.99318e+06	1.71694e+06
bushbuck	greater_kudu	sitatunga	575371	890362	742238	1.46487e+06	1.57129e+06	1.40944e+06	1.61331e+06	1.40443e+06	1.72443e+06
bushbuck	lesser_kudu	mountain_nyala	528546	1.46366e+06	521602	1.67668e+06	1.25024e+06	1.39597e+06	2.61875e+06	1.25719e+06	2.33108e+06
bushbuck	lesser_kudu	nyala	620750	901068	656053	1.38774e+06	1.24833e+06	2.04649e+06	1.63271e+06	1.21308e+06	2.32681e+06
bushbuck	lesser_kudu	sitatunga	508547	1.43614e+06	503384	1.46513e+06	1.25375e+06	1.40969e+06	2.39792e+06	1.25893e+06	2.33728e+06
bushbuck	mountain_nyala	nyala	1.32457e+06	673369	596791	1.3839e+06	1.66925e+06	2.04119e+06	1.46044e+06	2.39708e+06	1.38999e+06
bushbuck	mountain_nyala	sitatunga	600106	590127	1.05064e+06	1.46132e+06	1.6766e+06	1.40588e+06	1.00085e+06	1.22613e+06	1.3959e+06
bushbuck	nyala	sitatunga	651839	1.29457e+06	560872	1.45838e+06	1.38767e+06	1.40367e+06	2.19213e+06	1.47866e+06	2.0464e+06
eland	giant_eland	greater_kudu	1.55417e+06	365740	324253	1.33548e+06	793189	1.7263e+06	1.37697e+06	2.0231e+06	537896
eland	giant_eland	lesser_kudu	2.45054e+06	275032	246868	1.32422e+06	793344	2.71364e+06	1.35241e+06	2.99697e+06	537974
eland	giant_eland	mountain_nyala	1.52988e+06	358332	365319	1.77859e+06	791074	1.70824e+06	1.77156e+06	1.95566e+06	536510
eland	giant_eland	nyala	2.30051e+06	285932	282242	1.61482e+06	789556	2.55014e+06	1.61851e+06	2.80787e+06	535395
eland	giant_eland	sitatunga	1.47025e+06	350926	355799	1.48722e+06	793291	1.65746e+06	1.48236e+06	1.90777e+06	537947
eland	greater_kudu	lesser_kudu	1.50313e+06	515047	509352	1.32593e+06	1.33739e+06	2.71641e+06	1.33165e+06	2.33117e+06	1.72815e+06
eland	greater_kudu	mountain_nyala	802653	816017	712229	1.78074e+06	1.33367e+06	1.70987e+06	1.88445e+06	1.4241e+06	1.72303e+06
eland	greater_kudu	nyala	1.38548e+06	552774	587466	1.61672e+06	1.33082e+06	2.55261e+06	1.58196e+06	2.12884e+06	1.71971e+06
eland	greater_kudu	sitatunga	791566	860717	633007	1.48902e+06	1.33734e+06	1.6591e+06	1.71688e+06	1.4959e+06	1.72805e+06
eland	lesser_kudu	mountain_nyala	544515	1.54327e+06	529490	1.78109e+06	1.3222e+06	1.71015e+06	2.79487e+06	1.33722e+06	2.70888e+06
eland	lesser_kudu	nyala	689857	840710	716839	1.61704e+06	1.32015e+06	2.55307e+06	1.74083e+06	1.29319e+06	2.70391e+06
eland	lesser_kudu	sitatunga	514343	1.5718e+06	501455	1.48932e+06	1.32607e+06	1.65936e+06	2.55955e+06	1.33895e+06	2.71679e+06
eland	mountain_nyala	nyala	1.42112e+06	577303	639516	1.61233e+06	1.77256e+06	2.54568e+06	1.55004e+06	2.55421e+06	1.70188e+06
eland	mountain_nyala	sitatunga	602489	657981	1.07983e+06	1.48558e+06	1.78101e+06	1.65456e+06	1.06367e+06	1.30371e+06	1.71006e+06
eland	nyala	sitatunga	546684	1.44817e+06	592867	1.48198e+06	1.61696e+06	1.65148e+06	2.33721e+06	1.57077e+06	2.55296e+06
giant_eland	greater_kudu	lesser_kudu	1.49154e+06	518203	540613	1.35221e+06	1.37696e+06	2.9964e+06	1.3298e+06	2.32789e+06	2.02311e+06
giant_eland	greater_kudu	mountain_nyala	789574	851372	740644	1.77123e+06	1.37315e+06	1.95533e+06	1.88192e+06	1.42208e+06	2.01709e+06
giant_eland	greater_kudu	nyala	1.37245e+06	578493	616848	1.61821e+06	1.37028e+06	2.80734e+06	1.57979e+06	2.12588e+06	2.01334e+06
giant_eland	greater_kudu	sitatunga	779932	895491	663121	1.48207e+06	1.37691e+06	1.90746e+06	1.71457e+06	1.49372e+06	2.02298e+06
giant_eland	lesser_kudu	mountain_nyala	546049	1.57859e+06	559129	1.77157e+06	1.34846e+06	1.95566e+06	2.79106e+06	1.33535e+06	2.98813e+06
giant_eland	lesser_kudu	nyala	690405	865219	745293	1.61852e+06	1.34625e+06	2.80789e+06	1.73837e+06	1.29137e+06	2.9826e+06
giant_eland	lesser_kudu	sitatunga	515583	1.60471e+06	530864	1.48236e+06	1.35236e+06	1.90778e+06	2.55608e+06	1.33704e+06	2.99683e+06
giant_eland	mountain_nyala	nyala	1.45634e+06	602931	668780	1.61388e+06	1.76318e+06	2.79977e+06	1.54795e+06	2.55082e+06	1.94634e+06
giant_eland	mountain_nyala	sitatunga	628931	682273	1.0987e+06	1.47866e+06	1.77149e+06	1.90222e+06	1.06215e+06	1.3018e+06	1.95556e+06
giant_eland	nyala	sitatunga	570106	1.47911e+06	619935	1.47505e+06	1.61845e+06	1.89872e+06	2.33413e+06	1.56861e+06	2.80775e+06
greater_kudu	lesser_kudu	mountain_nyala	535252	1.43572e+06	525953	1.88446e+06	1.32774e+06	1.4241e+06	2.7943e+06	1.33701e+06	2.32456e+06
greater_kudu	lesser_kudu	nyala	658498	849653	691134	1.58197e+06	1.3256e+06	2.12884e+06	1.74047e+06	1.29298e+06	2.31999e+06
greater_kudu	lesser_kudu	sitatunga	531051	1.36624e+06	523848	1.71689e+06	1.33158e+06	1.4959e+06	2.55902e+06	1.33876e+06	2.33109e+06
greater_kudu	mountain_nyala	nyala	1.30518e+06	599623	627211	1.57736e+06	1.87562e+06	2.12291e+06	1.54976e+06	2.5537e+06	1.41735e+06
greater_kudu	mountain_nyala	sitatunga	615360	547748	1.19638e+06	1.71229e+06	1.88437e+06	1.49165e+06	1.06345e+06	1.30346e+06	1.42404e+06
greater_kudu	nyala	sitatunga	604134	1.24406e+06	615586	1.70849e+06	1.58189e+06	1.48884e+06	2.33674e+06	1.5705e+06	2.12877e+06
lesser_kudu	mountain_nyala	nyala	680194	722048	907742	1.73573e+06	2.78172e+06	1.28942e+06	1.55004e+06	2.55421e+06	1.33125e+06
lesser_kudu	mountain_nyala	sitatunga	436336	438477	1.92743e+06	2.55258e+06	2.79476e+06	1.33501e+06	1.06366e+06	1.30371e+06	1.33716e+06
lesser_kudu	nyala	sitatunga	708576	668663	878628	2.54715e+06	1.74075e+06	1.33301e+06	2.33721e+06	1.57078e+06	1.29314e+06
mountain_nyala	nyala	sitatunga	513473	1.76991e+06	497175	1.0584e+06	1.54996e+06	1.29766e+06	2.33113e+06	1.56633e+06	2.5541e+06
