-12319965.668947
-12242670.637793
-12319966.157768
-12319967.410325
-12242664.811878
-12277614.702614
-12319968.945273
-12319965.329907
-12319965.293642
-12319965.295572
-12319965.362338
-12319966.007737
-12319966.448798
-12319965.628564
-12319965.672502
-12319965.443972
-12319965.439009
-12319965.346041
-12319965.321041
-12319965.290338
-12319965.288584
-12319965.371904
-12319965.291262
-12319972.866276
-12319965.297519
-12319965.410092
-12319997.319000
-12319970.179234
-12319967.402083
-12319965.435683
-12242668.268327
