-11269313.725352
-11377884.302027
-11292070.399084
-11307792.155960
-11251107.800186
-11199568.479395
-11285016.284015
-11258657.632977
-11266093.055771
-11292067.186688
-11249647.566810
-11386457.941894
-11391853.277946
-11399907.735044
-11245611.157517
-11256298.206028
-11341370.361463
-11261131.298658
-11351032.551125
-11336851.690708
-11256307.750568
-11240836.616266
-11176605.820963
-11344971.062042
-11177092.871392
-11256295.829872
-11235767.287616
-11427069.786075
-11209912.820498
-11175714.735133
-11370685.922561
-11209920.232106
-11212196.616975
-11221216.346755
-11267348.933323
-11211810.461399
-11344401.675881
-11209925.741668
-11306588.927352
-11260738.372867
-11209913.659094
-11211817.705101
-11209950.194282
-11260913.776801
-11258637.189229
-11257766.988386
-11240708.995289
-11235766.995153
-11258636.205618
-11209914.032501
-11256294.578250
-11261645.492829
-11258638.677738
-11402935.424238
-11235765.869440
-11303482.447154
-11261422.849101
-11255866.433982
-11209914.038977
-11222155.298878
-11209919.828576
-11353567.233026
-11379640.663316
-11411102.536353
-11212152.305625
-11286570.937583
-11209921.666245
-11395347.514271
-11398993.975154
-11360522.004631
-11344411.134966
-11428620.369963
-11392602.209916
-11387102.236256
-11352003.290033
-11426622.886325
-11253008.219444
-11247934.489786
-11223611.287511
-11416805.934250
-11261136.563998
-11262869.605418
-11290132.301976
-11256699.230345
-11209937.673199
-11211813.296955
-11212322.471674
-11371985.074345
-11211832.538746
-11237665.729353
-11211813.345542
-11344401.457950
-11390551.458186
-11257693.169916
-11256297.236976
-11417709.941635
-11209915.457293
-11254849.346506
-11209916.443537
-11401796.980068
