-10935715.038367
-10983654.211159
-10912231.302741
-10998886.861619
-10960787.886560
-10999314.174952
-10980037.857713
-11030389.280613
-10979299.211227
-11040218.919032
-11048063.118635
-11106612.972723
-10986769.414926
-11006523.738905
-10965888.172064
-10980335.393881
-11056124.531109
-10940969.518313
-10995292.837333
-11064740.759450
-11018552.326014
-10978077.488573
-10971452.491114
-10914060.551711
-11109789.382222
-10916902.568811
-11062482.827454
-10991590.086026
-10916282.623433
-11003206.748062
-11020241.276879
-10943622.403949
-11012678.860010
-11051629.070454
-11013608.853656
-11056488.611238
-11008854.063699
-11030687.554491
-11011388.629881
-10938546.114857
-11022893.235549
-10997601.334767
-11062461.055097
-10978461.352188
-11060636.145265
-10991395.234846
-10987032.994742
-11069518.619759
-11148135.081633
-11104004.528090
-10933472.073444
-11036583.614817
-11030516.069952
-10882368.560645
-10986684.303093
-11053207.763032
-10914030.475221
-11019331.506441
-10992293.860173
-10939896.557751
-11018060.419330
-10929866.543267
-10978437.100639
-10971396.217147
-10936930.928581
-11018388.586310
-10991482.679855
-10929145.186272
-11031764.738417
-11071872.505176
-11082540.435870
-10935466.234582
-10994378.388070
-11060082.664513
-10973299.559299
-11158549.687742
-11206720.295759
-11079563.119824
-11012953.648528
-11034801.955887
-11017868.728771
-11045876.656053
-10917132.837425
-10937828.184413
-11036035.514750
-10935719.641882
-11035081.588792
-11059150.983417
-10918561.950526
-11026081.944356
-11243353.738811
-10973325.530246
-11101510.071752
-10979943.904856
-11045084.157109
-11030481.710951
-11021408.564470
-11017005.416990
-10980332.647279
-10978522.040126
