-10753096.661513
-10690164.005318
-10658654.114044
-10755350.061802
-10804004.194787
-10685331.652242
-10749404.636941
-10677556.620212
-10680753.358918
-10803558.116380
-10717360.208089
-10603410.066774
-10845295.962857
-10814114.070889
-10660037.747525
-10777334.410801
-10765626.567554
-10725162.267547
-10651807.159544
-10884932.517313
-10700087.290501
-10763966.502308
-10632500.781876
-10646007.075457
-10756151.329224
-10695395.050004
-10599883.013807
-10654053.564363
-10806223.779480
-10671151.862858
-10712501.888484
-10764866.264881
-10659671.166555
-10609999.979461
-10734760.979197
-10667284.431282
-10828789.299976
-10653775.336556
-10658545.015786
-10754754.589564
-10903627.777333
-10800869.430318
-10726048.259186
-10692973.667264
-10780459.157515
-10764175.832563
-10600436.972793
-10755351.667979
-10811162.378384
-10671301.174513
-10871975.139302
-10599889.509106
-10719121.569011
-10736635.430697
-10776861.035359
-10748681.882523
-10772290.282206
-10844055.362743
-10768336.199911
-10722175.922562
-10696245.974533
-10789445.835990
-10744122.391661
-10761368.986175
-10661865.241824
-10770134.702503
-10805776.334868
-10758154.496365
-10660516.580304
-10704290.208452
-10712532.299386
-10735148.589671
-10692194.212044
-10684969.341469
-10772909.139137
-10719610.127822
-10880287.676753
-10788233.560313
-10813262.654741
-10848643.105427
-10711138.913742
-10691693.115362
-10721032.726388
-10836718.932103
-10711527.171419
-10679064.185254
-10650121.195903
-10922325.950139
-10659409.976663
-10951105.809856
-10774627.329327
-10775036.495806
-10913835.676384
-10864127.778645
-10790657.180526
-10753457.997934
-10790105.723511
-10680000.537916
-10706738.415958
-10650309.246969
