-17916259.904657
-17695855.574192
-17718756.353303
-17819056.594282
-18015207.188690
-17737181.320600
-17875282.308214
-17664785.675171
-17942427.852712
-17916265.629114
-17926186.270331
-17760696.502333
-17942423.323708
-17916261.201107
-17916267.436826
-17759126.635256
-17760539.296367
-17923136.796400
-17916268.260734
-17932515.986522
-17926178.754409
-17870307.433775
-18090512.216725
-18098835.233902
-17932513.980089
-17942424.281743
-17874735.217215
-17759980.430370
-17810326.952867
-18152414.783282
-17932514.574284
-18025116.081942
-17769985.074088
-18015213.222043
-18025119.694157
-18031451.776765
-17664777.469367
-17926170.645256
-17926171.146725
-17916260.638626
-17853344.563124
-18154495.157822
-17814563.887632
-17926178.422820
-18015208.835220
-18194323.128113
-17683127.427850
-17926170.589719
-18240132.308088
-17777048.835732
-17784273.131047
-17961272.516716
-17926171.404403
-17916261.164546
-18015207.921723
-17942429.588178
-18015207.650915
-17942423.509479
-18213777.575845
-18184605.097014
-17926168.763612
-17932515.560842
-17926172.500969
-17733745.379653
-18214136.865969
-17942425.243985
-17932518.708168
-17907364.018299
-17812537.806036
-18124523.847102
-17916263.778938
-17932516.550114
-18015208.297654
-17916262.512293
-17819033.299612
-17916261.453909
-17902543.830101
-17916264.679229
-17780852.352484
-17932521.085165
-17926172.986480
-17932522.372993
-17916265.308773
-17932515.011724
-17916260.416455
-17963782.597465
-17777654.316585
-17837397.201587
-18137825.845561
-17777047.730884
-18212542.907679
-17800163.517125
-18139943.823647
-17932517.081525
-17916263.428607
-18245741.975913
-17926172.785066
-17916266.092347
-17928528.143611
-18015208.342418
