-17284599.385535
-17164558.720064
-17301835.137391
-17619739.016830
-17284342.656294
-17327280.083313
-17298983.250245
-17261736.686987
-17262655.672160
-17374502.700658
-17615067.364454
-17301946.060445
-17335405.253590
-17820182.609793
-17286734.975816
-17338733.328749
-17349309.872941
-17082449.966442
-17222790.163862
-17399604.183255
-17228577.670992
-17266110.151717
-17609391.152000
-17261714.906486
-17318413.342909
-17577085.021721
-17200213.474990
-17275737.692614
-17355666.944642
-17511429.307786
-17643996.387898
-17344829.092242
-17357836.111693
-17867854.247473
-17360103.597674
-17589965.490165
-17702997.994901
-17247077.507220
-17358444.616866
-17271686.984884
-17349763.987017
-17216050.172516
-17335230.309311
-17440178.110785
-17399798.856798
-17577493.488247
-17323726.482052
-17345662.355977
-17260728.365687
-17380387.891197
-17359858.864446
-17342111.031646
-17619335.854045
-17337188.841262
-17406222.567174
-17225893.245609
-17601997.920806
-17607201.445320
-17228853.979818
-17362573.215278
-17505196.526594
-17353239.559562
-17607817.673067
-17116298.041711
-17211021.114876
-17271749.477751
-17585648.972010
-17287263.221249
-17214132.782136
-17141738.213577
-17338707.220502
-17358607.417200
-17401105.522821
-17328916.478757
-17179205.564330
-17610597.244316
-17262219.179540
-17329540.964291
-17578177.926901
-17392744.920371
-17305593.594989
-17340682.470810
-17200210.590006
-17324502.937305
-17469631.964890
-17312248.153842
-17724365.791142
-17343029.505597
-17366874.191625
-17676166.333526
-17560117.031503
-17322792.451665
-17555750.811135
-17405787.732921
-17262067.112229
-17143693.666203
-17334917.692452
-17664046.046222
-17676438.971351
-17301571.052942
