-17047033.495148
-16641830.125685
-16769141.966006
-17047883.258719
-17066827.634745
-16652731.340806
-16657866.185846
-16624362.964597
-16765339.025882
-17090653.732047
-16712234.654190
-16707748.845454
-16785705.438113
-16653694.779385
-17066038.548618
-16695208.322568
-16689882.230970
-16795498.291627
-16758809.075968
-16678032.643116
-16914736.224294
-16631723.834874
-17110986.988119
-16640219.730687
-16654146.776994
-16671377.017533
-16869734.830801
-16990564.519099
-16913759.098303
-16599213.594391
-16978553.365294
-16697262.581084
-16643088.277846
-16681414.629157
-17046013.794785
-16969898.159371
-17012521.349300
-16714278.019593
-16931951.687628
-16647735.318967
-16632554.203421
-16992439.804282
-16715724.069225
-17017309.753801
-16945104.956687
-16785257.632642
-17059153.011174
-16954320.215155
-16565227.642437
-16674314.706213
-16676052.518159
-16680238.368005
-17191426.290307
-16955664.626949
-17090979.129585
-17166720.365765
-16779026.189092
-17038154.285585
-16726599.047643
-16759634.851679
-16642599.948388
-16705970.662905
-16701816.150441
-16735685.752118
-16738175.555729
-16995761.404004
-16831773.903636
-16636899.533293
-16748993.104373
-17047088.817557
-17066469.692308
-16785179.916684
-16887115.747542
-16695433.631164
-16923266.337189
-17139211.075580
-16704816.182020
-16857440.854912
-16974421.695290
-16871533.297367
-17037279.004538
-17011982.568933
-16807344.626007
-16937637.621887
-16715847.650630
-16722239.060245
-16544527.002038
-17017872.755327
-16999824.779852
-16722394.543844
-17039167.724862
-16719518.765906
-16575841.697394
-16641096.133329
-17031877.219438
-16975189.942186
-16639235.150816
-16645982.711484
-17037595.104234
-16641214.050528
