-16308199.650454
-16093114.258751
-16223142.358633
-16150741.325550
-16308219.845564
-16130712.776907
-16417594.451252
-16330221.640357
-16468206.596548
-16631594.834030
-16220156.933827
-16347267.515564
-16185726.582448
-16324448.020449
-16435587.051072
-16379635.723138
-16565981.346581
-16101963.936850
-16550498.551765
-16489382.496510
-16145247.853652
-16319997.972018
-16202627.434704
-16332380.745382
-16385575.386156
-16471784.727688
-16337707.030579
-16449559.689871
-16251439.316335
-16337276.357408
-16344275.312041
-16539625.754435
-16294756.816738
-16435876.565313
-16255628.151496
-16359354.604640
-16294932.992558
-16497856.243987
-16220582.733450
-16670829.779576
-16437458.494556
-16093695.077614
-16220287.232156
-16408308.381492
-16260114.337273
-16346215.663300
-16491278.237885
-16203303.893531
-16520996.154494
-16363203.291765
-16231628.481208
-16379397.893694
-16443134.510220
-16356877.313000
-16469033.719037
-16505305.049038
-16155571.384324
-16171117.497912
-16191842.680713
-16222514.272005
-16498541.327520
-16300038.373063
-16190357.338295
-16687712.161024
-16349111.463861
-16320028.008742
-16190870.482249
-16368826.862229
-16493066.996095
-16550400.628774
-16595705.839452
-16254573.994381
-16745383.030101
-16422568.805950
-16070197.733493
-16604217.645633
-16794784.906604
-16424173.562305
-16333428.758587
-16072859.956461
-16443914.758642
-16770007.132284
-16489041.790514
-16599845.996108
-16566096.119867
-16269506.246559
-16373324.151497
-16213840.738866
-16400978.857757
-16456879.407194
-16081098.510621
-16485557.568999
-16071857.743976
-16187000.908880
-16378571.117843
-16093533.056134
-16432494.860713
-16471439.835085
-16229653.076659
-16306009.680259
