-16220149.291627
-15840911.305721
-15566541.858066
-15806565.436351
-15715686.606428
-16038959.875217
-15880587.872524
-15902544.855176
-15868535.341585
-16112521.019740
-15808880.572529
-15963037.889415
-16268144.620381
-15936861.911939
-16134152.182389
-15613304.457059
-16179755.992850
-15738905.783534
-15949632.029466
-15842913.509574
-15786330.095582
-15787915.371651
-15921052.326757
-16061369.034286
-16119159.551048
-15880629.780210
-15949669.862615
-15904254.788608
-15744007.940302
-15833442.678635
-15992253.323661
-16010862.133758
-15964139.197585
-15893655.285003
-16247405.910815
-15840981.681556
-15837530.937326
-15869596.458004
-15820884.852458
-15887521.126052
-16188456.268078
-15856931.644066
-15845671.707542
-15793804.538253
-16155883.483042
-15831860.494337
-15833053.263362
-15685288.207413
-15742095.333597
-15833513.301603
-15874255.935212
-15977723.523246
-15680350.579849
-15603555.033067
-15845504.174752
-15960060.814998
-15672234.126455
-16186922.941698
-16040666.206200
-15876145.897461
-16078829.075333
-15890808.486363
-15971477.691896
-15840742.723857
-15959942.400166
-15664206.739682
-15943864.226377
-15849365.392714
-15916913.289462
-15877520.129192
-15534184.769588
-15818843.715796
-15939721.672576
-15689169.660339
-16105380.111898
-16166853.912102
-16086081.511489
-15596704.112736
-16155263.377056
-15800799.700871
-15828329.240419
-16115021.221512
-15902897.437476
-15746600.449892
-16133249.436421
-15750035.071189
-16094935.075863
-15743422.963056
-15939144.273653
-15760106.382244
-15594105.761095
-16260595.042514
-15886101.179976
-15699426.560743
-15629201.088626
-15876184.750470
-15563712.656448
-15869689.924374
-15974860.449986
-15733936.282646
