 12.277789 -14.797757
 14.817153 -14.797757
  8.468745 -12.258694
 11.008108 -12.258694
 13.547471 -12.258694
 16.086834 -12.258694
  7.199063  -9.719632
  9.738426  -9.719632
 12.277789  -9.719632
 14.817153  -9.719632
  5.929381  -7.180569
  8.468745  -7.180569
 11.008108  -7.180569
 13.547471  -7.180569
 16.086834  -7.180569
  7.199063  -4.641507
  9.738426  -4.641507
 12.277789  -4.641507
 14.817153  -4.641507
  5.929381  -2.102444
  8.468745  -2.102444
 11.008108  -2.102444
 13.547471  -2.102444
 16.086834  -2.102444
  7.199063   0.436618
  9.738426   0.436618
 12.277789   0.436618
 14.817153   0.436618
  8.468745   2.975681
 11.008108   2.975681
 13.547471   2.975681
 16.086834   2.975681
  7.199063   5.514743
  9.738426   5.514743
 12.277789   5.514743
 14.817153   5.514743
  5.929381   8.053806
  8.468745   8.053806
 11.008108   8.053806
 13.547471   8.053806
 16.086834   8.053806
 -2.958390  10.592868
 -0.419027  10.592868
  2.120336  10.592868
  4.659700  10.592868
  7.199063  10.592868
  9.738426  10.592868
 12.277789  10.592868
 14.817153  10.592868
-19.464251  13.131931
-16.924888  13.131931
-14.385525  13.131931
 -9.306798  13.131931
 -6.767435  13.131931
 -4.228072  13.131931
 -1.688709  13.131931
  0.850655  13.131931
  3.390018  13.131931
  5.929381  13.131931
  8.468745  13.131931
 11.008108  13.131931
 13.547471  13.131931
 16.086834  13.131931
-25.812660  15.670993
-23.273296  15.670993
-20.733933  15.670993
-18.194570  15.670993
-15.655206  15.670993
-13.115843  15.670993
-10.576480  15.670993
 -8.037117  15.670993
 -5.497753  15.670993
 -2.958390  15.670993
 -0.419027  15.670993
  2.120336  15.670993
  4.659700  15.670993
  7.199063  15.670993
  9.738426  15.670993
 12.277789  15.670993
 14.817153  15.670993
-32.161068  18.210056
-29.621704  18.210056
-27.082341  18.210056
-24.542978  18.210056
-22.003615  18.210056
-19.464251  18.210056
-16.924888  18.210056
-14.385525  18.210056
-11.846162  18.210056
 -9.306798  18.210056
 -6.767435  18.210056
 -4.228072  18.210056
 -1.688709  18.210056
  0.850655  18.210056
  3.390018  18.210056
  5.929381  18.210056
  8.468745  18.210056
 11.008108  18.210056
 13.547471  18.210056
 16.086834  18.210056
-33.430749  20.749118
-30.891386  20.749118
-28.352023  20.749118
-25.812660  20.749118
-23.273296  20.749118
-20.733933  20.749118
-18.194570  20.749118
-15.655206  20.749118
-13.115843  20.749118
-10.576480  20.749118
 -8.037117  20.749118
 -5.497753  20.749118
 -2.958390  20.749118
 -0.419027  20.749118
  2.120336  20.749118
  4.659700  20.749118
  7.199063  20.749118
  9.738426  20.749118
 12.277789  20.749118
 14.817153  20.749118
-32.161068  23.288181
-29.621704  23.288181
-27.082341  23.288181
-24.542978  23.288181
-22.003615  23.288181
-19.464251  23.288181
-16.924888  23.288181
-14.385525  23.288181
-11.846162  23.288181
 -9.306798  23.288181
 -6.767435  23.288181
 -4.228072  23.288181
 -1.688709  23.288181
  0.850655  23.288181
  3.390018  23.288181
  5.929381  23.288181
  8.468745  23.288181
 11.008108  23.288181
 13.547471  23.288181
 16.086834  23.288181
-33.430749  25.827243
-30.891386  25.827243
-28.352023  25.827243
-25.812660  25.827243
-23.273296  25.827243
-20.733933  25.827243
-18.194570  25.827243
-15.655206  25.827243
-13.115843  25.827243
-10.576480  25.827243
 -8.037117  25.827243
 -5.497753  25.827243
 -2.958390  25.827243
 -0.419027  25.827243
  2.120336  25.827243
  4.659700  25.827243
  7.199063  25.827243
  9.738426  25.827243
 12.277789  25.827243
 14.817153  25.827243
-32.161068  28.366306
-29.621704  28.366306
-27.082341  28.366306
-24.542978  28.366306
-22.003615  28.366306
-19.464251  28.366306
-16.924888  28.366306
-14.385525  28.366306
-11.846162  28.366306
 -9.306798  28.366306
 -6.767435  28.366306
 -4.228072  28.366306
 -1.688709  28.366306
  0.850655  28.366306
  3.390018  28.366306
  5.929381  28.366306
  8.468745  28.366306
 11.008108  28.366306
 13.547471  28.366306
 16.086834  28.366306
-28.352023  30.905368
-25.812660  30.905368
-23.273296  30.905368
-20.733933  30.905368
-18.194570  30.905368
-15.655206  30.905368
-13.115843  30.905368
-10.576480  30.905368
 -8.037117  30.905368
 -5.497753  30.905368
 -2.958390  30.905368
 -0.419027  30.905368
  2.120336  30.905368
  4.659700  30.905368
  7.199063  30.905368
  9.738426  30.905368
 12.277789  30.905368
 14.817153  30.905368
-24.542978  33.444431
-22.003615  33.444431
-19.464251  33.444431
-16.924888  33.444431
-14.385525  33.444431
-11.846162  33.444431
 -9.306798  33.444431
 -6.767435  33.444431
 -4.228072  33.444431
 -1.688709  33.444431
  0.850655  33.444431
  3.390018  33.444431
  5.929381  33.444431
  8.468745  33.444431
 11.008108  33.444431
 13.547471  33.444431
 16.086834  33.444431
-18.194570  35.983493
-15.655206  35.983493
-13.115843  35.983493
-10.576480  35.983493
 -8.037117  35.983493
 -5.497753  35.983493
 -2.958390  35.983493
 -0.419027  35.983493
  2.120336  35.983493
  4.659700  35.983493
  7.199063  35.983493
  9.738426  35.983493
 12.277789  35.983493
 14.817153  35.983493
-16.924888  38.522556
-14.385525  38.522556
-11.846162  38.522556
 -9.306798  38.522556
 -6.767435  38.522556
 -4.228072  38.522556
 -1.688709  38.522556
  0.850655  38.522556
  3.390018  38.522556
  5.929381  38.522556
  8.468745  38.522556
 11.008108  38.522556
 13.547471  38.522556
 16.086834  38.522556
 -0.419027  41.061618
  2.120336  41.061618
  4.659700  41.061618
  7.199063  41.061618
  9.738426  41.061618
 12.277789  41.061618
  0.850655  43.600681
  3.390018  43.600681
  5.929381  43.600681
  8.468745  43.600681
 11.008108  43.600681
  4.659700  46.139743
  7.199063  46.139743
  9.738426  46.139743
  5.929381  48.678806
  8.468745  48.678806
 11.008108  48.678806
