-22.843881  32.305359
 -7.532051  35.932871
  0.599677  24.417248
  1.872594  35.531457
 -2.316567  16.241666
-26.860334  25.795283
  5.038927  39.159035
  0.812515  16.725732
-18.275517  32.188811
  6.221200  35.634229
  1.675383  36.999805
 15.073230  -1.721067
 -7.858478  38.635117
 15.444321  -3.159525
 11.971471 -14.753767
  2.688666  41.533418
 11.740695  -3.382297
-13.132503  26.317712
-14.041370  36.013742
-12.447008  28.851475
-20.451813  33.089321
  8.319814  28.715861
-20.506372  20.914889
-13.118239  14.192813
  6.646188  30.612203
 15.107316  16.915561
-29.427242  19.583853
 -3.091061  22.492106
-15.602930  23.792518
 14.650787   7.221941
 -0.091206  35.090650
-25.577802  19.848428
 16.039471   0.301815
-10.107172  19.774008
  3.926716  47.016800
-16.245172  25.829185
 -6.015689  19.032253
 -7.547909  19.422890
 10.982882  10.563331
  2.684942  26.386755
 -5.783323  27.201247
 11.945951   8.449419
