  0.128624 560.720405
  0.119858 569.492460
  0.118792 565.973456
  0.114440 645.774507
  0.112725 637.588123
  0.112311 535.390858
  0.106992 558.398477
  0.116524 570.037771
  0.117972 604.785731
  0.107072 653.349566
  0.116113 553.675568
  0.110282 569.842691
  0.111050 608.809903
  0.110861 546.588187
  0.113514 572.464647
  0.115246 609.160852
  0.110867 601.421382
  0.121550 510.815262
  0.126672 577.666328
  0.126089 587.157382
  0.121477 606.687992
  0.123743 556.807674
  0.121814 581.589252
  0.121801 598.414669
  0.127975 587.392252
  0.126925 633.426009
  0.130570 543.738065
  0.124037 594.018194
  0.116865 596.586873
  0.115118 592.839562
  0.119990 629.620845
  0.124948 572.551942
  0.110398 602.048816
  0.108149 606.584231
  0.110518 611.556576
  0.111236 561.377185
  0.106341 538.854369
  0.107783 608.194251
  0.115205 592.901749
  0.123407 596.713458
  0.119980 602.122578
  0.117080 659.109693
  0.114494 600.754855
  0.121020 552.118782
  0.124904 585.018489
  0.116006 570.058056
  0.116151 593.083600
  0.111811 548.194324
  0.107500 538.618046
  0.113531 585.135523
  0.118247 587.330007
  0.121828 582.805894
  0.120013 617.993591
  0.127480 578.485387
  0.130417 602.277070
  0.121624 574.074308
  0.130002 619.179877
  0.123878 652.464341
  0.122523 638.987773
  0.122831 522.587263
  0.119136 619.400917
  0.118537 567.071906
  0.124125 657.453200
  0.126040 619.056053
  0.124713 664.171847
  0.116758 605.415607
  0.107611 523.389867
  0.107996 594.599965
  0.109588 598.033869
  0.115247 573.868411
  0.115474 592.662098
  0.113876 591.700655
  0.113171 535.821827
  0.115872 593.032577
  0.109105 652.808781
  0.108140 546.961670
  0.107943 562.521819
  0.103638 584.232473
  0.115988 592.792721
  0.111814 606.638101
  0.113857 588.681301
  0.104373 550.352146
  0.107705 619.339797
  0.106960 637.381142
  0.111418 546.735331
  0.113536 592.026826
  0.116249 613.494950
  0.119635 596.090066
  0.112699 599.354520
  0.110373 575.229733
  0.115188 563.943889
  0.117064 695.620810
  0.112252 632.338283
  0.110801 572.475559
  0.118609 620.105490
  0.109820 622.372945
  0.115037 649.109619
  0.117166 604.554214
  0.115845 641.534298
  0.115127 617.696142
  0.114938 616.162994
  0.111597 585.000354
  0.102352 639.575167
  0.104551 590.608658
  0.108278 592.668993
  0.107212 669.359815
  0.118819 666.240687
  0.125276 537.811564
  0.116619 618.336924
  0.119924 602.898057
  0.127886 718.622046
  0.127510 537.963640
  0.122305 581.241802
  0.114737 587.605126
  0.117419 634.575967
  0.119181 606.748103
  0.114581 622.031663
  0.118009 604.393262
  0.122030 584.962985
  0.124038 571.131867
  0.118277 632.756698
  0.116010 551.136381
  0.113014 591.046583
  0.120729 542.720367
  0.124684 605.984463
  0.119203 578.567229
  0.115815 661.806962
  0.119386 549.349662
  0.118935 588.589570
  0.121514 595.984639
  0.122153 643.120442
  0.113283 580.969334
  0.110153 573.313798
  0.109368 556.151374
  0.110082 595.614463
  0.103769 617.563887
  0.109925 544.793986
  0.116967 632.461619
  0.106184 556.385771
  0.105732 591.889743
  0.108234 668.366980
  0.108075 644.407591
  0.105869 546.387021
  0.126916 579.990488
  0.120454 607.423006
  0.113841 634.676280
  0.121523 559.553789
  0.123060 546.039047
  0.115785 586.989241
  0.124143 630.721223
  0.111553 530.741148
  0.111814 588.272902
  0.116662 585.392702
  0.117818 635.876042
  0.112514 538.925196
  0.104793 610.901029
  0.104117 603.394165
  0.108671 582.560243
  0.111354 602.484773
  0.110878 685.397045
  0.108939 558.537983
  0.106663 638.689305
  0.115988 567.002371
  0.119005 551.234472
  0.118541 561.499098
  0.120748 523.613290
  0.128114 630.188310
  0.120869 621.842984
  0.119277 594.919890
  0.120432 604.882946
  0.118500 547.670790
  0.116588 566.535414
  0.124790 569.332261
  0.123984 611.112864
  0.117283 633.933413
  0.125844 558.773379
  0.122421 624.330017
  0.122088 585.315983
  0.117425 580.166436
  0.114782 559.930176
  0.116346 566.210913
  0.127891 560.263050
  0.125225 589.334662
  0.119523 565.589489
  0.108915 619.041891
  0.117257 567.508468
  0.121033 586.700150
  0.127629 604.943031
  0.124251 634.371339
  0.112079 594.302267
  0.112477 657.119756
  0.111211 638.332135
  0.106234 592.103658
  0.106394 657.104695
  0.114283 532.688798
  0.119952 573.307034
  0.122135 639.112022
  0.130655 608.330707
  0.125847 544.389825
  0.118577 619.963545
  0.119048 565.743791
  0.112657 624.996955
  0.112963 589.387396
  0.113757 627.353755
  0.114672 552.800374
  0.110776 546.294783
  0.123095 570.381667
  0.116914 633.860325
  0.115831 594.636026
  0.124159 618.420467
  0.114531 593.177488
  0.116935 576.075945
  0.120074 561.339982
  0.114228 563.083345
  0.123119 557.139886
  0.123092 660.826106
  0.127449 537.189285
  0.121241 567.085064
  0.120004 555.177526
  0.123052 638.938764
  0.119257 552.567402
  0.115185 594.354788
  0.108275 638.536716
  0.106374 579.571252
  0.103678 639.550393
  0.112825 593.366813
  0.110131 615.591703
  0.115886 582.574085
  0.120379 544.425371
  0.121538 592.766713
  0.130484 619.637226
  0.114232 534.043465
  0.114407 585.226280
  0.117763 605.619358
  0.111482 612.221048
  0.112919 638.950715
  0.117153 524.675036
  0.117951 576.884021
  0.123306 529.684103
  0.121454 594.006110
  0.116952 654.273025
  0.122104 602.806327
  0.124521 606.786869
  0.125431 583.949131
  0.123764 553.562962
  0.126797 597.417351
  0.125780 583.639821
  0.123249 486.390468
  0.125878 601.545553
  0.122087 582.997325
  0.123488 532.504121
  0.126171 565.812259
  0.121979 611.780197
  0.123345 543.125346
  0.128857 554.774035
  0.129667 615.255466
  0.121001 577.420583
  0.118340 606.551282
  0.121396 621.983113
  0.118481 615.437402
  0.109823 604.091207
  0.116132 647.649100
  0.115339 609.925160
  0.112574 669.254041
  0.112663 617.948754
  0.115243 594.790019
  0.111812 588.329678
  0.110598 624.138730
  0.109204 588.142214
  0.110734 590.763346
  0.118720 565.972664
  0.119910 529.015425
  0.122002 599.977222
  0.129738 547.484270
  0.130202 553.283267
  0.123724 612.736049
  0.124388 602.059109
  0.125259 584.911683
  0.128568 559.309918
  0.127297 550.609698
  0.127435 578.144518
  0.121285 600.548419
  0.117593 561.120090
  0.112591 634.437214
  0.110859 625.420015
  0.109868 603.849983
  0.117403 592.102018
  0.109305 581.636763
  0.117770 622.238575
  0.118714 559.382863
  0.119233 628.585036
  0.117399 571.553121
  0.121918 623.786429
  0.126492 555.597014
  0.120833 568.503082
  0.121734 558.164465
  0.120186 553.201204
  0.123544 578.748383
  0.125023 574.149278
  0.130009 582.991461
  0.128466 611.429917
  0.121228 600.015873
  0.111426 567.719861
  0.115981 584.079504
  0.111243 622.771935
  0.109072 571.238605
  0.108984 492.075323
  0.112008 601.831898
  0.114779 585.436441
  0.109265 699.591923
  0.111220 560.143196
  0.115163 596.575982
  0.117158 652.292301
  0.124304 606.817212
  0.129730 622.633460
  0.130442 651.799516
  0.125781 661.728775
  0.122678 579.485187
  0.128025 602.884934
  0.122532 565.559461
  0.112023 622.248990
  0.114945 607.368956
  0.128536 650.624578
  0.126868 585.684473
  0.125691 607.765330
  0.123999 624.825459
  0.130782 555.903206
  0.116942 571.479024
  0.113113 547.069529
  0.113663 625.931915
  0.109315 583.181779
  0.113835 614.716331
  0.115188 598.539801
  0.110219 600.779349
  0.111076 646.749571
  0.112966 622.838924
  0.102260 570.989393
  0.103571 598.346517
  0.104342 679.165788
  0.108975 593.623056
  0.115034 554.187259
  0.114223 592.193557
  0.105741 664.641828
  0.111668 665.568903
  0.114183 605.314880
  0.118852 626.089156
  0.117205 567.681602
  0.112231 536.386963
  0.108733 578.080989
  0.110355 626.091600
  0.115126 541.551384
  0.113871 569.011834
  0.125971 620.472492
  0.124614 582.003144
  0.124298 699.637897
  0.124336 566.961275
  0.120987 579.673158
  0.119558 606.232154
  0.115539 596.337847
  0.124010 578.963951
  0.127037 609.732450
  0.121442 585.647763
  0.119788 548.387039
  0.121665 582.246716
  0.124521 598.512760
  0.121878 598.383363
  0.127321 577.325642
  0.124167 516.848156
  0.122848 621.583458
  0.121244 577.168201
  0.119352 581.366915
  0.117996 619.563393
  0.116125 601.048079
  0.120900 608.100674
  0.122170 589.223159
  0.117335 600.933933
  0.113169 606.061142
  0.117526 529.717405
  0.114815 627.291770
  0.114219 568.362901
  0.107520 626.507491
  0.105489 570.002433
  0.108477 669.311202
  0.109929 558.612524
  0.111963 619.453766
  0.110807 588.226390
  0.105056 595.979682
  0.109426 604.546407
  0.116581 598.302011
  0.114405 564.707227
  0.110923 552.415972
  0.128882 624.058495
  0.123414 605.031935
  0.129525 595.285956
  0.128671 623.236052
  0.129891 603.966503
  0.126443 588.172613
  0.127200 658.132675
  0.118312 626.785697
  0.116334 583.722059
  0.122018 524.135893
  0.122815 576.266259
  0.118365 544.506837
  0.111808 630.699704
  0.105421 603.947366
  0.112157 627.213791
  0.114800 577.407638
  0.112238 634.925732
  0.105332 592.700115
  0.111659 630.809920
  0.121896 594.257040
  0.125988 555.688619
  0.120524 573.842156
  0.126479 535.685653
  0.118328 555.578001
  0.123664 651.537670
  0.124723 584.750797
  0.120738 600.948535
  0.119832 602.534458
  0.120872 583.487142
  0.133098 578.181471
  0.125156 610.852717
  0.126814 575.094784
  0.124758 576.899706
  0.128790 542.895576
  0.122647 570.156041
  0.126470 544.899070
  0.127320 614.541454
  0.124643 611.079047
  0.125579 537.763405
  0.128733 601.458982
  0.128392 658.057096
  0.124313 609.353116
  0.119903 593.348524
  0.120968 588.173218
  0.128970 606.027477
  0.126038 644.578219
  0.124828 600.594003
  0.121684 667.242068
  0.124465 564.148692
  0.119907 633.983343
  0.111632 610.025687
  0.107018 640.136103
  0.126608 665.046819
  0.130295 581.762020
  0.126389 638.712235
  0.122428 551.196895
  0.115007 568.198817
  0.111459 644.796389
  0.106519 653.067865
  0.111068 604.168032
  0.104932 597.573530
  0.106694 564.161875
  0.114876 579.325997
  0.112608 651.323659
  0.119985 606.046314
  0.113692 629.796167
  0.109733 657.860931
  0.105335 602.095066
  0.112995 625.338696
  0.117661 606.377063
  0.121240 584.726004
  0.120147 604.409565
  0.113544 579.188551
  0.119217 561.543741
  0.111503 531.794448
  0.106570 655.229508
  0.104080 622.458086
  0.102222 584.780498
  0.113096 556.211387
  0.120416 677.004709
  0.121771 555.394283
  0.112191 594.913772
  0.111314 523.898053
  0.112857 600.346147
  0.120740 603.500441
  0.115349 576.732601
  0.112128 626.121381
  0.113584 629.196645
  0.116789 590.807195
  0.120979 575.182700
  0.116676 616.335410
  0.113453 677.099434
  0.113865 547.929063
  0.118486 649.368864
  0.121307 598.560193
  0.122691 597.206172
  0.128895 588.341223
  0.124995 611.039397
  0.125988 606.263712
  0.125674 633.824296
  0.126382 599.768590
  0.118673 565.551682
  0.113987 582.354933
  0.110735 604.633121
  0.118174 660.287756
  0.121309 570.162335
  0.123860 574.774242
  0.125199 588.432830
  0.123846 558.188920
  0.119765 634.569525
  0.119977 601.749635
  0.113016 613.636611
  0.118239 564.381366
  0.114086 577.462467
  0.117379 558.241348
  0.122413 573.153561
  0.119612 592.229650
  0.121875 615.664586
  0.123932 614.084804
  0.122069 558.416439
  0.121181 575.510447
  0.114619 584.777634
  0.118481 612.788029
  0.117396 635.713905
  0.116032 586.043606
  0.110193 585.286990
  0.118578 534.096132
  0.119238 580.403908
  0.125028 570.820861
  0.124160 530.478012
  0.124462 633.812561
  0.116487 587.996837
  0.118748 560.483555
  0.117457 557.754485
  0.121932 593.818190
  0.127269 539.461304
  0.125151 599.996203
  0.118461 568.889449
  0.110553 598.856960
  0.109883 631.397946
  0.108736 609.024321
  0.109429 550.025276
  0.102073 608.644034
  0.106945 530.137510
  0.107972 524.300052
  0.101572 532.659354
  0.106467 648.677038
  0.110546 572.841843
  0.116405 611.165460
  0.122349 609.228936
  0.113043 588.341810
  0.116295 584.857013
  0.111502 615.288121
  0.103523 617.940935
  0.105953 582.492393
  0.114806 581.197577
  0.106750 626.406284
  0.118413 623.320992
  0.124874 593.587271
  0.126895 618.783650
  0.116320 633.088845
  0.113988 547.116707
  0.118536 554.765979
  0.123354 561.114114
  0.123310 586.746569
  0.121825 574.084967
  0.123190 520.882350
  0.124346 627.293687
  0.116303 629.103508
  0.117474 662.591661
  0.115538 561.293118
  0.119594 552.977863
  0.110915 659.493182
  0.115936 550.900907
  0.104846 656.570364
  0.103223 639.777737
  0.106501 590.243919
  0.104369 566.259007
  0.114407 575.054625
  0.112129 531.243386
  0.120220 646.397479
  0.115207 596.712592
  0.117262 599.289987
  0.110856 586.516398
  0.110943 605.438902
  0.107916 604.061833
  0.111162 584.999600
  0.110460 595.331252
  0.121506 608.267902
  0.119856 629.172321
  0.119509 559.378267
  0.108640 621.971313
  0.107598 627.444140
  0.106931 552.560059
  0.113182 619.507402
  0.114694 528.721558
  0.116449 534.879381
  0.113273 594.182653
  0.114816 632.587501
  0.112885 613.800268
  0.115959 612.114424
  0.110235 637.533883
  0.110207 592.975067
  0.111182 551.126762
  0.116609 554.922756
  0.115885 600.671039
  0.116257 616.348543
  0.119464 588.191221
  0.120541 623.716931
  0.118311 621.334053
  0.114967 611.600785
  0.116779 680.021180
  0.110644 592.365784
  0.118850 635.490439
  0.125476 589.096904
  0.128547 656.714574
  0.114806 596.956150
  0.115138 580.085901
  0.112311 596.730893
  0.112378 568.253615
  0.117740 648.224700
  0.119101 585.440159
  0.113659 560.868862
  0.123410 581.568099
  0.128633 592.312531
  0.125249 666.191873
  0.117243 699.107526
  0.125263 640.059896
  0.127541 640.055967
  0.127712 638.809982
  0.122373 591.115322
  0.122113 617.303668
  0.128617 594.664456
  0.126352 552.098339
  0.128149 600.839664
  0.123795 602.868437
  0.124765 692.311523
  0.116751 573.567589
  0.124425 654.962822
  0.126855 574.817868
  0.117350 588.896543
  0.124915 599.355082
  0.114805 625.223271
  0.110358 610.757184
  0.108810 642.705698
  0.110226 647.768783
  0.112940 585.806933
  0.113425 517.738369
  0.115112 540.844582
  0.108708 649.611362
  0.103292 596.102591
  0.107943 642.589935
  0.102012 617.146024
  0.105343 624.777464
  0.104891 585.238423
  0.106122 566.230033
  0.108625 584.371598
  0.107983 633.148360
  0.114055 574.098561
  0.119075 560.623220
  0.123959 580.585423
  0.119488 564.480156
  0.115497 600.945883
  0.123829 630.601154
  0.126179 574.946820
  0.130791 608.986729
  0.130391 557.533668
  0.119043 545.207072
  0.125131 612.191508
  0.114974 675.779399
  0.119375 571.934635
  0.120236 594.284370
  0.119320 599.138812
  0.114571 651.146870
  0.118948 611.815146
  0.118436 626.219182
  0.121375 595.546281
  0.122902 626.263544
  0.121002 565.899081
  0.124396 543.713134
  0.120533 563.932017
  0.122339 555.116497
  0.118176 581.593407
  0.114773 604.465182
  0.119935 617.492722
  0.114076 612.638424
  0.122185 591.538967
  0.127033 619.120804
  0.128303 647.502039
  0.122573 617.371762
  0.118054 615.720512
  0.120710 568.169391
  0.124510 606.631166
  0.125479 628.591760
  0.124242 649.709463
  0.116168 576.619522
  0.119795 595.276475
  0.124999 582.891831
  0.125616 631.327994
  0.120130 595.683934
  0.117881 606.375983
  0.119683 565.810820
  0.107760 630.943861
  0.114660 589.413724
  0.124956 598.058419
  0.128240 571.829574
  0.128513 668.319587
  0.125710 611.744183
  0.124544 601.574780
  0.121072 659.180287
  0.120047 618.630819
  0.127543 593.343447
  0.117147 624.141213
  0.118313 631.908154
  0.117649 596.849654
  0.118490 572.280559
  0.115759 661.774802
  0.113934 655.088880
  0.112091 547.683273
  0.115951 616.072577
  0.120204 612.985086
  0.120719 577.152257
  0.126450 591.570513
  0.122500 551.102187
  0.120078 640.897910
  0.118484 630.623200
  0.109918 595.699289
  0.116423 548.087712
  0.107949 532.802659
  0.107088 606.259452
  0.111111 606.641427
  0.111282 649.987564
  0.113843 597.223035
  0.114473 615.254388
  0.110797 576.433360
  0.105780 629.268614
  0.107341 606.582536
  0.106232 598.324726
  0.114056 651.694276
  0.119716 582.713716
  0.116910 587.867057
  0.113649 547.932189
  0.114142 558.949332
  0.114220 619.921975
  0.115897 542.353492
  0.123449 573.355211
  0.123230 623.930945
  0.127385 530.158601
  0.114648 588.352289
  0.114972 565.491235
  0.104549 623.522090
  0.105864 575.231835
  0.105590 584.374832
  0.107830 580.235676
  0.109680 624.475205
  0.113709 581.236696
  0.119838 616.957188
  0.120249 577.512156
  0.121641 592.677518
  0.121360 613.301226
  0.117405 605.527951
  0.114495 655.322178
  0.125091 625.802839
  0.129134 589.733402
  0.120314 607.424150
  0.111173 558.118422
  0.112772 600.474315
  0.115100 611.785817
  0.121163 675.739758
  0.124789 556.493088
  0.120977 616.819671
  0.123724 616.790616
  0.119957 561.247395
  0.115643 596.231928
  0.119863 581.287223
  0.115096 648.329329
  0.111926 577.058796
  0.107247 595.101805
  0.110080 652.886192
  0.107222 596.539999
  0.106459 634.046575
  0.107171 619.835095
  0.112464 546.527501
  0.123633 590.580117
  0.113442 563.563437
  0.112718 530.187584
  0.110803 634.654721
  0.113570 565.073224
  0.107367 583.439931
  0.111791 588.922189
  0.104371 567.843432
  0.109098 568.800368
  0.113490 601.026668
  0.117105 561.417977
  0.122738 530.757985
  0.113597 632.411816
  0.106189 562.086376
  0.116220 627.042603
  0.118349 619.320256
  0.117060 594.607747
  0.109388 540.166173
  0.105415 605.205710
  0.106377 587.114049
  0.106692 642.454115
  0.110244 573.633143
  0.105037 633.943874
  0.108377 592.307966
  0.113499 590.917435
  0.111837 558.110509
  0.109262 549.176984
  0.110277 608.762926
  0.113080 579.054117
  0.113462 575.356691
  0.119562 625.665280
  0.120504 675.233112
  0.120465 581.172935
  0.117740 565.328078
  0.120644 579.328896
  0.121690 603.592514
  0.123751 560.346037
  0.127448 558.441779
  0.124719 584.745435
  0.115279 609.842155
  0.113594 546.296548
  0.110177 600.733694
  0.117217 580.831310
  0.113164 563.254023
  0.114576 603.108780
  0.117479 505.928683
  0.119690 668.390217
  0.115566 569.901262
  0.119732 600.998160
  0.120530 566.797116
  0.113292 652.524362
  0.113149 620.189869
  0.117220 645.685203
  0.115517 566.472177
  0.119591 613.498475
  0.117855 607.321833
  0.121491 605.231777
  0.112152 611.140019
  0.108938 621.672959
  0.105082 629.373227
  0.102365 628.120154
  0.112383 603.334297
  0.107812 642.313841
  0.111338 618.988609
  0.108403 661.760987
  0.114909 635.079266
  0.115867 622.173234
  0.110331 599.508939
  0.117698 599.651435
  0.114998 642.067625
  0.120414 600.427270
  0.122209 550.193835
  0.129613 602.270189
  0.127355 615.587454
  0.125754 624.554205
  0.123737 605.569262
  0.119267 573.588966
  0.123701 614.385045
  0.122054 651.594312
  0.119631 643.589139
  0.118641 569.799165
  0.113016 528.577063
  0.121754 550.372092
  0.116049 623.400808
  0.112721 617.184668
  0.120100 629.002523
  0.117380 607.546945
  0.114082 610.105034
  0.116326 580.867217
  0.114816 579.953456
  0.120648 644.175815
  0.121854 626.806063
  0.125767 558.796819
  0.129146 558.602687
  0.128662 650.427494
  0.124660 627.959264
  0.121043 570.247648
  0.121798 608.622090
  0.120707 587.736545
  0.123718 605.843996
  0.130517 554.106724
  0.123691 586.140783
  0.127239 586.115713
  0.118702 610.877562
  0.115434 548.775280
  0.117160 605.148121
  0.121598 592.404213
  0.116214 598.725398
  0.128493 582.260200
  0.124458 644.138351
  0.127449 589.410509
  0.123803 578.519213
  0.124791 529.728933
  0.123768 585.528370
  0.125199 524.703624
  0.116633 602.700015
  0.106735 582.931404
  0.116889 626.457471
  0.114003 538.754487
  0.112057 629.757184
  0.112036 564.713932
  0.106906 533.702962
  0.111508 559.563325
  0.102955 562.826670
  0.105343 600.520145
  0.105190 554.432627
  0.108247 522.593017
  0.116002 610.122175
  0.122980 558.306309
  0.121756 497.836356
  0.120306 580.784515
  0.126704 599.994463
  0.123026 617.697525
  0.125295 603.635209
  0.120499 637.748442
  0.129798 568.776289
  0.127210 586.662977
  0.127206 595.642407
  0.123114 595.808495
  0.125677 578.213832
  0.122139 639.168885
  0.118291 580.806690
  0.113374 671.661138
  0.113991 589.735841
  0.102279 678.077095
  0.114893 558.812796
  0.117925 670.983790
  0.123933 663.103111
  0.127765 593.429503
  0.129896 584.345435
  0.129149 552.095243
  0.124299 618.680157
  0.128855 578.761141
  0.118184 607.219329
  0.111432 554.976003
  0.114244 501.079477
  0.114440 586.044933
  0.113320 599.831420
  0.112943 663.933101
  0.115004 570.179434
  0.128160 606.467390
  0.131454 530.786558
  0.124245 589.901325
  0.128736 591.023838
  0.123799 564.382295
  0.120703 650.865433
  0.118336 599.890868
  0.115068 558.149688
  0.122789 558.975805
  0.119086 581.054598
  0.127543 614.282418
  0.129424 591.518929
  0.124976 630.005384
  0.120242 577.729737
  0.109953 555.023918
  0.108230 587.205193
  0.124115 547.029163
  0.123719 600.098308
  0.117332 681.671965
  0.115036 570.829211
  0.115302 622.270566
  0.120336 571.044865
  0.111814 581.971354
  0.121286 586.962488
  0.115154 569.655326
  0.104782 538.917767
  0.105933 603.383477
  0.104121 543.516715
  0.109088 590.379765
  0.112076 586.340573
  0.122363 622.805304
  0.127287 564.109209
  0.127016 595.049615
  0.123216 580.971093
  0.121523 607.249308
  0.123133 583.293124
  0.128440 593.328292
  0.129749 642.790349
  0.126072 645.783042
  0.125890 634.485155
  0.122753 570.065779
  0.114638 584.885059
  0.111132 576.654978
  0.103213 562.194853
  0.111885 543.820222
  0.115185 520.356876
  0.108028 562.374650
  0.105957 568.314930
  0.105455 615.134228
  0.114428 630.040345
  0.120846 597.168105
  0.115348 624.761326
  0.119635 589.852302
  0.122861 539.839350
  0.125800 686.202291
  0.118869 657.710495
  0.121533 653.630270
  0.128286 606.218317
  0.131251 646.125834
  0.123567 602.366787
  0.119612 615.095467
  0.126937 665.110968
  0.129116 644.216385
  0.128964 569.342298
  0.127324 605.066159
  0.131927 642.923242
  0.129077 582.822814
  0.127979 600.957639
  0.122305 674.235422
  0.115510 521.585849
  0.114427 631.783715
  0.121486 635.772696
  0.126852 609.964359
  0.122244 583.207690
  0.113178 636.005879
  0.122652 555.219320
  0.129997 578.835016
  0.124743 566.997232
  0.125139 677.254122
  0.123017 623.086736
  0.119871 659.765881
  0.116811 589.182506
  0.122388 596.443031
  0.121743 641.154918
  0.119088 640.713404
  0.117329 653.953889
  0.116799 633.178465
  0.117510 567.459212
  0.124710 580.844882
  0.126345 641.096912
  0.127463 562.391643
  0.128389 623.452115
  0.126435 554.741278
  0.126300 555.294074
  0.123051 611.944226
  0.125818 634.903227
  0.115041 563.712883
  0.115616 608.794077
  0.112412 630.455891
  0.114109 606.679078
  0.115312 652.637856
  0.115303 540.695613
  0.121945 630.911477
  0.127353 616.800632
  0.126810 585.972565
  0.121523 601.885990
  0.119142 633.071377
  0.121603 610.551638
  0.118649 598.005484
  0.112125 622.201753
  0.111368 622.447661
  0.113614 549.430336
  0.110692 655.269392
  0.109954 676.896415
  0.103257 553.976414
  0.109228 569.390549
  0.108244 621.650180
  0.110187 605.189746
  0.107788 574.950858
  0.109844 645.754491
  0.110203 706.939235
  0.106851 718.359748
  0.110078 613.104430
  0.108622 611.608724
  0.108035 608.920969
  0.107680 564.957846
  0.109555 653.368099
  0.119468 573.688958
  0.119755 571.236864
  0.125788 541.716690
  0.121510 550.887302
  0.117224 607.643208
  0.122409 587.828278
  0.127893 555.635137
  0.120842 573.066839
  0.123634 562.256296
  0.128243 592.606796
  0.126174 560.568370
  0.125674 601.912939
  0.128169 553.860057
  0.127560 602.336221
  0.125046 546.618754
  0.121034 635.810786
  0.127298 631.662975
  0.128744 602.498518
  0.130728 581.503962
  0.119192 591.330553
  0.113249 568.558899
  0.113568 639.458419
  0.106560 625.499934
  0.109884 537.808883
  0.103975 591.056953
  0.110859 537.268260
  0.111814 561.293793
  0.108096 593.607950
  0.104680 622.956236
  0.111231 573.104232
  0.118454 562.148718
  0.111801 563.668054
  0.103770 578.998381
  0.114821 589.260667
  0.110775 603.915246
  0.114880 609.735257
  0.115931 600.990634
  0.120726 660.876753
  0.120092 668.088383
  0.129897 545.695421
  0.122895 571.705024
  0.123834 586.189587
  0.123374 556.056062
  0.126546 608.050393
  0.124171 607.395488
  0.121122 570.456811
  0.125612 602.274643
  0.129350 679.961749
  0.123590 576.211482
  0.128661 635.652489
  0.123374 672.019401
  0.125269 642.361437
  0.121670 575.677929
  0.115668 594.462817
  0.120459 587.154702
  0.116942 614.153624
  0.114838 618.633975
  0.121593 550.478462
  0.114438 653.908161
  0.114599 544.867570
  0.114748 599.445151
  0.115887 597.332369
  0.123061 623.829738
  0.121162 560.437982
  0.111668 636.309280
  0.118632 580.663187
  0.108350 642.805178
  0.114022 621.339407
  0.120758 703.439625
  0.127991 532.220325
  0.121723 528.083369
  0.118536 656.938613
  0.124102 527.679686
  0.120902 595.711046
  0.116947 596.854330
  0.116255 620.181490
  0.111603 571.622690
  0.109527 617.551528
  0.105783 548.324691
  0.116301 652.566922
  0.109074 533.702207
  0.116928 607.932589
  0.101758 549.204699
  0.108954 569.640296
  0.113680 584.018616
  0.110261 543.832057
  0.114855 582.527115
  0.115845 617.033013
  0.113949 531.224525
  0.121750 596.084442
  0.123870 564.064350
  0.119976 597.892081
  0.122134 659.056637
  0.123503 674.975026
  0.130915 599.064322
  0.125954 636.150124
  0.128621 621.625908
  0.127542 559.951740
  0.124302 597.894125
  0.128906 617.263623
  0.119511 510.186364
  0.124421 630.441844
  0.119293 651.565673
  0.124608 649.535805
  0.118092 649.216767
  0.112516 600.819187
  0.128380 612.850165
  0.123003 570.009005
  0.121877 632.074108
  0.124065 603.835076
  0.119541 587.560344
  0.125039 596.944214
  0.124187 663.155191
  0.127143 577.782132
  0.125891 597.993451
  0.125339 602.427926
  0.124426 615.735373
  0.115943 630.513652
  0.113794 621.843202
  0.117540 554.154567
  0.114097 586.580363
  0.121091 642.934393
  0.122919 569.682166
  0.119795 576.079637
  0.120298 546.848257
  0.111877 535.657479
  0.111339 662.014686
  0.112868 614.913461
  0.112897 591.521776
  0.115986 566.206810
  0.107776 648.144218
  0.106665 598.331502
  0.115097 578.603334
  0.116458 521.245755
  0.117627 647.762274
  0.124583 614.063755
  0.111856 523.758032
  0.107711 613.427953
  0.112377 575.062072
  0.112958 646.374466
  0.120751 580.789062
  0.120222 595.259519
  0.114699 597.394598
  0.121262 620.049598
  0.108105 580.202604
  0.109751 657.319340
  0.105678 684.613267
  0.113560 563.100475
  0.108839 582.396249
  0.106940 585.614902
  0.105611 646.600785
  0.101155 538.216793
  0.111505 613.653199
  0.112743 542.064153
  0.116198 580.441551
  0.105774 558.254620
  0.111959 551.487474
  0.111183 572.657628
  0.108689 616.950728
  0.122638 661.743187
  0.122113 591.154867
  0.123444 580.803617
  0.127261 651.811973
  0.117118 558.729286
  0.114785 599.041485
  0.115919 572.245573
  0.120309 620.564882
  0.115272 633.091809
  0.110775 564.408657
  0.107238 607.908856
  0.106583 617.006056
  0.107464 613.757831
  0.112292 548.884257
  0.110176 598.757253
  0.113979 576.958314
  0.111831 588.319548
  0.110353 546.918486
  0.110791 621.051710
  0.103626 603.616481
  0.105729 571.275501
  0.109701 663.711707
  0.111030 567.681935
  0.108076 618.276193
  0.113834 590.471175
  0.114051 554.644275
  0.123333 635.252786
  0.120654 602.091829
  0.116491 554.077241
  0.126676 605.155903
  0.121839 581.401271
  0.124407 557.589054
  0.127781 616.330330
  0.125161 563.674185
  0.122983 558.634474
  0.121005 607.653529
  0.120505 619.150948
  0.130242 612.743760
  0.127674 616.276975
  0.123124 617.640131
  0.128509 630.938967
  0.119376 622.068785
  0.113570 596.652176
  0.110153 606.057977
  0.109707 531.690123
  0.116273 625.683506
  0.115320 601.287766
  0.114896 615.941068
  0.115295 592.347521
  0.107164 639.786293
  0.112189 541.995562
  0.112905 671.652737
  0.118310 683.943510
  0.112245 564.785614
  0.110802 559.117687
  0.109787 666.819313
  0.110323 592.217941
  0.110537 586.609880
  0.109468 561.302914
  0.120063 573.477490
  0.116254 617.278342
  0.114601 559.460257
  0.118830 599.176274
  0.115127 617.862371
  0.121371 565.963120
  0.109980 588.731176
  0.103736 680.158370
  0.110930 594.293446
  0.118105 586.779571
  0.116995 589.004741
  0.113825 589.443699
  0.119075 629.471643
  0.118170 674.586082
  0.126560 655.051201
  0.120128 649.367268
  0.116099 533.015803
  0.127821 603.019943
  0.126099 643.607563
  0.122357 610.191497
  0.116348 574.554627
  0.123902 559.075028
  0.114512 575.963708
  0.113212 647.761138
  0.115302 593.276810
  0.114903 635.339626
  0.107500 686.810174
  0.114782 606.474681
  0.114357 562.938586
  0.111025 590.769281
  0.110602 646.015357
  0.117672 566.725138
  0.121252 649.758484
  0.128614 637.533585
  0.127401 600.159765
  0.117056 546.392551
  0.112305 645.353538
  0.115738 610.036868
  0.112077 603.427158
  0.114115 586.281952
  0.121098 612.219858
  0.126645 566.256094
  0.116440 635.858994
  0.110288 610.212379
  0.108875 607.001068
  0.108840 620.263693
  0.109032 562.214558
  0.104415 622.166709
  0.106227 607.469186
  0.107362 562.103970
  0.107593 587.915912
  0.106301 615.518935
  0.106729 590.252667
  0.111640 584.873485
  0.119379 611.818109
  0.115221 618.195052
  0.116478 583.157885
  0.105025 597.218078
  0.104862 633.384712
  0.109155 600.275515
  0.111671 612.425228
  0.108237 575.197345
  0.110937 662.114096
  0.105020 564.393003
  0.103151 672.385022
  0.112140 542.892449
  0.109709 635.105695
  0.109210 599.033635
  0.116227 567.773042
  0.107137 602.751343
  0.104669 606.084509
  0.104686 563.519529
  0.107530 557.125613
  0.106689 555.160016
  0.112052 640.688637
  0.108160 604.403823
  0.107580 634.849519
  0.102623 585.768667
  0.104322 588.790226
  0.113298 594.661543
  0.117301 619.200634
  0.112931 530.389111
  0.109542 655.768223
  0.121036 611.547094
  0.124323 642.140428
  0.114220 618.821881
  0.105797 616.111005
  0.115401 610.963883
  0.115600 578.296899
  0.116579 581.034754
  0.121967 626.895178
  0.115311 589.670807
  0.110236 565.787816
  0.108461 585.384288
  0.103165 673.689265
  0.110538 599.651989
  0.111614 558.287543
  0.111314 595.413148
  0.107090 603.079697
  0.109739 573.366582
  0.101890 596.725686
  0.116113 618.451982
  0.112642 571.260881
  0.124264 610.356648
  0.121817 597.462406
  0.114803 665.562041
  0.109992 564.092344
  0.112072 586.618456
  0.110937 575.713695
  0.113206 552.367865
  0.110610 593.133811
  0.116097 548.503798
  0.122367 600.689348
  0.125978 631.086880
  0.121636 531.378727
  0.120932 601.876146
  0.120735 624.473820
  0.121946 570.581502
  0.125735 586.920946
  0.117306 549.005467
  0.124707 566.433462
  0.124281 608.750382
  0.124112 587.815594
  0.129049 546.227138
  0.117465 599.839861
  0.104954 643.733876
  0.104544 597.998556
  0.107859 663.814694
  0.102958 594.877796
  0.107200 526.624944
  0.111678 560.183791
  0.112011 582.088629
  0.115344 596.753551
  0.115635 620.184976
  0.116863 605.444684
  0.116056 591.969402
  0.111943 632.909050
  0.128317 641.840983
  0.121224 559.502191
  0.124209 636.906117
  0.126063 613.151380
  0.126842 629.468491
  0.122788 643.636272
  0.129300 514.087966
  0.128108 573.230675
  0.121436 574.476676
  0.126591 605.628261
  0.121307 558.919703
  0.120221 600.854271
  0.127933 571.055553
  0.128383 630.167295
  0.131132 624.182437
  0.127409 565.750241
  0.124358 658.109445
  0.124053 672.529973
  0.121659 588.653739
  0.125556 617.240240
  0.127313 620.717083
  0.122731 581.754200
  0.125478 557.741997
  0.120443 618.818469
  0.123885 567.253995
  0.122455 628.781051
  0.117662 539.456389
  0.124736 609.594485
  0.122133 619.743665
  0.128547 578.291092
  0.121530 543.282899
  0.118106 542.272911
  0.116252 560.355763
  0.121815 594.631439
  0.113499 592.678766
  0.121392 595.702305
  0.122228 629.066194
  0.126579 587.633975
  0.120947 542.879965
  0.112773 664.667174
  0.109476 593.932160
  0.109269 583.903737
  0.107624 586.222700
  0.102488 599.310098
  0.100586 548.815888
  0.108161 591.324000
  0.115750 609.509096
  0.112819 546.735293
  0.108173 579.617129
  0.106783 606.714707
  0.109937 621.004054
  0.112905 592.202281
  0.120402 587.856172
  0.116749 620.335139
  0.118958 600.518692
  0.124206 630.698394
  0.120294 580.926054
  0.120686 593.352731
  0.120951 595.883217
  0.121468 557.088479
  0.116821 622.406852
  0.119849 596.298211
  0.114146 633.906216
  0.118267 589.187995
  0.126001 621.569944
  0.118071 528.337602
  0.122351 597.705782
  0.122418 641.810667
  0.123940 576.351905
  0.123320 554.470163
  0.116490 643.678518
  0.112719 610.230510
  0.116075 616.420320
  0.118420 563.846906
  0.121857 616.678561
  0.122034 611.898848
  0.113480 684.013148
  0.114221 560.006259
  0.115206 622.968573
  0.116461 660.232960
  0.111955 608.230728
  0.111564 573.411120
  0.110126 590.713137
