0.000000 0.014850
0.000000 0.033375
0.000000 0.032618
0.000000 0.036453
0.000000 0.023631
0.000000 0.020693
0.000000 0.015761
0.000000 0.013777
0.000000 0.024806
0.000000 0.176348
0.000000 0.056238
0.000000 0.017453
0.000000 0.023074
0.000000 0.117401
0.000000 0.018563
0.000000 0.022932
0.000000 0.033856
0.000000 0.036706
0.000000 0.022007
0.000000 0.024989
0.000000 0.017973
0.000000 0.013996
0.000000 0.011540
0.000000 0.021649
0.000000 0.021681
0.000000 0.050456
0.000000 0.039803
0.000000 0.016561
0.000000 0.020223
0.000000 0.013334
0.000000 0.017607
0.000000 0.010395
0.000000 0.019912
0.000000 0.017170
0.000000 0.026894
0.000000 0.013542
0.000000 0.034833
0.000000 0.021406
0.000000 0.043515
0.000000 0.022331
0.000000 0.016323
0.000000 0.020718
0.000000 0.025578
0.000000 0.027839
0.000000 0.018875
0.000000 0.046820
0.000000 0.029793
0.000000 0.023219
0.000000 0.035629
0.000000 0.040244
0.000000 0.031864
0.000000 0.017352
0.000000 0.028500
0.000000 0.022986
0.000000 0.013950
0.000000 0.015081
0.000000 0.027200
0.000000 0.015667
0.000000 0.025692
0.000000 0.038370
0.000000 0.014922
0.000000 0.022627
0.000000 0.052129
0.000000 0.014007
0.000000 0.025126
0.000000 0.017259
0.000000 0.015609
0.000000 0.030186
0.000000 0.016445
0.000000 0.025413
0.000000 0.023599
0.000000 0.016565
0.000000 0.019955
0.000000 0.018535
0.000000 0.016324
0.000000 0.016717
0.000000 0.049849
0.000000 0.025818
0.000000 0.013104
0.000000 0.014887
0.000000 0.055501
0.000000 0.043653
0.000000 0.027270
0.000000 0.018349
0.000000 0.016068
0.000000 0.031484
0.000000 0.019409
0.000000 0.015075
0.000000 0.015515
0.000000 0.012946
0.000000 0.012814
0.000000 0.029697
0.000000 0.014881
0.000000 0.027580
0.000000 0.011532
0.000000 0.020354
0.000000 0.013693
0.000000 0.019797
0.000000 0.012388
0.000000 0.011799
0.000000 0.014628
0.000000 0.066019
0.000000 0.034811
0.000000 0.026181
0.000000 0.023784
0.000000 0.016339
0.000000 0.031946
0.000000 0.018490
0.000000 0.057289
0.000000 0.069476
0.000000 0.017504
0.000000 0.028665
0.000000 0.018648
0.000000 0.052750
0.000000 0.024967
0.000000 0.019025
0.000000 0.033386
0.000000 0.018079
0.000000 0.035413
0.000000 0.023329
0.000000 0.076219
0.000000 0.025600
0.000000 0.020953
0.000000 0.022079
0.000000 0.040048
0.000000 0.034700
0.000000 0.017541
0.000000 0.022814
0.000000 0.018250
0.000000 0.027311
0.000000 0.020176
0.000000 0.013010
0.000000 0.018147
0.000000 0.026237
0.000000 0.017976
0.000000 0.016852
0.000000 0.019802
0.000000 0.036157
0.000000 0.024509
0.000000 0.030712
0.000000 0.020334
0.000000 0.021217
0.000000 0.015126
0.000000 0.036097
0.000000 0.023331
0.000000 0.023022
0.000000 0.020535
0.000000 0.029980
0.000000 0.014845
0.000000 0.024132
0.000000 0.041881
0.000000 0.012957
0.000000 0.024283
0.000000 0.019247
0.000000 0.014175
0.000000 0.029392
0.000000 0.022056
0.000000 0.040072
0.000000 0.024165
0.000000 0.042886
0.000000 0.018607
0.000000 0.023458
0.000000 0.031048
0.000000 0.019013
0.000000 0.013648
0.000000 0.033073
0.000000 0.026549
0.000000 0.025013
0.000000 0.041794
0.000000 0.026531
0.000000 0.069776
0.000000 0.025121
0.000000 0.031342
0.000000 0.027194
0.000000 0.024280
0.000000 0.015544
0.000000 0.014431
0.000000 0.045136
0.000000 0.062990
0.000000 0.039755
0.000000 0.038893
0.000000 0.027348
0.000000 0.028281
0.000000 0.057763
0.000000 0.022569
0.000000 0.055669
0.000000 0.016670
0.000000 0.030343
0.000000 0.017834
0.000000 0.021227
0.000000 0.016095
0.000000 0.033020
0.000000 0.018591
0.000000 0.011651
0.000000 0.020880
0.000000 0.040608
0.000000 0.034285
0.000000 0.022705
0.000000 0.021457
0.000000 0.021047
0.000000 0.018109
0.000000 0.017580
0.000000 0.013613
0.000000 0.020988
0.000000 0.023570
0.000000 0.033726
0.000000 0.066966
0.000000 0.030414
0.000000 0.052481
0.000000 0.026704
0.000000 0.056654
0.000000 0.039468
0.000000 0.021350
0.000000 0.045470
0.000000 0.025750
0.000000 0.043040
0.000000 0.031919
0.000000 0.018402
0.000000 0.057407
0.000000 0.024718
0.000000 0.022522
0.000000 0.017430
0.000000 0.018423
0.000000 0.034380
0.000000 0.015994
0.000000 0.032658
0.000000 0.020928
0.000000 0.021642
0.000000 0.037580
0.000000 0.016996
0.000000 0.044458
0.000000 0.022757
0.000000 0.017751
0.000000 0.016122
0.000000 0.022051
0.000000 0.012126
0.000000 0.010621
0.000000 0.033887
0.000000 0.013478
0.000000 0.017941
0.000000 0.020410
0.000000 0.036037
0.000000 0.012591
0.000000 0.019405
0.000000 0.064506
0.000000 0.019229
0.000000 0.051798
0.000000 0.068126
0.000000 0.025116
0.000000 0.025648
0.000000 0.023007
0.000000 0.020507
0.000000 0.012245
0.000000 0.016768
0.000000 0.015770
0.000000 0.042113
0.000000 0.036050
0.000000 0.012070
0.000000 0.022557
0.000000 0.020635
0.000000 0.014159
0.000000 0.043083
0.000000 0.017923
0.000000 0.030929
0.000000 0.025567
0.000000 0.044490
0.000000 0.029480
0.000000 0.024001
0.000000 0.037708
0.000000 0.048514
0.000000 0.019992
0.000000 0.016868
0.000000 0.035536
0.000000 0.027030
0.000000 0.042533
0.000000 0.028699
0.000000 0.063878
0.000000 0.017552
0.000000 0.027283
0.000000 0.025168
0.000000 0.010668
0.000000 0.010798
0.000000 0.015923
0.000000 0.022208
0.000000 0.053875
0.000000 0.022752
0.000000 0.016515
0.000000 0.014704
0.000000 0.017462
0.000000 0.024233
0.000000 0.021706
0.000000 0.029060
0.000000 0.039571
0.000000 0.023704
0.000000 0.013173
0.000000 0.025577
0.000000 0.017767
0.000000 0.017949
0.000000 0.026316
0.000000 0.019607
0.000000 0.019857
0.000000 0.057811
0.000000 0.030371
0.000000 0.025198
0.000000 0.144033
0.000000 0.019406
0.000000 0.018892
0.000000 0.041026
0.000000 0.018094
0.000000 0.022934
0.000000 0.024225
0.000000 0.010625
0.000000 0.028976
0.000000 0.016225
0.000000 0.024824
0.000000 0.021701
0.000000 0.030226
0.000000 0.042190
0.000000 0.029732
0.000000 0.020098
0.000000 0.017956
0.000000 0.029074
0.000000 0.019966
0.000000 0.022697
0.000000 0.046936
0.000000 0.038390
0.000000 0.015581
0.000000 0.029007
0.000000 0.022609
0.000000 0.011246
0.000000 0.040999
0.000000 0.022229
0.000000 0.025172
0.000000 0.034992
0.000000 0.013807
0.000000 0.036375
0.000000 0.018889
0.000000 0.015599
0.000000 0.027568
0.000000 0.038349
0.000000 0.028633
0.000000 0.058583
0.000000 0.022164
0.000000 0.018529
0.000000 0.011108
0.000000 0.018826
0.000000 0.020020
0.000000 0.025694
0.000000 0.025554
0.000000 0.024367
0.000000 0.038348
0.000000 0.028091
0.000000 0.015727
0.000000 0.028598
0.000000 0.020182
0.000000 0.027830
0.000000 0.036352
0.000000 0.016745
0.000000 0.022318
0.000000 0.037765
0.000000 0.030446
0.000000 0.032837
0.000000 0.025982
0.000000 0.017626
0.000000 0.020666
0.000000 0.019137
0.000000 0.028753
0.000000 0.037183
0.000000 0.016593
0.000000 0.045494
0.000000 0.017220
0.000000 0.026440
0.000000 0.039194
0.000000 0.021449
0.000000 0.028034
0.000000 0.028333
0.000000 0.024671
0.000000 0.042391
0.000000 0.109804
0.000000 0.035204
0.000000 0.014502
0.000000 0.020955
0.000000 0.017532
0.000000 0.033687
0.000000 0.058289
0.000000 0.015070
0.000000 0.023984
0.000000 0.019869
0.000000 0.017958
0.000000 0.021119
0.000000 0.018632
0.000000 0.031041
0.000000 0.019573
0.000000 0.027783
0.000000 0.023929
0.000000 0.017798
0.000000 0.015774
0.000000 0.026774
0.000000 0.023748
0.000000 0.040956
0.000000 0.029947
0.000000 0.027196
0.000000 0.073194
0.000000 0.035277
0.000000 0.030000
0.000000 0.017253
0.000000 0.019467
0.000000 0.018290
0.000000 0.014117
0.000000 0.015204
0.000000 0.028000
0.000000 0.011890
0.000000 0.020816
0.000000 0.032095
0.000000 0.024263
0.000000 0.017150
0.000000 0.017986
0.000000 0.014131
0.000000 0.015823
0.000000 0.017340
0.000000 0.026439
0.000000 0.016645
0.000000 0.021517
0.000000 0.013591
0.000000 0.032544
0.000000 0.022824
0.000000 0.020466
0.000000 0.020127
0.000000 0.011621
0.000000 0.045486
0.000000 0.013882
0.000000 0.056372
0.000000 0.021264
0.000000 0.018898
0.000000 0.052436
0.000000 0.051508
0.000000 0.013493
0.000000 0.050159
0.000000 0.015864
0.000000 0.024460
0.000000 0.021402
0.000000 0.014602
0.000000 0.019237
0.000000 0.064401
0.000000 0.023408
0.000000 0.024689
0.000000 0.027548
0.000000 0.020236
0.000000 0.020145
0.000000 0.025415
0.000000 0.014283
0.000000 0.016850
0.000000 0.024769
0.000000 0.017607
0.000000 0.023161
0.000000 0.145880
0.000000 0.016021
0.000000 0.030038
0.000000 0.014867
0.000000 0.023383
0.000000 0.051077
0.000000 0.075636
0.000000 0.026143
0.000000 0.018359
0.000000 0.027366
0.000000 0.055286
0.000000 0.019848
0.000000 0.028544
0.000000 0.016100
0.000000 0.014799
0.000000 0.022427
0.000000 0.014373
0.000000 0.030192
0.000000 0.018998
0.000000 0.037479
0.000000 0.016855
0.000000 0.018879
0.000000 0.018454
0.000000 0.016977
0.000000 0.014474
0.000000 0.031255
0.000000 0.048933
0.000000 0.032739
0.000000 0.034704
0.000000 0.021254
0.000000 0.024121
0.000000 0.028963
0.000000 0.016458
0.000000 0.032778
0.000000 0.056099
0.000000 0.020164
0.000000 0.030367
0.000000 0.022600
0.000000 0.031702
0.000000 0.042406
0.000000 0.029201
0.000000 0.018542
0.000000 0.065466
0.000000 0.027199
0.000000 0.067710
0.000000 0.025240
0.000000 0.019349
0.000000 0.014282
0.000000 0.030908
0.000000 0.024459
0.000000 0.019002
0.000000 0.024591
0.000000 0.025866
0.000000 0.065005
0.000000 0.032379
0.000000 0.036187
0.000000 0.017131
0.000000 0.045722
0.000000 0.022284
0.000000 0.017451
0.000000 0.021055
0.000000 0.026893
0.000000 0.037194
0.000000 0.033851
0.000000 0.020476
0.000000 0.045220
0.000000 0.025828
0.000000 0.017169
0.000000 0.021062
0.000000 0.019936
0.000000 0.017546
0.000000 0.029511
0.000000 0.014076
0.000000 0.026612
0.000000 0.020082
0.000000 0.031166
0.000000 0.022997
0.000000 0.050531
0.000000 0.018814
0.000000 0.057053
0.000000 0.019530
0.000000 0.020066
0.000000 0.021458
0.000000 0.039107
0.000000 0.019323
0.000000 0.021013
0.000000 0.014389
0.000000 0.022804
0.000000 0.032625
0.000000 0.034521
0.000000 0.036500
0.000000 0.033553
0.000000 0.028717
0.000000 0.016890
0.000000 0.011852
0.000000 0.014145
0.000000 0.018017
0.000000 0.011869
0.000000 0.016964
0.000000 0.028093
0.000000 0.029176
0.000000 0.019917
0.000000 0.024752
0.000000 0.014478
0.000000 0.014197
0.000000 0.012725
0.000000 0.027751
0.000000 0.028321
0.000000 0.032890
0.000000 0.020948
0.000000 0.058754
0.000000 0.041073
0.000000 0.026236
0.000000 0.021644
0.000000 0.018881
0.000000 0.019446
0.000000 0.032847
0.000000 0.023790
0.000000 0.022344
0.000000 0.032255
0.000000 0.015950
0.000000 0.013538
0.000000 0.014208
0.000000 0.019604
0.000000 0.017500
0.000000 0.024074
0.000000 0.016831
0.000000 0.016592
0.000000 0.021990
0.000000 0.014539
0.000000 0.017152
0.000000 0.035873
0.000000 0.036491
0.000000 0.013985
0.000000 0.039882
0.000000 0.015058
0.000000 0.026776
0.000000 0.019837
0.000000 0.026598
0.000000 0.015070
0.000000 0.023290
0.000000 0.025795
0.000000 0.015536
0.000000 0.034091
0.000000 0.021150
0.000000 0.037241
0.000000 0.049253
0.000000 0.025854
0.000000 0.027319
0.000000 0.053713
0.000000 0.027729
0.000000 0.020116
0.000000 0.023469
0.000000 0.015927
0.000000 0.028982
0.000000 0.019396
0.000000 0.015791
0.000000 0.036220
0.000000 0.053576
0.000000 0.034818
0.000000 0.018065
0.000000 0.012780
0.000000 0.033337
0.000000 0.023988
0.000000 0.017641
0.000000 0.026031
0.000000 0.014501
0.000000 0.017963
0.000000 0.049570
0.000000 0.060239
0.000000 0.021296
0.000000 0.024780
0.000000 0.019167
0.000000 0.012867
0.000000 0.025115
0.000000 0.021165
0.000000 0.019187
0.000000 0.016835
0.000000 0.022295
0.000000 0.018673
0.000000 0.049517
0.000000 0.027222
0.000000 0.022824
0.000000 0.020407
0.000000 0.021779
0.000000 0.021264
0.000000 0.062039
0.000000 0.031842
0.000000 0.019402
0.000000 0.028085
0.000000 0.021185
0.000000 0.018270
0.000000 0.010328
0.000000 0.011043
0.000000 0.011683
0.000000 0.023809
0.000000 0.017952
0.000000 0.016906
0.000000 0.021284
0.000000 0.027903
0.000000 0.022437
0.000000 0.036014
0.000000 0.034736
0.000000 0.019501
0.000000 0.012129
0.000000 0.031226
0.000000 0.024187
0.000000 0.044715
0.000000 0.019208
0.000000 0.024127
0.000000 0.026105
0.000000 0.030583
0.000000 0.018356
0.000000 0.014622
0.000000 0.019222
0.000000 0.029025
0.000000 0.014368
0.000000 0.021452
0.000000 0.021807
0.000000 0.017191
0.000000 0.019875
0.000000 0.032598
0.000000 0.092170
0.000000 0.061805
0.000000 0.049949
0.000000 0.020848
0.000000 0.039076
0.000000 0.040570
0.000000 0.039805
0.000000 0.022228
0.000000 0.030307
0.000000 0.037910
0.000000 0.027186
0.000000 0.018904
0.000000 0.039750
0.000000 0.054656
0.000000 0.045081
0.000000 0.068322
0.000000 0.016665
0.000000 0.026662
0.000000 0.036046
0.000000 0.014083
0.000000 0.071989
0.000000 0.015613
0.000000 0.025705
0.000000 0.022852
0.000000 0.019738
0.000000 0.026398
0.000000 0.022835
0.000000 0.015498
0.000000 0.015576
0.000000 0.012246
0.000000 0.017167
0.000000 0.016737
0.000000 0.016361
0.000000 0.019829
0.000000 0.025828
0.000000 0.017215
0.000000 0.021931
0.000000 0.011212
0.000000 0.018575
0.000000 0.019184
0.000000 0.069651
0.000000 0.030126
0.000000 0.033895
0.000000 0.033955
0.000000 0.012710
0.000000 0.020834
0.000000 0.019281
0.000000 0.017827
0.000000 0.039299
0.000000 0.065617
0.000000 0.028037
0.000000 0.035984
0.000000 0.030951
0.000000 0.015979
0.000000 0.019457
0.000000 0.018382
0.000000 0.017557
0.000000 0.021646
0.000000 0.037484
0.000000 0.018231
0.000000 0.019433
0.000000 0.032487
0.000000 0.033614
0.000000 0.024844
0.000000 0.022766
0.000000 0.015819
0.000000 0.031708
0.000000 0.026131
0.000000 0.043552
0.000000 0.022561
0.000000 0.034154
0.000000 0.018946
0.000000 0.026711
0.000000 0.028412
0.000000 0.018116
0.000000 0.021062
0.000000 0.035721
0.000000 0.025921
0.000000 0.017939
0.000000 0.021518
0.000000 0.012240
0.000000 0.023986
0.000000 0.028396
0.000000 0.026829
0.000000 0.038874
0.000000 0.024662
0.000000 0.028271
0.000000 0.020230
0.000000 0.018054
0.000000 0.020453
0.000000 0.039059
0.000000 0.018567
0.000000 0.022728
0.000000 0.032423
0.000000 0.018904
0.000000 0.040194
0.000000 0.025430
0.000000 0.051816
0.000000 0.035116
0.000000 0.024811
0.000000 0.019922
0.000000 0.014074
0.000000 0.061086
0.000000 0.043730
0.000000 0.046738
0.000000 0.016989
0.000000 0.013781
0.000000 0.029855
0.000000 0.042737
0.000000 0.029480
0.000000 0.011270
0.000000 0.011483
0.000000 0.016728
0.000000 0.051576
0.000000 0.017377
0.000000 0.028870
0.000000 0.019025
0.000000 0.012042
0.000000 0.022514
0.000000 0.035981
0.000000 0.030873
0.000000 0.074601
0.000000 0.067165
0.000000 0.026102
0.000000 0.013081
0.000000 0.024415
0.000000 0.043316
0.000000 0.013456
0.000000 0.043110
0.000000 0.021389
0.000000 0.052849
0.000000 0.015942
0.000000 0.026745
0.000000 0.019229
0.000000 0.031086
0.000000 0.015008
0.000000 0.022393
0.000000 0.051420
0.000000 0.026936
0.000000 0.054150
0.000000 0.022517
0.000000 0.018591
0.000000 0.022918
0.000000 0.043758
0.000000 0.044206
0.000000 0.027691
0.000000 0.048202
0.000000 0.019093
0.000000 0.014221
0.000000 0.023083
0.000000 0.021195
0.000000 0.011560
0.000000 0.007926
0.000000 0.040499
0.000000 0.019108
0.000000 0.032886
0.000000 0.021914
0.000000 0.048504
0.000000 0.046756
0.000000 0.024649
0.000000 0.019945
0.000000 0.028659
0.000000 0.024420
0.000000 0.068863
0.000000 0.018146
0.000000 0.013055
0.000000 0.019204
0.000000 0.013747
0.000000 0.011473
0.000000 0.010439
0.000000 0.071357
0.000000 0.028172
0.000000 0.032738
0.000000 0.054669
0.000000 0.056724
0.000000 0.018178
0.000000 0.044134
0.000000 0.088236
0.000000 0.023737
0.000000 0.021362
0.000000 0.024179
0.000000 0.026828
0.000000 0.017069
0.000000 0.010238
0.000000 0.024675
0.000000 0.016639
0.000000 0.011389
0.000000 0.009399
0.000000 0.015017
0.000000 0.019742
0.000000 0.013164
0.000000 0.028897
0.000000 0.014535
0.000000 0.022901
0.000000 0.027120
0.000000 0.055716
0.000000 0.028863
0.000000 0.019094
0.000000 0.026161
0.000000 0.011166
0.000000 0.034328
0.000000 0.023688
0.000000 0.017618
0.000000 0.018001
0.000000 0.023773
0.000000 0.033987
0.000000 0.022647
0.000000 0.024042
0.000000 0.046480
0.000000 0.029364
0.000000 0.025454
0.000000 0.036807
0.000000 0.016439
0.000000 0.018486
0.000000 0.014725
0.000000 0.019593
0.000000 0.021962
0.000000 0.026491
0.000000 0.037872
0.000000 0.022325
0.000000 0.087721
0.000000 0.037054
0.000000 0.024510
0.000000 0.025777
0.000000 0.015784
0.000000 0.025519
0.000000 0.080260
0.000000 0.014172
0.000000 0.017326
0.000000 0.019157
0.000000 0.020170
0.000000 0.021218
0.000000 0.014994
0.000000 0.029603
0.000000 0.023530
0.000000 0.017957
0.000000 0.030184
0.000000 0.023639
0.000000 0.026411
0.000000 0.042146
0.000000 0.022387
0.000000 0.058528
0.000000 0.045866
0.000000 0.023142
0.000000 0.051330
0.000000 0.020427
0.000000 0.028048
0.000000 0.019006
0.000000 0.051356
0.000000 0.037329
0.000000 0.032990
0.000000 0.019862
0.000000 0.021052
0.000000 0.023369
0.000000 0.033501
0.000000 0.032608
0.000000 0.034929
0.000000 0.030656
0.000000 0.039520
0.000000 0.031065
0.000000 0.019936
0.000000 0.023425
0.000000 0.014679
0.000000 0.015088
0.000000 0.014975
0.000000 0.013295
0.000000 0.022114
0.000000 0.037245
0.000000 0.036389
0.000000 0.026444
0.000000 0.022035
0.000000 0.021704
0.000000 0.053737
0.000000 0.024237
0.000000 0.026498
0.000000 0.013195
0.000000 0.025568
0.000000 0.029373
0.000000 0.030842
0.000000 0.039502
0.000000 0.023027
0.000000 0.044072
0.000000 0.024445
0.000000 0.020263
0.000000 0.040678
0.000000 0.015261
0.000000 0.021303
0.000000 0.022056
0.000000 0.034670
0.000000 0.017106
0.000000 0.018100
0.000000 0.032486
0.000000 0.030809
0.000000 0.013626
0.000000 0.027454
0.000000 0.025102
0.000000 0.025106
0.000000 0.014083
0.000000 0.056144
0.000000 0.028654
0.000000 0.018197
0.000000 0.024605
0.000000 0.034999
0.000000 0.033855
0.000000 0.026931
0.000000 0.017252
0.000000 0.035077
0.000000 0.013556
0.000000 0.015485
0.000000 0.016002
0.000000 0.029954
0.000000 0.038123
0.000000 0.032865
0.000000 0.020846
0.000000 0.018945
0.000000 0.020243
0.000000 0.023169
0.000000 0.019613
0.000000 0.018285
0.000000 0.021511
0.000000 0.014949
0.000000 0.033487
0.000000 0.030815
0.000000 0.015789
0.000000 0.035807
0.000000 0.020061
0.000000 0.021729
0.000000 0.013468
0.000000 0.018213
0.000000 0.016443
0.000000 0.014141
0.000000 0.028878
0.000000 0.035062
0.000000 0.029439
0.000000 0.039165
0.000000 0.012619
0.000000 0.020640
0.000000 0.024571
0.000000 0.014055
0.000000 0.014306
0.000000 0.016457
0.000000 0.034106
0.000000 0.037446
0.000000 0.015287
0.000000 0.016533
0.000000 0.020108
0.000000 0.011350
0.000000 0.021248
0.000000 0.020636
0.000000 0.024222
0.000000 0.065424
0.000000 0.018842
0.000000 0.030200
0.000000 0.019499
0.000000 0.039318
0.000000 0.045374
0.000000 0.068456
0.000000 0.013481
0.000000 0.026754
0.000000 0.021246
0.000000 0.036366
0.000000 0.029468
0.000000 0.025382
0.000000 0.021824
0.000000 0.022614
0.000000 0.056500
0.000000 0.064650
0.000000 0.021467
0.000000 0.024224
0.000000 0.022166
0.000000 0.019710
0.000000 0.015876
0.000000 0.022179
0.000000 0.011500
0.000000 0.010859
0.000000 0.047910
0.000000 0.024596
0.000000 0.017422
0.000000 0.011859
0.000000 0.020482
0.000000 0.020702
0.000000 0.019615
0.000000 0.026321
0.000000 0.039518
0.000000 0.033004
0.000000 0.017939
0.000000 0.020417
0.000000 0.042313
0.000000 0.020002
0.000000 0.026679
0.000000 0.015805
0.000000 0.014972
0.000000 0.017584
0.000000 0.031207
0.000000 0.026954
0.000000 0.025284
0.000000 0.038042
0.000000 0.041859
0.000000 0.029427
0.000000 0.076671
0.000000 0.012292
0.000000 0.020187
0.000000 0.017064
0.000000 0.023376
0.000000 0.017825
0.000000 0.049291
0.000000 0.041017
0.000000 0.018232
0.000000 0.020919
0.000000 0.015342
0.000000 0.046607
0.000000 0.011331
0.000000 0.012041
0.000000 0.012516
0.000000 0.019645
0.000000 0.020516
0.000000 0.021762
0.000000 0.015947
0.000000 0.030067
0.000000 0.023589
0.000000 0.015551
0.000000 0.020217
0.000000 0.031384
0.000000 0.032915
0.000000 0.020605
0.000000 0.023614
0.000000 0.022840
0.000000 0.019008
0.000000 0.018315
0.000000 0.023782
0.000000 0.022636
0.000000 0.050508
0.000000 0.023069
0.000000 0.074499
0.000000 0.025155
0.000000 0.018062
0.000000 0.016686
0.000000 0.026545
0.000000 0.059699
0.000000 0.035630
0.000000 0.018801
0.000000 0.020821
0.000000 0.018079
0.000000 0.017517
0.000000 0.011235
0.000000 0.015278
0.000000 0.016605
0.000000 0.026667
0.000000 0.042530
0.000000 0.033887
0.000000 0.024145
0.000000 0.026938
0.000000 0.017736
0.000000 0.023873
0.000000 0.014146
0.000000 0.041109
0.000000 0.024475
0.000000 0.012986
0.000000 0.017450
0.000000 0.012965
0.000000 0.013871
0.000000 0.016842
0.000000 0.032366
0.000000 0.016340
0.000000 0.046912
0.000000 0.048362
0.000000 0.013277
0.000000 0.023131
0.000000 0.025346
0.000000 0.028090
0.000000 0.015441
0.000000 0.037361
0.000000 0.033282
0.000000 0.010883
0.000000 0.039030
0.000000 0.015911
0.000000 0.013118
0.000000 0.016822
0.000000 0.031279
0.000000 0.032400
0.000000 0.019398
0.000000 0.028309
0.000000 0.015288
0.000000 0.019025
0.000000 0.032561
0.000000 0.030872
0.000000 0.027158
0.000000 0.021167
0.000000 0.016696
0.000000 0.020112
0.000000 0.035059
0.000000 0.017605
0.000000 0.049527
0.000000 0.123868
0.000000 0.019257
0.000000 0.020363
0.000000 0.025457
0.000000 0.016989
0.000000 0.025354
0.000000 0.020721
0.000000 0.033565
0.000000 0.016311
0.000000 0.016773
0.000000 0.017519
0.000000 0.025191
0.000000 0.018057
0.000000 0.028903
0.000000 0.019932
0.000000 0.025614
0.000000 0.020588
0.000000 0.019244
0.000000 0.018673
0.000000 0.020533
0.000000 0.036317
0.000000 0.101318
0.000000 0.011531
0.000000 0.025081
0.000000 0.032380
0.000000 0.084106
0.000000 0.016277
0.000000 0.020243
0.000000 0.024656
0.000000 0.015392
0.000000 0.033461
0.000000 0.037764
0.000000 0.024215
0.000000 0.019018
0.000000 0.031759
0.000000 0.034726
0.000000 0.024090
0.000000 0.018846
0.000000 0.015127
0.000000 0.034759
0.000000 0.032197
0.000000 0.021023
0.000000 0.029613
0.000000 0.016558
0.000000 0.032476
0.000000 0.029283
0.000000 0.049202
0.000000 0.014184
0.000000 0.032167
0.000000 0.015879
0.000000 0.025560
0.000000 0.025302
0.000000 0.017726
0.000000 0.031812
0.000000 0.020697
0.000000 0.049470
0.000000 0.016711
0.000000 0.034706
0.000000 0.032956
0.000000 0.023053
0.000000 0.021634
0.000000 0.024463
0.000000 0.022673
0.000000 0.043455
0.000000 0.026590
0.000000 0.016742
0.000000 0.016328
0.000000 0.019064
0.000000 0.014808
0.000000 0.032383
0.000000 0.024713
0.000000 0.021854
0.000000 0.049879
0.000000 0.022399
0.000000 0.016775
0.000000 0.013077
0.000000 0.019964
0.000000 0.020206
0.000000 0.019882
0.000000 0.031442
0.000000 0.031200
0.000000 0.020396
0.000000 0.033137
0.000000 0.033759
0.000000 0.054768
0.000000 0.033005
0.000000 0.019222
0.000000 0.029696
0.000000 0.011326
0.000000 0.022310
0.000000 0.035449
0.000000 0.022375
0.000000 0.023957
0.000000 0.041699
0.000000 0.034463
0.000000 0.030174
0.000000 0.024926
0.000000 0.015013
0.000000 0.014387
0.000000 0.018751
0.000000 0.018940
0.000000 0.013002
0.000000 0.043188
0.000000 0.022766
0.000000 0.022493
0.000000 0.037791
0.000000 0.025556
0.000000 0.014433
0.000000 0.052005
0.000000 0.039075
0.000000 0.022613
0.000000 0.020057
0.000000 0.018296
0.000000 0.015748
0.000000 0.027087
0.000000 0.045553
0.000000 0.021313
0.000000 0.047142
0.000000 0.031923
0.000000 0.024056
0.000000 0.021081
0.000000 0.021178
0.000000 0.032291
0.000000 0.016504
0.000000 0.012726
0.000000 0.027062
0.000000 0.013068
0.000000 0.031739
0.000000 0.020512
0.000000 0.035250
0.000000 0.014057
0.000000 0.023593
0.000000 0.029332
0.000000 0.021953
0.000000 0.020297
0.000000 0.018261
0.000000 0.022783
0.000000 0.016889
0.000000 0.021404
0.000000 0.036900
0.000000 0.015312
0.000000 0.042794
0.000000 0.021584
0.000000 0.015653
0.000000 0.030586
0.000000 0.035558
0.000000 0.046566
0.000000 0.020601
0.000000 0.025744
0.000000 0.016349
0.000000 0.033898
0.000000 0.026458
0.000000 0.015266
0.000000 0.024104
0.000000 0.014929
0.000000 0.025044
0.000000 0.033027
0.000000 0.041913
0.000000 0.018545
0.000000 0.027043
0.000000 0.025589
0.000000 0.020152
0.000000 0.016314
0.000000 0.036529
0.000000 0.038316
0.000000 0.032136
0.000000 0.016388
0.000000 0.027419
0.000000 0.040218
0.000000 0.041620
0.000000 0.026738
0.000000 0.023534
0.000000 0.042194
0.000000 0.020676
0.000000 0.047519
0.000000 0.022827
0.000000 0.034314
0.000000 0.038767
0.000000 0.011786
0.000000 0.026778
0.000000 0.016204
0.000000 0.016544
0.000000 0.027007
0.000000 0.040686
0.000000 0.028893
0.000000 0.036505
0.000000 0.020656
0.000000 0.024998
0.000000 0.040482
0.000000 0.024569
0.000000 0.040722
0.000000 0.025346
0.000000 0.016844
0.000000 0.040571
0.000000 0.040648
0.000000 0.024610
0.000000 0.019858
0.000000 0.050713
0.000000 0.027109
0.000000 0.015712
0.000000 0.032404
0.000000 0.037681
0.000000 0.069268
0.000000 0.027132
0.000000 0.016583
0.000000 0.023948
0.000000 0.062169
0.000000 0.054346
0.000000 0.024701
0.000000 0.016400
0.000000 0.025060
0.000000 0.016486
0.000000 0.017414
0.000000 0.043543
0.000000 0.023545
0.000000 0.030594
0.000000 0.013068
0.000000 0.019660
0.000000 0.029597
0.000000 0.019648
0.000000 0.088729
0.000000 0.044381
0.000000 0.020501
0.000000 0.022830
0.000000 0.054624
0.000000 0.036186
0.000000 0.030733
0.000000 0.033248
0.000000 0.022028
0.000000 0.022991
0.000000 0.025919
0.000000 0.028615
0.000000 0.065366
0.000000 0.017117
0.000000 0.029806
0.000000 0.016308
0.000000 0.021744
0.000000 0.018172
0.000000 0.022139
0.000000 0.067168
0.000000 0.030514
0.000000 0.059100
0.000000 0.031889
0.000000 0.025642
0.000000 0.036313
0.000000 0.026695
0.000000 0.022965
0.000000 0.023398
0.000000 0.019406
0.000000 0.025458
0.000000 0.034876
0.000000 0.043572
0.000000 0.058856
0.000000 0.012152
0.000000 0.039631
0.000000 0.037637
0.000000 0.034401
0.000000 0.013189
0.000000 0.017424
0.000000 0.045663
0.000000 0.023322
0.000000 0.047344
0.000000 0.018177
0.000000 0.027633
0.000000 0.025001
0.000000 0.033871
0.000000 0.023419
0.000000 0.024725
0.000000 0.016498
0.000000 0.022639
0.000000 0.023419
0.000000 0.022043
0.000000 0.022306
0.000000 0.020052
0.000000 0.015309
0.000000 0.019229
0.000000 0.037045
0.000000 0.046805
0.000000 0.018400
0.000000 0.021647
0.000000 0.022666
0.000000 0.021351
0.000000 0.016753
0.000000 0.017608
0.000000 0.019460
0.000000 0.049420
0.000000 0.014354
0.000000 0.026808
0.000000 0.022793
0.000000 0.018341
0.000000 0.021424
0.000000 0.019294
0.000000 0.019165
0.000000 0.019559
0.000000 0.021232
0.000000 0.014592
0.000000 0.030209
0.000000 0.026878
0.000000 0.052175
0.000000 0.018765
0.000000 0.047167
0.000000 0.010150
0.000000 0.018077
0.000000 0.019845
0.000000 0.020848
0.000000 0.017521
0.000000 0.018416
0.000000 0.074087
0.000000 0.022658
0.000000 0.018033
0.000000 0.037298
0.000000 0.068728
0.000000 0.016736
0.000000 0.031080
0.000000 0.022435
0.000000 0.024043
0.000000 0.044972
0.000000 0.032729
0.000000 0.036304
0.000000 0.025215
0.000000 0.013392
0.000000 0.012938
0.000000 0.016700
0.000000 0.015722
0.000000 0.013205
0.000000 0.021055
0.000000 0.012902
0.000000 0.017918
0.000000 0.029589
