 0.120604  0.908285
 0.073904  0.745768
-0.065508  0.774156
 0.030860  0.778224
-0.273861  0.932572
-0.372983  0.812293
-0.407628  0.873435
-0.570547  0.586773
-0.560873  0.818494
-0.601334  0.639804
-0.638718  0.996024
-0.412915  2.021293
-0.378316  5.035329
-0.001089  0.791423
 0.085140  2.412139
-0.094035  1.209758
-0.024710  1.212807
 0.198414  1.222099
 0.274045  2.363709
-0.019701  1.042052
-0.183878  1.742532
-0.139733  2.515079
-0.226335  0.761206
-0.195879  1.309704
-0.010711  0.670145
-0.099985  0.640049
-0.298438  2.228280
-0.423595  1.540233
-0.616087  1.101766
-0.515421  1.863345
-0.339349  1.015096
-0.443865  1.683393
-0.639021  2.474024
-0.499491  1.303908
-0.766697  2.378799
-0.623484  0.913324
-0.561250  1.434679
-0.591338  2.103090
-0.522685  1.007962
-0.296696  1.179656
-0.413730  1.044110
-0.389313  2.682951
-0.413554  1.043858
-0.345891  1.053706
-0.676770  2.036055
-0.800695  1.170531
-0.817452  0.752679
-0.647427  2.127568
-0.614906  1.411453
-0.546259  1.586741
-0.404049  0.884934
-0.369915  1.194143
-0.375675  1.065466
-0.103252  1.190473
-0.113896  1.472068
-0.132506  1.479910
-0.118640  1.528597
-0.161603  0.854926
-0.141613  1.123369
-0.305037  1.537871
-0.385578  1.075735
-0.294050  1.214315
-0.353338  1.165382
-0.333714  1.785162
-0.429224  1.771517
-0.699358  0.879045
-0.722503  1.368116
-0.639999  1.453416
-0.637011  1.384204
-0.697331  2.092568
-0.507933  1.133900
-0.632982  1.507635
-0.705783  1.429409
-0.624948  1.338893
-0.292183  0.696675
-0.158766  1.354511
-0.227559  1.558872
-0.234292  0.565568
-0.158170  1.158979
-0.217166  1.140102
-0.270168  0.526419
-0.500940  1.085768
-0.617326  1.561107
-0.650891  2.454979
-0.556476  1.138045
-0.703715  2.054740
-0.746761  1.247393
-0.849313  1.706855
-0.889270  1.548949
-0.827479  1.685557
-0.839964  0.631561
-0.516738  1.052404
-0.295853  2.328521
-0.212067  0.828804
-0.322405  1.075381
-0.168320  0.723820
-0.084744  1.389164
-0.191593  1.432399
-0.312187  1.237740
-0.311716  1.268390
-0.346931  1.464591
-0.280442  1.243451
-0.403345  1.532419
-0.368384  2.114142
-0.379763  1.022914
-0.423058  3.107220
-0.434927  1.517744
-0.318110  0.845852
-0.492657  1.850668
-0.426831  1.793534
-0.342200  1.615432
-0.239908  0.699744
-0.197870  1.069575
-0.275036  1.090789
-0.143355  1.256728
-0.031472  1.404418
-0.001829  1.527962
 0.186304  1.240012
 0.010906  1.478880
-0.059461  1.155534
-0.110062  0.784880
 0.194979  1.312975
 0.072626  1.337364
 0.631840  1.421805
 0.402050  1.166572
 0.017806  0.720164
 0.020907  1.400933
-0.163623  1.035163
-0.125677  1.208849
-0.096454  0.550993
-0.217589  1.078850
-0.251251  0.801945
-0.370060  1.335088
-0.356936  0.949464
-0.349847  1.662748
-0.451139  0.946901
-0.263581  0.962113
-0.261424  2.460383
-0.428958  0.646838
-0.470412  1.406102
-0.601706  1.655955
-0.661638  1.918412
-0.612992  1.282634
-0.352402  1.127025
-0.393295  2.192386
-0.474891  3.501322
-0.284483  0.665018
-0.095980  1.511587
-0.492646  0.648983
-0.441627  1.604757
-0.440959  0.824426
-0.515765  1.844892
-0.524621  1.799033
-0.470750  1.942339
-0.693869  1.914229
-0.476081  1.666238
-0.543617  1.674834
-0.488584  1.399054
-0.341960  0.876992
-0.529102  1.073439
-0.533390  1.001123
-0.533696  0.826614
-0.400749  0.991843
-0.286050  0.840935
-0.333598  1.140564
-0.271389  0.989897
-0.383382  1.813942
-0.315092  1.740210
-0.366194  0.726444
-0.342042  1.338698
-0.603527  1.086620
-0.696752  1.184616
-0.610932  2.007786
-0.679051  2.017922
-0.660051  0.669708
-0.428330  1.009740
-0.490043  0.938155
-0.371821  1.738784
-0.403166  0.663087
-0.347756  1.173858
-0.208802  1.661714
-0.269674  1.300425
-0.131018  1.117977
-0.267666  1.407274
-0.258248  1.696471
-0.505692  2.045183
-0.403749  0.975612
-0.488986  1.415892
-0.702905  1.329897
-0.427539  0.844006
-0.426966  2.090537
-0.233187  2.341610
-0.196247  1.088183
-0.134300  1.353362
 0.088164  1.262371
-0.081150  1.518459
-0.198513  2.588392
-0.053456  1.327069
-0.216544  1.682570
-0.385517  1.043656
-0.504574  1.825684
-0.649170  1.841309
-0.582938  2.416439
-0.775021  1.762365
-0.795012  1.311351
-0.704339  1.972965
-0.616429  2.153019
-0.677001  1.191131
-0.563040  3.484993
-0.566200  1.120384
-0.389460  2.632276
-0.568716  1.551764
-0.630393  1.100289
-0.636009  1.084290
-0.535320  1.329336
-0.484174  1.434359
-0.495352  1.044638
-0.469857  1.190530
-0.522704  1.925880
-0.470370  1.855363
-0.396283  1.592046
-0.463904  1.024747
-0.506147  0.983599
-0.324991  2.500065
-0.267777  1.531479
-0.277140  1.564586
-0.377577  0.721201
-0.406522  0.541687
-0.148789  0.740970
 0.031168  1.307854
 0.099707  1.747951
-0.193171  1.150958
-0.088459  0.978430
-0.158963  1.663374
-0.020306  1.853201
-0.413258  1.046963
-0.397484  2.152678
-0.280236  2.313215
-0.375131  1.372337
-0.149662  1.696882
-0.154670  1.549167
 0.043881  0.958077
-0.098396  0.853271
-0.024520  1.642398
 0.146937  0.759571
 0.389654  1.043017
 0.669317  0.859172
 0.315843  1.063316
 0.438492  1.495544
 0.275834  1.690640
 0.195708  1.832840
 0.257118  1.305048
 0.076899  1.425143
 0.118423  1.314502
-0.011646  1.503549
 0.144682  0.922440
 0.030795  1.379037
-0.211379  0.976888
-0.199278  0.932088
-0.338052  1.749944
-0.184614  1.174224
-0.088803  1.187170
 0.133134  0.776596
 0.159953  0.960975
-0.039680  1.057284
 0.286289  0.847655
 0.128321  0.773288
-0.008706  0.952494
-0.062537  1.293263
 0.025646  1.353924
-0.048965  1.409554
 0.005165  1.449777
-0.121327  1.094974
-0.088222  1.008410
-0.209023  0.928747
-0.243797  1.090380
-0.082351  1.062328
-0.132004  0.709184
-0.131199  0.958425
-0.418642  0.909325
-0.305489  1.538822
-0.451607  0.711127
-0.462767  1.371787
-0.198105  1.966142
-0.375966  2.713941
-0.443607  1.409967
-0.611014  1.190001
-0.632452  0.834702
-0.541735  0.846144
-0.693879  2.182869
-0.749724  0.634778
-0.523038  1.288748
-0.302192  2.312326
-0.146700  0.963078
-0.184875  1.009709
-0.351048  1.387853
-0.219570  1.145126
-0.187290  0.747484
-0.211546  0.832607
 0.014550  1.253524
-0.038195  1.523910
-0.151928  1.517358
-0.012848  1.312851
-0.214021  0.842708
-0.342912  1.058663
-0.559767  1.196664
-0.528956  1.574798
-0.642170  2.284732
-0.719072  1.620827
-0.706208  1.214656
-0.694476  1.221474
-0.702247  1.208353
-0.532419  1.680469
-0.191378  0.960171
 0.061860  0.853873
 0.051956  1.305057
 0.055332  4.198224
 0.021549  0.800219
-0.022673  1.423082
-0.017296  1.185537
-0.328898  1.673154
-0.496618  1.265599
-0.569460  1.212607
-0.513169  0.981591
-0.574646  1.148847
-0.510283  0.988353
-0.445971  1.918635
-0.468797  1.229400
-0.679543  0.771152
-0.550944  1.089753
-0.604276  1.356663
-0.607815  2.700169
-0.429467  2.076319
-0.218994  1.490340
-0.103101  1.248455
-0.450549  1.003266
-0.610564  2.669887
-0.462592  1.727831
-0.213842  0.888004
-0.339522  0.952993
-0.389902  0.780866
-0.358858  1.340272
-0.442367  0.980770
-0.530251  1.255531
-0.388366  1.032782
-0.177795  2.823406
-0.209304  0.915769
-0.262079  0.884355
-0.160484  0.825498
-0.309168  0.817437
-0.274861  1.131352
-0.522836  0.766111
-0.592065  2.047423
-0.682994  1.313759
-0.733052  1.367754
-0.661907  2.187115
-0.453889  1.296862
-0.526001  1.148634
-0.665855  1.025627
-0.627971  3.684715
-0.686614  0.824231
-0.628675  1.069459
-0.728806  1.474322
-0.587911  1.020631
-0.461331  1.593991
-0.455571  0.791123
-0.720913  1.215626
-0.549432  0.792827
-0.522375  1.554537
-0.565815  1.142554
-0.531874  1.257796
-0.609099  0.726820
-0.589727  1.016705
-0.514057  1.447225
-0.429498  1.257040
-0.517839  1.077012
-0.456332  1.289993
-0.465247  1.143378
-0.437495  1.221339
-0.406407  1.223215
-0.491637  1.512038
-0.364437  0.953250
-0.605800  1.978319
-0.371352  1.476757
-0.377401  1.009682
-0.489009  2.213491
-0.642711  2.033777
-0.471618  1.991625
-0.461358  1.407638
-0.368402  2.424543
-0.412044  1.529880
-0.315754  1.130865
-0.587425  2.204079
-0.534030  1.516765
-0.504763  1.270897
-0.538064  2.002197
-0.566653  2.205657
-0.432633  1.719160
-0.493699  1.496303
-0.634637  2.099528
-0.600698  1.772860
-0.587421  0.815472
-0.589753  0.856606
-0.635650  2.300118
-0.624399  0.944010
-0.455992  3.813568
-0.628269  1.588057
-0.666567  0.480831
-0.682464  2.039691
-0.682316  1.965268
-0.685181  2.768283
-0.558245  1.747487
-0.398043  1.012350
-0.454372  1.131252
-0.595911  1.359109
-0.375169  2.092925
-0.160562  0.988706
-0.137272  1.180756
-0.282684  1.037369
-0.328368  0.733486
-0.382919  1.155520
-0.384240  0.999555
-0.275699  0.948366
-0.148203  0.925249
-0.073037  3.420107
 0.279789  1.453372
-0.001716  1.567376
-0.013868  0.814490
-0.181369  1.203554
-0.032006  1.647392
 0.034506  0.685496
-0.020452  1.162371
-0.119054  1.071068
 0.040532  1.818340
-0.018789  1.616924
 0.009674  1.008884
-0.050725  1.400150
-0.087070  1.197091
 0.115869  1.288771
 0.028503  1.491072
 0.078809  2.053262
-0.036865  0.959593
-0.189480  1.440505
-0.073964  1.000665
-0.248384  1.160861
-0.449055  1.749968
-0.406453  1.202266
-0.299816  0.850665
-0.509533  1.334168
-0.612954  0.667545
-0.519108  1.695412
-0.513978  2.362678
-0.613675  1.354743
-0.460288  1.272135
-0.345148  1.081460
-0.176702  1.512193
-0.567529  1.451653
-0.491049  2.599934
-0.549201  1.042043
-0.360803  1.324355
-0.366746  1.027730
-0.352969  0.924837
-0.447040  1.013566
-0.662529  0.607642
-0.646423  1.284094
-0.502739  0.922171
-0.469129  0.743927
-0.584494  0.717305
-0.447789  1.220276
-0.250352  1.379322
-0.426017  0.952836
-0.327200  2.030809
-0.434876  1.210072
-0.394542  1.080296
-0.169232  1.039189
-0.021271  2.388442
-0.298503  0.834221
-0.232370  1.879737
-0.445757  0.919001
-0.527010  1.271602
-0.438761  1.855392
-0.509974  1.028299
-0.346716  0.963905
-0.350020  1.678775
-0.269193  1.263847
-0.345952  2.559930
-0.559072  1.012466
-0.277918  1.199665
-0.079098  0.799724
 0.067575  1.698013
 0.038478  0.909279
-0.079321  1.613663
-0.287078  1.253673
-0.032077  1.337559
 0.156509  1.908761
 0.283912  2.535387
 0.194916  1.820209
 0.384503  2.232271
 0.143007  1.106290
-0.226112  2.283026
-0.354431  0.830003
-0.336597  1.627791
-0.492857  0.753410
-0.449158  1.504136
-0.167325  0.989746
-0.142347  1.069381
 0.081859  1.465605
 0.162932  1.230162
-0.036937  2.254699
-0.181409  0.897453
-0.136984  1.130882
 0.025392  1.164663
-0.190147  1.228460
-0.428835  1.105601
-0.496412  2.411082
-0.358739  1.544643
-0.336190  1.000285
-0.307287  0.906623
-0.104127  1.031932
-0.019263  0.920053
 0.002309  0.916757
 0.012210  0.772845
 0.005496  2.208304
-0.027371  1.030072
 0.031026  1.183626
 0.074676  1.469424
 0.227755  1.730531
 0.121038  1.257207
-0.200962  0.992591
-0.364595  1.418548
-0.331728  1.281218
-0.333527  0.953921
-0.628950  1.501510
-0.614013  0.901989
-0.696926  0.862054
-0.479993  0.892702
-0.704362  2.226037
-0.716878  1.228102
-0.667487  1.150181
-0.460391  0.907410
-0.551939  0.770823
-0.671641  0.855316
-0.576014  1.509875
-0.516021  0.887269
-0.453261  1.164288
-0.267782  0.910840
-0.171075  0.616155
-0.150013  1.480177
 0.096919  0.995913
 0.481572  2.127053
 0.407319  0.855208
 0.519047  1.031365
 0.196371  0.907029
 0.031760  0.930595
 0.146394  1.270757
 0.148307  1.030206
-0.049302  0.917195
 0.173291  0.855645
 0.056635  1.500663
-0.101816  1.334186
-0.214870  1.036779
-0.033085  1.355296
-0.033671  1.222173
 0.025262  0.935334
 0.017272  0.712281
-0.049823  1.624862
-0.034424  1.347663
-0.065817  2.213821
 0.009712  1.148825
 0.064814  0.851073
-0.094666  1.025196
 0.067542  1.397016
 0.107696  1.013110
-0.023183  1.441708
-0.135682  1.340069
-0.185750  0.979546
-0.209909  2.715088
-0.464919  1.307504
-0.191878  0.856848
 0.064678  0.903812
 0.207884  1.082822
 0.227881  1.111959
 0.238781  1.320138
 0.145328  0.738187
 0.216334  1.288985
 0.339315  1.173254
 0.510144  1.111371
 0.672257  1.190155
 0.665404  1.345456
 0.901339  1.295494
 0.955446  2.063372
 0.813921  1.028945
 0.894684  1.478476
 0.924974  1.198116
 0.797265  1.206961
 0.899241  1.173632
 0.879905  4.509026
 0.772293  1.519939
 0.307445  2.184292
 0.108611  2.329089
-0.013162  1.233375
-0.056582  1.449217
 0.013972  1.478358
-0.212353  1.553560
-0.136647  0.895244
 0.021727  1.388356
 0.141822  1.049451
 0.303352  1.343783
 0.001976  1.400171
 0.012141  0.936089
 0.210232  1.573345
 0.020375  1.214492
-0.020118  1.023921
-0.022323  2.180734
 0.016179  1.299689
 0.239756  1.137328
-0.049654  1.072066
-0.213497  1.857430
-0.154319  1.364721
 0.105007  1.462792
-0.003783  1.746548
-0.024109  0.713296
 0.310704  1.149048
 0.552527  1.052646
 0.267954  1.792359
 0.329295  2.124885
 0.465608  3.140736
 0.471172  1.044456
 0.538704  1.289585
 0.508680  0.954509
 0.470803  1.114216
 0.484734  0.964244
 0.374239  0.969363
 0.474671  1.984761
 0.377072  1.538605
 0.448638  1.094665
 0.175015  0.935270
 0.297914  1.113560
 0.328353  1.114571
 0.368205  0.804957
 0.436833  1.215079
 0.152466  1.539775
-0.074083  1.686882
-0.033409  1.426599
 0.011070  0.719961
-0.214496  0.863817
-0.208114  1.247447
-0.289676  1.071027
-0.181416  1.352048
-0.189610  1.067074
-0.348154  1.825820
-0.390107  1.398666
-0.544728  2.006295
-0.460100  1.943442
-0.133828  0.799318
-0.051959  1.019617
-0.202517  1.868767
-0.187723  1.360975
-0.084811  1.782089
-0.105236  2.035263
-0.069714  0.554785
-0.155388  2.410513
-0.101266  1.139638
 0.051606  1.123203
-0.154447  1.093971
-0.337223  1.562211
-0.388467  1.057873
-0.485736  1.177749
-0.173041  1.193537
-0.244139  2.753767
-0.195311  0.735446
-0.103670  1.881080
-0.182246  0.532389
-0.255689  1.595588
-0.133872  0.820606
-0.021164  1.504762
-0.032884  1.203033
 0.165757  1.414399
 0.004618  0.975749
 0.176097  1.215552
 0.136848  1.603357
 0.118796  0.727729
 0.257770  1.161668
 0.119766  1.472575
 0.127037  0.838201
 0.348536  1.287493
 0.261136  2.477600
-0.001233  1.152377
 0.066101  0.966491
 0.251917  0.795278
-0.004784  3.556967
-0.141201  1.116365
-0.084755  1.383024
-0.239881  1.215282
-0.056973  0.989552
 0.177665  1.171233
 0.059277  0.928103
 0.103702  1.112093
 0.124213  1.022421
 0.243596  1.607672
 0.195777  1.153618
 0.281858  1.054990
 0.232657  1.270038
 0.047451  2.002163
-0.253465  1.454646
-0.034255  0.942118
-0.029250  1.102472
-0.099249  1.348613
 0.011019  1.050414
-0.060581  0.543417
-0.007280  1.594936
 0.130262  0.923044
-0.035959  1.069114
-0.110888  1.544844
-0.182493  0.897872
 0.069108  0.944894
 0.026709  1.329198
-0.047809  1.720765
 0.079547  0.916361
-0.142366  1.089511
-0.146536  1.181441
-0.171046  0.899100
-0.071227  1.014818
-0.014518  1.171008
-0.133265  1.409772
-0.067306  1.552675
 0.057687  1.584280
 0.107359  4.112595
 0.015443  0.844225
-0.126156  0.871854
-0.139410  3.723684
-0.179727  1.277295
-0.201104  1.158959
-0.277797  1.119240
-0.358470  0.948110
-0.257790  0.779288
-0.115431  1.328062
 0.035697  1.140677
 0.088184  1.307059
 0.152082  0.933882
 0.254821  0.838481
 0.462463  1.580972
 0.426583  1.721022
 0.446160  2.229932
 0.264392  1.355145
 0.091221  2.344281
 0.094737  1.393812
-0.054605  0.818566
 0.086961  1.018633
 0.146083  1.353421
 0.173040  1.501386
 0.213324  1.015164
 0.164072  1.016473
 0.168998  1.173418
 0.307732  1.174548
 0.061767  1.145570
-0.057275  1.180268
 0.042312  0.775905
-0.086975  0.670342
 0.174305  0.988973
 0.100995  1.067491
 0.058416  1.449826
 0.020684  2.012290
-0.079570  1.761009
 0.079708  0.843714
 0.384946  1.169114
 0.355104  1.838889
 0.156105  0.899386
-0.065057  1.417777
 0.082425  1.956893
 0.033675  0.787629
-0.093311  1.152109
 0.002056  1.193488
-0.052403  1.565912
-0.040129  3.296491
 0.046574  3.754192
-0.189361  1.553909
-0.184033  1.265882
-0.203793  2.052374
-0.216646  0.970501
-0.136731  0.943646
-0.127188  0.860210
-0.093228  1.316891
-0.067762  1.084663
 0.001446  1.969354
 0.127117  0.695437
-0.173954  1.119745
-0.308296  1.385781
-0.271418  1.544621
 0.064715  1.942329
 0.160882  3.374516
 0.361117  0.764879
 0.360194  1.022572
 0.218853  0.558850
 0.224184  1.091949
 0.338761  0.740829
 0.291351  1.437585
 0.291847  2.297815
 0.217557  2.123374
 0.051997  1.154925
 0.152713  1.025184
 0.202820  1.089018
 0.359821  2.010709
 0.432755  1.101440
 0.475963  2.881557
 0.434618  2.346102
 0.291534  2.119033
 0.371283  0.949641
 0.171018  1.336536
 0.083395  1.039391
 0.265302  0.996155
 0.365114  0.814945
 0.376480  0.624309
 0.376373  2.180817
 0.390623  1.677302
 0.482011  1.847060
 0.580430  1.218637
 0.678218  0.833696
 0.651277  1.047803
 0.482490  2.096471
 0.324336  2.305675
 0.287230  1.202584
 0.067411  0.766817
 0.282297  1.120292
 0.248809  0.814325
 0.220543  0.688710
 0.226739  1.792703
-0.000320  0.837360
 0.111878  0.861850
 0.137848  1.000788
 0.167788  1.121041
 0.354261  1.369495
 0.169579  2.078218
 0.103827  0.949267
 0.074598  0.788560
 0.122629  1.364557
 0.014399  1.699573
 0.069005  0.963990
 0.112688  0.757905
 0.203002  0.837988
 0.090478  0.574061
-0.026985  0.843298
 0.005293  1.652674
 0.044833  1.006471
 0.049175  2.048172
 0.069724  1.016181
 0.073342  0.783257
 0.096821  1.237665
 0.058147  1.042687
 0.032436  1.303751
 0.021341  0.881313
 0.000216  0.647430
 0.027239  0.941024
-0.050286  0.518095
-0.184922  1.219255
-0.125498  1.938903
-0.423559  0.803148
-0.107067  1.328675
-0.194031  1.519106
-0.061769  1.468786
-0.102785  1.557224
-0.093898  1.843565
-0.091219  2.140182
-0.231047  0.915815
-0.094767  1.427406
 0.098555  0.805993
 0.029007  0.834281
-0.334144  1.042482
-0.380110  1.223121
-0.233123  1.400673
-0.407917  1.175375
-0.460580  1.524384
-0.448185  1.256938
-0.393576  1.381085
-0.053888  1.352543
-0.008434  1.105992
 0.100408  1.376436
 0.030810  1.571752
 0.026141  1.210437
-0.206977  1.404552
-0.128129  0.943749
-0.279373  1.016685
-0.136995  0.838121
 0.023845  0.987532
 0.166104  1.161141
-0.031557  1.463792
 0.069440  1.027643
 0.004478  1.284355
 0.069241  0.755627
 0.022207  1.382721
 0.115824  1.683329
 0.026325  1.827628
-0.116006  1.167619
 0.052398  1.251979
-0.194644  1.461960
-0.491627  2.189367
-0.668802  2.113367
-0.569061  0.782597
-0.750965  1.156228
-0.542111  1.491516
-0.348222  0.693279
-0.293497  1.247930
-0.333257  1.465983
-0.200918  1.550724
-0.352675  1.189846
-0.300545  0.759895
-0.530129  0.434993
-0.471341  1.102889
-0.561725  0.750987
-0.440743  1.333289
-0.629246  1.271784
-0.461064  1.320526
-0.471955  0.619450
-0.386271  0.741242
-0.379016  0.825344
-0.568134  0.920349
-0.382494  1.046272
-0.292249  1.751079
-0.335762  1.151660
-0.322422  1.156483
-0.383208  1.211878
-0.292247  1.048710
-0.042488  1.220074
 0.152841  0.892844
 0.268566  1.133924
 0.138823  1.133799
-0.134047  1.846970
-0.188536  0.844884
-0.556194  0.885948
-0.422335  1.185998
-0.174217  0.719448
-0.020096  1.270513
-0.014872  1.276964
-0.075431  0.978602
-0.163874  0.957812
 0.100445  0.989693
-0.093663  0.720772
 0.172128  1.353322
 0.171319  1.435883
 0.110203  1.142143
 0.054872  1.636509
-0.015818  0.895764
-0.255004  0.962020
-0.552360  1.010065
-0.631129  0.951457
-0.281383  1.074512
-0.327621  1.177541
-0.079503  1.899925
-0.249909  1.438132
-0.310274  1.507012
-0.579854  2.339967
-0.391316  1.714611
-0.249972  1.280237
-0.293445  1.194801
-0.331379  0.993735
-0.218692  0.987393
-0.137242  0.929262
-0.113529  0.961091
-0.086337  1.242434
-0.121816  0.927902
-0.267973  1.187507
-0.162331  2.125861
-0.269100  1.283748
-0.246011  2.859069
-0.147777  1.101921
-0.134669  1.118147
-0.403621  1.057688
-0.156203  1.245710
-0.007777  1.694725
 0.002296  1.259095
 0.309191  1.591048
 0.259403  0.899331
-0.086752  1.180550
-0.148801  1.229461
-0.130300  1.388352
-0.255175  1.139807
-0.183097  1.056292
-0.104794  1.112711
 0.074042  1.172804
 0.100453  1.228703
-0.122951  1.276464
-0.175397  0.833316
-0.283795  1.020326
-0.298735  0.919333
-0.300860  1.084797
-0.364989  1.215386
-0.272113  0.964481
 0.033455  1.309519
 0.018707  1.152027
-0.087302  0.951508
-0.095085  0.901024
 0.049797  1.165793
 0.097924  1.139227
 0.278265  0.745826
 0.493607  1.504297
 0.287560  0.938181
 0.281253  1.590430
 0.216068  2.024332
 0.371385  0.817402
 0.574562  1.877494
 0.435650  1.770308
 0.386990  1.041732
 0.294965  2.007420
 0.354084  1.492625
 0.509148  0.849575
 0.393382  1.771169
 0.163522  0.975754
 0.150088  0.979035
 0.263799  0.858982
 0.131937  0.973943
 0.135289  1.550966
 0.043566  1.364553
 0.108244  1.510044
 0.130214  1.745756
-0.071298  1.307885
 0.139542  1.242548
 0.167590  0.971975
 0.424469  1.196514
 0.642538  1.402120
 0.629679  1.155793
 0.686401  1.164333
 0.692122  1.691606
 0.665382  1.040137
 0.665396  2.072959
 0.552636  1.158810
 0.314173  1.255859
 0.224668  1.093230
 0.136084  2.460207
 0.295748  0.827049
 0.316999  2.237562
 0.231273  0.785250
 0.416635  0.954687
 0.361096  0.968917
 0.196024  1.197548
 0.238516  1.117391
 0.321963  0.952144
 0.391543  0.844722
 0.379130  0.870245
 0.130529  1.356173
 0.286662  1.238813
 0.032964  1.015316
-0.042617  1.538541
-0.004403  1.800565
-0.076185  1.580116
-0.107178  1.605855
-0.145625  1.114480
-0.149253  1.032206
-0.035290  1.252113
 0.032438  1.167652
 0.138813  1.550275
-0.008841  0.878619
-0.012330  0.594580
 0.156351  0.907269
 0.004483  1.220706
 0.003809  0.595746
-0.071886  1.142668
-0.000875  1.398381
 0.038423  0.861983
 0.133665  0.788910
-0.083584  0.740135
-0.081406  0.819233
 0.005891  1.985415
 0.132230  0.916846
 0.194692  0.594405
 0.105104  0.894413
 0.091106  0.947944
 0.098878  1.083307
 0.044136  0.711738
-0.144362  1.124018
-0.539126  2.041545
-0.421455  0.860995
-0.405819  2.006231
-0.298373  1.038458
-0.402798  1.075023
-0.368416  1.810879
-0.130091  1.104854
-0.285848  1.979766
-0.391494  0.786988
-0.375587  1.008957
-0.169307  1.479804
-0.260943  1.008491
-0.256143  1.223939
-0.332315  2.118898
-0.527877  1.062277
-0.203072  0.972905
-0.117950  1.181345
-0.127211  2.454404
-0.109369  1.345306
-0.146323  1.107630
-0.238073  1.071338
-0.440130  0.487563
-0.499652  2.782617
-0.538317  0.914468
-0.513721  1.051224
-0.479028  1.332532
-0.435034  0.976389
-0.364710  1.089284
-0.154565  1.258917
-0.344747  1.068733
-0.305998  0.625303
-0.270965  1.230382
-0.420252  0.622862
-0.383949  2.398745
-0.550668  1.329639
-0.687774  0.904718
-0.588931  1.363800
-0.415608  0.968432
-0.397488  2.595195
-0.271980  0.542940
-0.176241  1.675773
-0.374393  0.640964
-0.540802  1.936882
-0.458705  1.415140
-0.343266  1.144604
-0.234595  1.307318
-0.236740  2.855174
-0.142304  0.795702
-0.227600  1.878678
 0.037237  0.961096
-0.321579  2.092841
-0.415752  1.554636
-0.579479  1.798654
-0.629932  1.182787
-0.617811  0.947058
-0.443349  1.213656
-0.636480  0.817355
-0.655288  1.975934
-0.866637  2.794292
-0.752440  0.833624
-0.618223  1.011008
-0.690110  1.224500
-0.682438  2.074624
-0.722965  2.237836
-0.610587  0.918505
-0.802198  0.722117
-0.708470  0.958292
-0.765235  1.069435
-0.753424  0.719621
-0.670489  2.202452
-0.776394  1.015045
-0.681577  2.632860
-0.627824  0.800173
-0.257806  1.017922
-0.445086  0.724518
-0.495673  2.810044
-0.553487  1.033977
-0.640645  0.616901
-0.646628  2.498271
-0.696015  1.481603
-0.602438  1.295327
-0.581897  1.766857
-0.446762  1.055545
-0.522819  1.517066
-0.470464  1.402684
-0.546754  1.841630
-0.586945  1.580060
-0.597935  0.679915
-0.586672  0.967983
-0.401844  3.246492
-0.418959  1.057084
-0.423750  1.093848
-0.434658  1.083601
-0.550950  1.791645
-0.571035  1.007771
-0.609421  1.663476
-0.584143  0.786141
-0.658466  1.121287
-0.427479  1.316299
-0.400323  1.471542
-0.501132  1.009306
-0.517679  1.122180
-0.500070  2.165420
-0.538423  1.521484
-0.398391  0.828917
-0.552634  0.826837
-0.570096  1.445913
-0.574176  0.927294
-0.543099  1.161562
-0.413168  0.907427
-0.508052  2.019059
-0.461127  1.025374
-0.546110  1.155592
-0.557440  1.902073
-0.607911  0.894889
-0.672848  6.753387
-0.731040  2.697424
-0.736860  2.266035
-0.690105  1.168691
-0.690835  1.248330
-0.630262  1.568323
-0.379558  0.695838
-0.508966  1.623155
-0.549573  1.480925
-0.433039  1.878263
-0.467737  1.303100
-0.438394  1.827892
-0.523802  1.075880
-0.634523  1.268946
-0.537375  1.311264
-0.459576  1.279661
-0.329372  0.826590
-0.194263  1.286684
-0.308888  2.087898
-0.476732  1.880133
-0.350735  1.313013
-0.392338  1.256458
-0.560920  1.298966
-0.645040  1.131284
-0.727545  0.537724
-0.608693  0.961254
-0.814325  1.629047
-0.570898  1.226073
-0.851017  1.771052
-0.692970  0.785848
-0.731706  1.134940
-0.639285  1.830499
-0.862365  1.633751
-0.633818  1.690112
-0.678367  2.194413
-0.629798  1.901410
-0.604467  1.020370
-0.584189  1.017795
-0.586203  0.512937
-0.381651  1.043106
-0.295262  1.875822
-0.347398  0.794069
-0.707491  0.920357
-0.577712  2.015186
-0.682849  1.305363
-0.676485  1.802666
-0.756243  1.210754
-0.803885  0.932529
-0.697347  1.892954
-0.697636  1.353336
-0.774722  1.423119
-0.660653  1.833133
-0.826298  1.115717
-0.879384  1.335215
-0.855950  1.209605
-0.966213  1.058824
-0.776550  0.884533
-0.520930  1.386052
-0.529404  3.545108
-0.584433  1.365444
-0.469769  0.989808
-0.337482  1.716316
-0.229758  1.663394
-0.186965  0.998618
-0.438931  1.432816
-0.318877  1.014677
-0.257506  0.712637
-0.355917  1.208830
-0.354509  1.110368
-0.322086  0.821624
-0.128955  1.041538
-0.351882  1.505232
-0.067010  0.928843
 0.001579  2.390417
-0.195012  0.883580
-0.200469  1.558660
-0.418206  1.791984
-0.473004  1.045760
-0.275209  2.104949
-0.317406  1.001299
-0.183382  1.707401
-0.382465  1.356797
-0.458693  2.107888
-0.483615  1.012805
-0.520737  1.258611
-0.195186  1.372357
-0.286067  1.001801
-0.243095  0.836557
-0.586565  1.608722
-0.588260  1.134648
-0.679138  0.846403
-0.670696  1.027673
-0.610698  1.474491
-0.832024  0.764426
-0.643101  1.510767
-0.683526  1.474461
-0.677318  0.718809
-0.576025  2.180409
-0.538969  1.576679
-0.675106  2.201480
-0.383726  3.235086
-0.460611  0.636282
-0.300816  1.980077
-0.567955  1.554080
-0.591055  1.938074
-0.448698  1.759228
-0.582474  1.090019
-0.358607  0.921305
-0.504868  2.529550
-0.489820  0.644970
-0.418384  1.059918
-0.392040  0.954269
-0.354524  1.311574
-0.384915  0.976060
-0.583314  0.797950
-0.712830  2.129667
-0.571915  1.424410
-0.462598  1.900454
-0.611581  1.774274
-0.361048  1.083795
-0.590026  1.720699
-0.614815  1.236858
-0.632563  1.478190
-0.621116  0.986650
-0.506720  1.610160
-0.329746  1.438065
-0.289006  1.005843
-0.157775  1.436790
-0.325294  1.229165
-0.226148  1.794887
-0.162532  1.271963
-0.344934  1.264263
-0.498504  0.720320
-0.535288  0.644251
-0.481240  1.144765
-0.496109  0.840787
-0.520979  1.016082
-0.482451  0.748695
-0.407388  2.861138
-0.395181  1.500350
-0.412395  1.064308
-0.531214  0.624365
-0.391837  0.825465
-0.497779  0.700133
-0.462948  1.840944
-0.536059  0.989939
-0.578745  0.765912
-0.767308  1.658779
-0.607860  1.152662
-0.559208  1.359442
-0.729688  2.348477
-0.645793  2.863255
-0.736974  1.329793
-0.579748  0.961036
-0.765152  1.378458
-0.511523  1.001625
-0.456803  1.595458
-0.409416  1.454775
-0.492343  2.171002
-0.547637  1.062813
-0.535363  1.027509
-0.570623  0.737127
-0.467313  1.222182
-0.581002  0.968958
-0.568374  1.353663
-0.403001  1.795442
-0.519966  1.163756
-0.492846  0.952869
-0.411477  0.995920
-0.371329  1.439500
-0.472923  1.403321
-0.485692  2.435780
-0.446636  1.285202
-0.468540  1.714427
-0.648650  1.382919
-0.601825  3.086771
-0.408893  1.327863
-0.150935  1.417182
-0.336745  0.932063
-0.282984  1.916586
-0.185907  0.593211
-0.028054  1.643000
-0.094076  0.771110
-0.159087  1.175443
-0.060373  1.299380
-0.108749  1.178858
 0.076277  2.236652
 0.113125  1.117448
-0.276223  0.595423
-0.130498  1.885140
-0.055228  1.310933
-0.111436  1.155959
-0.200072  0.959111
-0.316944  0.959732
-0.173589  1.509266
-0.170950  1.006882
-0.058048  0.940043
-0.107430  1.646198
-0.156696  1.369865
-0.042387  1.457503
-0.042679  0.934771
 0.145598  1.136000
-0.059340  1.882812
 0.128765  1.230651
 0.224748  0.887416
-0.090755  0.794605
-0.248556  2.169129
-0.281192  1.356466
-0.275471  2.184025
-0.185845  1.287938
-0.310130  1.006381
-0.476453  1.678374
-0.238944  1.166306
-0.366250  2.836234
-0.283380  1.255719
-0.008449  1.175063
 0.305102  3.658985
 0.284465  1.585988
 0.266485  1.499878
-0.159291  1.569565
-0.105961  1.247862
-0.303873  1.320902
-0.232276  2.210207
-0.286687  1.558901
-0.222297  1.481005
-0.483280  1.155688
-0.543448  2.107325
-0.509798  1.718372
-0.385065  1.083756
-0.259621  0.820407
-0.135451  1.307659
-0.097258  0.906248
-0.029001  1.248698
-0.050153  0.976698
-0.053591  1.919149
-0.163337  1.058425
-0.263000  0.821630
-0.371805  1.333416
-0.552265  0.730553
-0.442766  0.972415
-0.626202  1.084557
-0.639776  1.165075
-0.762430  1.524587
-0.637201  2.201906
-0.718622  1.412244
-0.822914  0.944584
-0.728031  1.041250
-0.649890  2.627962
-0.624112  1.299312
-0.558120  1.140268
-0.463220  1.268881
-0.436631  1.206825
-0.419541  1.239521
-0.417936  0.806541
-0.051667  1.183239
-0.036919  0.880705
-0.235477  0.796414
-0.108162  1.019289
 0.006279  0.852743
 0.151803  1.103534
 0.101524  0.930748
 0.177229  0.749860
 0.234319  1.475579
 0.412500  1.372374
 0.630916  0.857498
 0.581000  0.970577
 0.373698  1.807039
 0.157097  1.318132
 0.140798  0.708794
 0.043427  1.293659
-0.138645  0.856728
 0.023541  0.455926
-0.022586  0.801978
 0.069806  0.920109
 0.004113  1.208865
 0.300688  0.766412
-0.131015  0.696857
-0.026636  1.529867
 0.037016  0.989459
 0.109197  3.014157
-0.020362  0.808910
-0.330141  1.807095
-0.302850  1.083846
-0.241743  1.644176
-0.144662  0.889310
-0.044679  1.921759
-0.068260  1.510694
 0.023382  1.229066
 0.068311  0.773988
 0.059729  0.707338
 0.050869  1.591807
-0.085161  2.367468
-0.199097  0.949312
-0.231526  1.041715
-0.143217  0.960167
-0.396960  1.142830
-0.239048  1.644165
-0.395248  1.103126
-0.531623  0.974657
-0.572924  1.066423
-0.577103  1.391955
-0.522202  1.328940
-0.681335  0.910807
-0.624305  2.218358
-0.702663  0.610717
-0.760921  1.646356
-0.468217  0.934560
-0.492230  1.467827
-0.596598  0.946351
-0.673446  1.426714
-0.678191  1.190373
-0.568257  0.626326
-0.582075  1.616605
-0.592226  0.664546
-0.706310  1.078101
