  69.352031 1674.397868
  68.901758 1667.151723
  83.595882 1666.827169
  71.809814 1675.728428
  91.557775 1674.208422
  77.026985 1672.444109
  78.398172 1671.884876
  98.484433 1680.195248
  95.300615 1670.822922
  60.220328 1681.776504
  65.629252 1671.622776
  67.799804 1674.033555
  96.530228 1680.521924
  48.561256 1674.047041
  93.193564 1673.913832
  70.668504 1679.467434
  45.891609 1676.965819
  60.344254 1674.830513
  98.253544 1680.052560
  69.818735 1677.925603
  86.382511 1678.412745
  83.728651 1673.044619
 118.033798 1676.450211
  94.271025 1677.163675
  58.465363 1675.592793
  48.487641 1671.651082
  57.447372 1677.326239
  91.002176 1678.609289
  74.118657 1669.651765
 107.459820 1683.699660
 119.514687 1673.953127
  89.543529 1679.208139
 118.501362 1677.205335
  87.174745 1682.338660
  60.644660 1681.294086
  96.811553 1676.824396
  56.973637 1669.681795
  90.615974 1674.689560
  86.740528 1677.462089
  68.209391 1681.039249
  68.970864 1680.061035
 105.329682 1679.198036
  46.226299 1679.300776
  73.718772 1676.168287
  81.667495 1677.408803
  51.917886 1676.884135
  60.693363 1674.947692
  86.016494 1675.698611
  79.378044 1673.984269
  74.828481 1677.705432
  48.278075 1680.946346
  82.141669 1678.238988
  72.387726 1678.132772
  75.508602 1679.104911
 100.957778 1678.049240
  78.055963 1680.929679
  96.139735 1676.005316
  71.517053 1674.447325
  73.838652 1679.476469
  73.870987 1676.932488
  93.499702 1678.101931
  70.093985 1676.934890
  72.698238 1675.306582
  85.718057 1678.791398
  65.921260 1678.311439
  66.321565 1673.262692
  79.746021 1675.167650
  73.093975 1674.993720
 111.381926 1675.237461
  46.849119 1676.032528
  63.283634 1674.128941
 102.874150 1678.839768
  94.214350 1676.885274
  64.048426 1679.097113
  80.091951 1678.256422
  85.537992 1681.517132
  56.279888 1676.021991
  89.605894 1666.457327
  88.400667 1676.034801
  74.554815 1680.050151
  63.617555 1674.756248
  58.323098 1674.717259
  85.514349 1679.406851
 104.369804 1675.248720
  98.644398 1679.222655
  75.344997 1680.085978
  83.252081 1678.282887
  93.890982 1678.146727
  63.955305 1676.770335
 100.929724 1677.851809
 100.398761 1678.371417
  71.966964 1673.063009
  87.435192 1675.605742
  81.824050 1672.819639
  52.353549 1676.911214
  86.145644 1676.754040
  96.307827 1679.833503
  75.004929 1681.365993
 122.062900 1674.851738
  95.450707 1673.795806
  91.840849 1678.603238
  46.971158 1668.347750
  45.488546 1673.809902
  75.491445 1679.107512
  86.537473 1675.474584
  98.369924 1674.440948
  65.946234 1671.183380
  93.783903 1674.895111
  86.595168 1676.019421
  70.687971 1681.296860
  70.934928 1677.268560
  75.281959 1679.597016
  65.597406 1676.677290
  55.868575 1672.281633
 101.146870 1676.043312
  62.973736 1676.403517
  73.555717 1674.280765
  74.940781 1673.660915
  59.608439 1672.304238
  80.499546 1667.539765
  67.683645 1670.649013
  97.372094 1669.391073
  95.588276 1667.868170
  70.560110 1673.088557
  82.720077 1665.068104
  61.993658 1674.616306
  88.464741 1675.220488
  97.857210 1666.200264
  95.486040 1679.189132
  71.273531 1671.042832
  77.648347 1675.170928
 104.242877 1679.005786
  96.251369 1677.457695
  76.823397 1674.546138
  82.424634 1672.836303
 112.520329 1677.536445
  90.250878 1672.135997
  70.130113 1673.529883
  76.852895 1675.896568
 102.037584 1673.058585
  95.056666 1679.469226
  94.526860 1674.714966
  64.121667 1673.403829
  59.314780 1673.268127
  85.701986 1676.327113
  68.612068 1676.369332
  77.191750 1676.097726
  80.831587 1674.900547
  57.699991 1675.085695
  70.036573 1677.335146
  67.680753 1679.416403
  89.182284 1684.325594
  70.111842 1677.305028
  88.157299 1673.917648
  75.417925 1673.424085
  54.664133 1678.686191
  77.635136 1679.199146
  68.059312 1680.329955
  46.563663 1675.107210
  33.933924 1673.657833
  84.828915 1681.524930
  72.350155 1673.196414
  49.281441 1675.988655
  58.646942 1679.048027
  99.903478 1674.089040
  80.264267 1672.310656
  61.922209 1680.932726
  78.609974 1678.536435
  59.046351 1680.998409
  79.026415 1677.851080
  66.215855 1678.861438
  67.165175 1672.067510
  74.509560 1681.037869
  72.422090 1672.172212
 101.755725 1680.755177
  74.983338 1672.715147
 108.505512 1674.475671
  58.102048 1679.639811
  60.399779 1676.835920
  73.511369 1672.629429
  56.612736 1678.035801
  59.181530 1677.413796
  68.765928 1678.988837
  49.836691 1680.855752
  78.742911 1675.492089
  59.786405 1675.008174
  50.125020 1678.581189
  68.797738 1672.507760
 104.972926 1680.048436
  81.452524 1679.133497
  81.950898 1673.630100
  69.848517 1678.115543
  69.882416 1670.653801
 124.367330 1677.670587
 106.385633 1677.104244
  69.249737 1674.827785
  32.190586 1676.184301
  61.716247 1680.364290
  88.384108 1678.918454
  87.119196 1678.381348
  83.437048 1675.233406
  99.641550 1681.353763
  84.406954 1673.871671
  66.807054 1676.680573
  81.365395 1673.734817
  67.819099 1675.725833
  31.696804 1675.701429
  66.322355 1681.220745
  56.350272 1682.758044
  75.207550 1674.684098
  49.234155 1675.323381
  63.546284 1679.546535
  73.364823 1674.277341
  66.193388 1673.398902
  97.486188 1677.720375
  62.936544 1678.593718
  74.547798 1669.791632
  78.948557 1675.980046
  60.489224 1677.639798
  33.411410 1675.556655
  83.898568 1674.043807
  86.736456 1676.421932
  85.412551 1672.652747
  70.559694 1679.664783
  96.644693 1680.338112
  62.734723 1675.873530
  73.107126 1670.763856
  91.214033 1669.687863
  78.484422 1670.976056
  77.527808 1674.136061
  48.918969 1668.040654
  69.735760 1672.999311
  81.802513 1678.376785
 106.666039 1681.690422
  88.992286 1680.923036
  91.201875 1680.774213
 127.037412 1674.542830
  81.450983 1676.799387
 113.630944 1671.571181
  69.895081 1680.940867
  95.040809 1684.207847
  78.108069 1683.960869
 121.755037 1673.223721
  67.817398 1676.698933
  56.217950 1679.237528
  77.919832 1677.089382
  58.726840 1676.333123
  66.367306 1669.477120
  45.145428 1671.457574
  66.695586 1675.712820
  55.796375 1673.711378
 103.389735 1675.804816
 118.267430 1677.109239
  75.894105 1666.701097
 106.221616 1674.605120
  50.976497 1671.523293
  76.233050 1682.234156
  66.146125 1681.597339
  75.097172 1679.150519
  87.329922 1685.923457
  95.994131 1676.375443
  58.559581 1681.696936
  82.875750 1674.271394
  75.032517 1675.516547
  87.809959 1683.144227
  52.351274 1681.544842
  88.744442 1682.646800
  53.456440 1680.852685
  67.091425 1678.122846
  76.710862 1679.886099
  81.715019 1676.683186
  94.531003 1673.325935
  80.332891 1677.601610
  72.066291 1674.526320
  54.543216 1676.352345
  76.342746 1671.489554
  43.305931 1674.057803
  77.095390 1672.421388
  86.031627 1672.227387
 102.384114 1675.822743
 127.044827 1674.769860
 168.767015 1677.994544
 118.487820 1677.235150
  92.365579 1679.953075
  58.425919 1682.833136
  91.195198 1677.276886
  86.482176 1678.261581
  98.840390 1680.093951
  94.716831 1680.927653
  75.374040 1673.474560
  88.259836 1680.455601
  79.233033 1676.430185
  80.402322 1679.663600
  95.971393 1675.076028
  98.845018 1679.059605
  79.875888 1676.300271
  62.268866 1671.850885
  93.391691 1671.551722
  90.717427 1678.247250
  60.948293 1676.990244
  90.307984 1682.960959
  72.568417 1677.493285
  58.489860 1672.170970
  89.175955 1673.852009
  50.576071 1675.963856
 103.083005 1672.783005
  74.033995 1667.529902
  78.693758 1670.951675
  95.604328 1671.883127
 122.359298 1675.953109
  98.004140 1678.133733
  83.153369 1678.936246
  61.956223 1676.099880
  83.651039 1680.297312
  75.766672 1678.327117
  96.776283 1676.426279
 103.319914 1672.006164
  63.338728 1680.441867
  45.089866 1678.097747
  83.139912 1673.568027
  82.340938 1676.496289
  72.240403 1679.596418
  88.007965 1681.765902
  89.275053 1676.276670
  65.960084 1674.510975
  71.788959 1678.942348
  98.785116 1670.340077
  73.143597 1676.250778
  79.077332 1676.312134
  84.116543 1674.587952
  63.303434 1675.758607
  88.408909 1675.443667
  89.483808 1676.416810
  65.922544 1677.575341
  75.274685 1677.869291
  60.425293 1677.573504
  85.900136 1678.992009
 100.355737 1677.803025
  77.379787 1676.508035
  58.067662 1680.761265
  62.391975 1677.700487
  60.931059 1674.792809
  89.682309 1678.667855
  95.081237 1679.731585
  72.469155 1677.993697
  73.923303 1678.442738
  68.945761 1670.411779
  65.261254 1674.189017
  47.621536 1676.424090
  85.392926 1673.315804
  76.184161 1675.741088
  58.775130 1680.799129
 101.754050 1673.199884
  61.506219 1675.318473
 100.683873 1679.430927
  83.103763 1678.742596
  65.587741 1668.893725
 103.110628 1675.657756
  66.808793 1674.846053
  71.264118 1678.076542
  77.042409 1679.375948
  64.593291 1679.388852
  68.596573 1679.594646
  57.026758 1676.751823
  92.228379 1674.354602
  99.909089 1673.002532
  64.378945 1676.805004
  58.456793 1663.198757
  66.964450 1677.640973
  73.818408 1677.644268
  57.115933 1677.039751
 101.292950 1679.819083
  73.604944 1680.000437
 107.009342 1679.529084
  90.274509 1671.578545
  66.546334 1676.705030
  71.480921 1677.090685
  51.441891 1676.323149
  61.256977 1676.059610
  63.872141 1675.847719
  46.047846 1675.948861
  80.291645 1674.944054
  89.042428 1673.338587
  63.947795 1675.759618
  59.667169 1673.363149
  86.684709 1681.925663
  72.930069 1674.165555
  68.918991 1675.847868
  80.896776 1681.177317
 105.379936 1680.412390
  60.757203 1675.294299
  82.058055 1678.641908
  80.147775 1679.118686
  92.317520 1678.298207
  84.198133 1682.945307
  88.791947 1676.995191
 108.844402 1676.940025
  74.170738 1677.413184
  90.604089 1680.440850
  55.938334 1676.340208
  63.194505 1674.936315
  51.616757 1677.437013
  32.325045 1676.544026
  75.065173 1678.100511
  80.891819 1675.596342
  87.613299 1681.135901
  76.366672 1671.969197
  67.423066 1673.969956
  87.650004 1676.102869
  72.423944 1674.729834
  83.831272 1681.120892
 130.734024 1683.008169
  81.415624 1676.525732
  68.705405 1670.988403
  65.619210 1674.220802
  86.317815 1677.507943
  81.734632 1674.728040
  91.050920 1674.032997
  95.356826 1680.509931
  62.906208 1680.586104
  90.405408 1674.486508
 105.130786 1678.034003
  78.534558 1676.845108
  86.121447 1680.905292
  78.115337 1676.930642
  79.965435 1670.534879
  86.919434 1673.672170
 117.797312 1679.609718
 118.726676 1678.766677
  68.573241 1675.628429
  74.246141 1672.075415
  55.658636 1676.929282
  61.099219 1675.313897
  98.287455 1676.835413
  75.774073 1675.732177
  65.012686 1680.418739
  72.768137 1677.060311
  54.652465 1681.322527
  63.378606 1677.313331
  58.635507 1670.954109
  88.264089 1677.913866
  71.486708 1674.631966
  84.898589 1681.811116
  55.082518 1675.361249
  65.931590 1680.873294
  91.808244 1679.862842
  89.629847 1678.160471
  83.036687 1678.288973
  73.289056 1673.701945
 102.176740 1676.900532
  91.383587 1680.323232
  68.111461 1674.580452
 110.156775 1679.687076
  87.689719 1680.489278
  90.758226 1672.586483
  52.043376 1678.402878
 111.875151 1675.008438
  76.274409 1678.028959
  68.594537 1677.597936
  82.458860 1674.959104
  53.350927 1681.716294
  69.379361 1678.593066
  67.665252 1682.933770
  74.605447 1675.348359
  82.657807 1681.892809
  66.328320 1672.448017
  72.479097 1678.229015
  74.784320 1677.790600
  83.812824 1674.564570
  72.650926 1676.718892
  77.402136 1672.558358
  65.499642 1672.766349
  80.204044 1676.197378
  71.310132 1674.009292
  73.037073 1684.835940
 116.834321 1685.299539
  97.808840 1673.914546
  91.012442 1678.654433
 105.104045 1682.720729
 109.705925 1679.765312
  84.264356 1677.720558
  70.928008 1675.458665
  82.309960 1676.603749
  58.502670 1674.076093
  74.479938 1673.571028
 104.478537 1679.333037
  80.921106 1679.643683
 101.060551 1675.652396
  56.865966 1668.419230
  68.693321 1676.458930
  91.099383 1672.883903
  67.204433 1684.459077
  60.550941 1678.058366
  84.892479 1679.655601
  45.715554 1679.035023
  72.205399 1675.344149
  75.596888 1676.875432
  71.325593 1674.666967
  54.680958 1679.861398
  75.952706 1674.097473
  91.327402 1678.113216
  76.676455 1670.778315
  59.632150 1681.278489
  78.125778 1673.088868
  73.076730 1669.856700
  51.791440 1672.370647
  41.202631 1669.564956
  75.070505 1673.173409
  65.857665 1673.676808
  70.125145 1656.666710
  69.680599 1670.441815
  74.725843 1673.500055
  66.283805 1667.128866
  72.338274 1680.442446
  97.456851 1677.723188
  83.442793 1669.540677
  63.468972 1674.483927
  71.266309 1673.585855
  78.346691 1673.637646
  89.880034 1669.045141
  60.353229 1672.523976
  79.427914 1676.634879
  82.133310 1674.192317
  57.471277 1675.776193
  63.788277 1675.175655
  68.366115 1674.990039
  67.269226 1667.637915
  87.704243 1676.092434
  87.752085 1677.549092
  53.715205 1676.656618
  71.293791 1670.543801
  79.197107 1669.949821
  60.088026 1672.344135
  82.569357 1674.112621
  48.158535 1664.681886
  65.250155 1667.731692
  43.345980 1667.782031
  84.008167 1673.854294
  47.546523 1672.618273
  76.025378 1672.087434
  65.589462 1671.461005
  77.407709 1679.489941
  76.094971 1673.836609
  64.259412 1675.125965
  56.814272 1673.898151
  66.127264 1670.710102
  81.849996 1675.635849
  51.241503 1669.310963
  72.775133 1672.708340
  99.360834 1678.384426
  93.357360 1671.325264
  74.037858 1681.099400
  54.673479 1680.768642
 100.162633 1673.153155
  95.509416 1673.417770
 102.723240 1677.929082
 107.198830 1671.292181
  83.122893 1669.886066
  43.993565 1676.927790
  84.755250 1674.612632
  80.511779 1679.395457
  77.017789 1675.315546
  68.641284 1673.601379
  66.471911 1674.343138
  88.038891 1677.161445
  55.980726 1672.993617
  82.568778 1680.807099
  86.787889 1674.727269
  62.868006 1678.663018
  63.789745 1686.429553
  76.393975 1670.210467
  63.092764 1681.790051
  95.322191 1680.262866
  87.604204 1683.280549
  73.404172 1676.661240
 105.916328 1677.404882
  87.654556 1679.340160
 104.610121 1675.939517
  72.520106 1676.527026
  82.284578 1670.321395
  77.754380 1678.163435
  98.443663 1675.960954
  78.959880 1683.130180
  73.999915 1677.050868
  85.064149 1678.614067
 122.215705 1674.445585
  65.319772 1676.386446
  50.618015 1678.052260
 100.626597 1679.487915
  93.730764 1674.479063
 122.047600 1679.362115
  86.599873 1678.144955
  80.401038 1680.828155
  79.565151 1678.485162
  92.033115 1671.981615
  69.829788 1680.135433
  88.651627 1667.912090
 123.795483 1678.069446
  82.293372 1675.089434
  68.018117 1677.133447
  64.869020 1676.293952
  62.550661 1669.506755
  60.234511 1672.181360
  39.394521 1681.483549
  40.676815 1666.620965
  67.572035 1678.957977
  45.012833 1680.704615
  80.652408 1676.300515
  82.604372 1679.083882
  62.644269 1681.507083
  78.687825 1674.989450
  93.039038 1679.518101
  49.215790 1669.914888
  54.496082 1677.548874
  66.505902 1679.614673
  65.058664 1675.497678
  59.419438 1684.331605
  96.641757 1681.882550
  64.486921 1682.968655
  95.406183 1679.201378
  68.835655 1679.308365
  89.673793 1674.361749
  79.315870 1679.388895
  44.085428 1682.393817
  59.225742 1671.396754
  74.455316 1686.649928
  59.983532 1682.618098
  78.617464 1675.807226
  80.063293 1683.469506
  76.779729 1676.612797
  72.790069 1686.112873
  66.550940 1677.487759
  68.628411 1685.763387
  72.603247 1678.327247
 124.049456 1670.974101
  95.220344 1680.302074
  79.951312 1679.184396
  80.962071 1676.234664
  72.848642 1677.678073
  74.589579 1677.375156
  74.384893 1673.179668
  59.638303 1673.137325
  69.888448 1680.348747
  72.963555 1680.392529
  70.473585 1683.254437
  64.352066 1677.978998
 103.523869 1677.944750
 175.438791 1673.999191
 154.459299 1679.047285
 119.560966 1681.088632
  88.600039 1677.150497
  86.034300 1677.955154
  69.396602 1670.557781
  78.398945 1680.138899
  78.041484 1680.882412
  96.240577 1681.925895
  86.488430 1682.628460
  62.963894 1670.203051
  67.225026 1670.096212
  98.773445 1681.320502
  71.240278 1671.673237
  80.209285 1678.981138
  59.139816 1676.578913
  92.359665 1682.531616
  89.250747 1678.259322
  76.485334 1674.156208
  71.864189 1674.065181
 114.958675 1681.554886
 113.810261 1681.821214
  94.831111 1671.215296
  71.089588 1664.526323
  96.154994 1666.950068
 112.320960 1665.073043
  95.451466 1672.076786
  92.176969 1678.330132
  50.185519 1681.901915
  47.525838 1679.612636
  61.702132 1673.771761
  41.362127 1674.779168
  54.915281 1679.986891
  93.094731 1685.356809
  62.453506 1669.795420
  59.940374 1679.944475
  66.536578 1678.378676
  64.304758 1675.793274
  64.806534 1673.901110
  69.409501 1676.377890
  82.350363 1679.448519
  94.366479 1675.795764
  63.031995 1684.157220
  74.206863 1680.669561
  51.143245 1680.700719
  47.827433 1672.992336
  90.082656 1682.242937
  50.238437 1683.510474
  64.918308 1674.359761
  87.455660 1683.538536
  60.232611 1684.585690
  62.310211 1679.395948
  53.245359 1685.241902
  65.106233 1682.773057
  67.468439 1682.680394
  63.569190 1676.809282
  88.340729 1680.176427
  67.948540 1682.206786
  66.293928 1673.044208
  93.180016 1678.054554
 121.750142 1679.241960
 106.968135 1684.753022
  80.824527 1680.419576
  72.507447 1686.874540
  71.170173 1681.392853
  80.336180 1684.139170
  60.195412 1682.486155
  99.542640 1675.482341
  71.852948 1672.867875
  78.562604 1674.203107
  79.505069 1669.627381
  74.633083 1673.155933
  68.658851 1677.918725
  93.797923 1673.037599
  84.429346 1675.524620
  86.126508 1671.844959
  70.551778 1665.451649
  88.137460 1680.914470
  57.353872 1675.442355
  56.149374 1681.736001
  82.165007 1676.221909
  56.230549 1679.810613
  54.036877 1677.481794
  85.845178 1678.356852
  71.873924 1675.557930
  80.062415 1676.463464
  85.697693 1669.051902
  77.693337 1675.569580
  66.558402 1670.873973
  87.384701 1673.943193
  62.518953 1677.466718
  58.523346 1670.192310
  67.226663 1670.487320
  79.429227 1667.335074
  73.986744 1669.233145
  71.534174 1670.827854
  60.173816 1665.044421
  54.650046 1668.092621
  79.740483 1668.651560
  80.601522 1663.192809
  89.501038 1672.324954
  68.490330 1675.973453
  76.860731 1669.765419
  81.537249 1669.426998
  80.101040 1678.597179
  78.386077 1679.019103
  53.802067 1666.069565
  87.908331 1673.834993
  71.884396 1678.271643
  88.158039 1674.409859
  65.873392 1674.682759
  57.909364 1675.434243
  68.390566 1672.069581
  45.894257 1680.692420
  64.084451 1673.191587
  53.454931 1673.567465
  74.015767 1673.330026
  89.052216 1677.196590
 103.135664 1683.140256
  88.257069 1671.797901
  86.358708 1675.620227
  91.106288 1677.477026
  84.263515 1679.539456
  89.607309 1675.270381
  67.398813 1676.941761
  70.856278 1680.921816
  62.884539 1676.600552
  58.224984 1675.177554
  60.441396 1667.278492
  87.957272 1664.533833
  65.803812 1669.731593
  87.171561 1664.615298
  67.938231 1664.942190
  74.830016 1668.322657
  45.813914 1665.777172
  74.602722 1671.250145
  85.438368 1671.149029
  78.395272 1675.035936
  49.879393 1664.733087
  44.266734 1678.864903
  83.061120 1681.168948
  84.228414 1677.313793
  86.617311 1681.066956
  58.095357 1678.354664
  83.019935 1677.776607
  86.180517 1680.914132
  90.792242 1678.128302
  91.688723 1680.064226
  73.928548 1672.973373
  43.197507 1672.159716
  56.039146 1675.939756
  70.544521 1673.980438
  66.678650 1671.763574
  76.734589 1681.175286
  76.887897 1679.246474
  70.483940 1682.275952
  62.935120 1682.015192
  92.155474 1675.298938
  53.775073 1674.630759
  75.455547 1670.700224
  46.735030 1676.849871
  73.954136 1677.320819
  70.929175 1673.008696
  69.574796 1675.173750
  88.560741 1673.556665
  69.460183 1672.373162
  80.220357 1676.670653
  55.655018 1671.483192
  49.411464 1681.362123
  92.370338 1680.844937
  73.321743 1677.298267
  96.608563 1674.017079
  63.257040 1673.805662
  58.712932 1680.175903
  51.269452 1673.276497
  38.782049 1674.270264
  68.249105 1670.930170
  67.976574 1674.782221
  83.579704 1677.869940
  85.284282 1676.469500
 106.414520 1673.049062
 115.750894 1679.245967
 107.542934 1679.417477
  69.145882 1681.841875
  71.741751 1682.898076
  64.347447 1678.475195
  82.487794 1682.075644
  65.613970 1685.277942
  47.472572 1681.318295
  81.139348 1673.535093
  60.775415 1679.171650
  48.509276 1681.286540
  74.856630 1682.971354
  59.591622 1682.432620
  65.246221 1667.959860
  77.772727 1677.637035
  84.797904 1685.053163
  91.845224 1683.607740
 145.099068 1680.132832
 135.368001 1680.710196
  65.221767 1683.212302
  56.716859 1671.530078
  65.280768 1675.468259
  56.502116 1683.665749
  32.279452 1683.346683
  77.353224 1684.865680
  68.703336 1681.226757
  48.142535 1670.647499
  50.113570 1675.792569
 105.904940 1678.515162
  58.043780 1679.209286
  55.086912 1682.936273
 109.510228 1682.084969
 105.175391 1682.722028
  84.923706 1683.280410
  93.040326 1669.853457
 128.618402 1679.458158
 111.307918 1682.536947
 115.663514 1683.153081
  89.800249 1680.536426
  91.164292 1675.539797
  63.339018 1678.923481
  70.727503 1684.125998
  63.149417 1676.210946
  62.209549 1678.427101
  52.602340 1681.888196
  65.154538 1680.498140
  83.473528 1670.757935
  58.859368 1681.322670
  97.813913 1678.312397
  68.915130 1681.162740
  58.874631 1677.449603
  79.030693 1676.716303
 105.544597 1666.272720
  76.990926 1669.067863
  52.817342 1673.788375
  72.818885 1675.010064
  72.456290 1679.280877
  62.169402 1674.506919
  82.679074 1667.106398
  71.598134 1671.354601
  75.995856 1670.281810
  91.953798 1677.955095
  90.736323 1676.231072
 127.791589 1681.510267
  87.826210 1676.023758
 110.346190 1682.617775
  64.057328 1676.986067
  61.964519 1671.220640
  54.735191 1665.735796
  48.141672 1672.684707
  78.971409 1677.542831
  58.523621 1665.767436
  87.023533 1669.017215
 113.354872 1672.269425
 106.398269 1672.240373
  49.077534 1666.985738
  55.324559 1670.169329
  61.812928 1675.544911
  74.938190 1672.310630
  58.610333 1677.556873
  50.400757 1679.570742
  68.463083 1668.680928
  70.131498 1665.807561
  58.867912 1677.153350
  61.265939 1673.542750
  76.823667 1677.618403
  55.679654 1676.604514
  72.802851 1675.816888
  44.886589 1678.560960
  82.553841 1667.903579
  35.764418 1676.984607
  74.364469 1672.805621
  85.472694 1682.717616
  56.179807 1677.357459
  58.111033 1676.006862
  73.759554 1675.224926
  97.028036 1676.167061
  77.939217 1673.123387
  67.387045 1678.995207
  76.362649 1674.055003
  53.132681 1676.563754
  56.150125 1664.906406
  77.080652 1675.381062
  70.252755 1676.336386
  56.196502 1674.166489
  70.957603 1667.840988
  80.858106 1670.606219
  45.220627 1671.241503
  65.916790 1673.111832
  90.991589 1682.092301
  89.137454 1686.691183
 106.792386 1678.076785
 100.416422 1682.989691
  98.753621 1679.118098
 146.067334 1673.393328
  84.849409 1683.908268
  61.528551 1675.652131
  62.470399 1676.977008
  63.471043 1676.447399
  83.559819 1677.925849
  64.677561 1674.611522
  64.838794 1678.859359
  65.376060 1670.840231
  87.991681 1673.459711
  93.245992 1667.338291
  72.872542 1678.503717
  53.950946 1669.960674
  52.371183 1675.502167
  57.635612 1672.392167
  81.299217 1671.757746
  55.628252 1673.187630
  76.707552 1669.998814
  94.847063 1676.473174
  56.769473 1668.555710
  87.100681 1665.454917
  76.020913 1676.854392
  89.502196 1674.968476
  98.091799 1675.485625
  73.176695 1675.384310
  73.878140 1674.321276
  72.673460 1677.374299
  83.393685 1675.688283
  91.754811 1678.902143
  75.794872 1678.569830
  89.440335 1675.800638
 103.063727 1682.825082
  97.029655 1678.449070
  43.461352 1674.357716
  52.968529 1675.500085
  65.893941 1679.517272
  75.325941 1680.563499
  48.175792 1674.951663
  86.911781 1679.869561
  56.976690 1679.934429
  87.966761 1673.736190
  84.955076 1682.650054
  78.120808 1683.204093
 109.248075 1676.879943
  94.691415 1677.261113
  67.389753 1673.265630
  55.740026 1671.148969
  72.471713 1676.039580
  71.938103 1681.968710
  61.268149 1681.909953
  78.061549 1682.601147
  99.554239 1681.793806
 119.491888 1678.559962
  76.208844 1684.237134
  57.604176 1682.216117
  64.356765 1675.991351
  76.925053 1678.337753
  50.601002 1679.723984
  79.086050 1678.148923
  82.421078 1674.704376
 100.914645 1683.607649
  88.396409 1675.709488
  87.335039 1681.933901
  82.822833 1686.340791
  87.897401 1682.089660
 120.216811 1683.950200
  74.692066 1684.863206
  61.057471 1676.975681
  64.449025 1682.898715
  76.091694 1674.328057
  80.434571 1683.708064
  88.384829 1688.655599
  80.739732 1677.386728
  57.106169 1682.327311
  70.042192 1685.029314
  90.400115 1678.313712
  60.293785 1676.360827
  63.779656 1685.822449
  61.516283 1681.057242
  71.686481 1682.374115
  76.140252 1678.455670
 111.137058 1676.106006
  81.950102 1674.314486
  82.960794 1682.725047
  55.132743 1676.211667
  51.523780 1682.918072
  79.570378 1681.347897
  45.181307 1683.517897
  70.003708 1675.107523
  65.265793 1676.486852
  63.195841 1683.376481
  50.775199 1678.158039
  96.645811 1679.985158
  43.678503 1678.498397
  59.672498 1685.769089
  91.217726 1681.539778
  72.399420 1678.900180
  63.003389 1676.363948
  70.170220 1687.430709
  72.995738 1678.900744
  56.905654 1680.974746
  57.353299 1679.426533
  70.618437 1675.904278
  62.065093 1675.189832
  91.384360 1677.789542
  80.966099 1684.113617
  49.172851 1678.295131
  99.846374 1684.411318
 138.709877 1684.919573
 112.428596 1685.843147
  63.415280 1683.889252
  72.005118 1680.908310
 103.198688 1666.410189
 120.224323 1675.740627
  80.798565 1680.776325
  87.983767 1677.260549
  50.955193 1680.050637
  84.222624 1670.189400
  56.602749 1679.220984
  64.536879 1674.355768
  83.457333 1675.788581
  75.769584 1673.724373
  81.439571 1679.948988
  75.299812 1671.418754
  94.483757 1672.385647
 104.602333 1671.763428
 105.631008 1672.561342
  87.527764 1669.224580
  80.670854 1673.679900
  65.987716 1676.469869
  64.551513 1677.085714
  56.619145 1675.799345
  69.018519 1672.595431
  72.371087 1672.921218
  44.643104 1671.331107
 105.103618 1673.407686
  70.257172 1678.490392
  82.229791 1671.829805
  69.055575 1683.261756
 106.196879 1678.394903
  67.415876 1674.968171
  56.586362 1670.338336
  85.929470 1666.119350
  68.545437 1672.038678
  87.664079 1672.149898
  63.654347 1672.933330
 109.057058 1674.689391
 135.296041 1678.181604
 149.006152 1675.354474
  99.190562 1677.734966
  89.998000 1670.740863
  61.037719 1669.325013
  76.790305 1674.050891
  65.485903 1678.818973
  70.099348 1678.164898
  79.989024 1676.072931
  72.355095 1674.041770
  87.643515 1672.579942
  83.060467 1674.399235
  82.198581 1680.564527
  73.985633 1680.342454
  92.155433 1675.354935
  60.801871 1678.010958
  78.559709 1676.265682
  76.976281 1674.562062
  73.655340 1677.950049
  79.026764 1676.446068
  52.833228 1677.023158
  49.495149 1673.812426
  75.095874 1674.836926
  83.087117 1675.891125
  94.941386 1677.850484
  66.184437 1676.062866
  52.353816 1672.064767
  72.603070 1677.852073
  92.157415 1672.710278
  83.117425 1678.942038
  94.077910 1675.118239
 101.488110 1674.652885
 102.224691 1679.933141
 113.429854 1679.842376
  90.739610 1680.288520
  66.156916 1675.481291
  73.740881 1678.903806
 105.206239 1673.321303
  98.595849 1673.480294
  71.159073 1674.620679
  72.240344 1674.663428
  53.148116 1671.212435
  67.660443 1670.575187
  65.430455 1668.123714
  83.449722 1674.199382
  87.635570 1676.865575
  75.251257 1676.176313
  85.411864 1674.655370
  84.522934 1672.483319
  74.029185 1683.661760
  39.917199 1672.212680
  83.579424 1676.920840
  63.990500 1674.153371
  56.814703 1674.357916
  57.941859 1675.660425
  71.150064 1676.523094
  81.591034 1677.819644
  73.835631 1677.221511
 104.588719 1677.914489
  56.141625 1678.405039
  82.784196 1675.394948
  60.530017 1678.792411
  76.940751 1672.444728
  55.485129 1675.530194
  89.174963 1678.977239
  92.914045 1676.184079
  61.962747 1678.461926
  39.542836 1674.649930
  91.977413 1673.905968
  84.793815 1675.225119
  88.328889 1675.672586
  86.403196 1681.265440
  46.137938 1677.156813
  69.338870 1672.753592
  70.701937 1684.302647
  84.005851 1678.877419
  93.544361 1680.024313
  82.553652 1673.429732
  55.458995 1678.534906
  60.640855 1677.859491
  56.453544 1667.432564
  43.854776 1664.485703
  64.069648 1677.970559
  72.084190 1678.421997
  66.782104 1670.207376
  62.014117 1671.097285
  68.835522 1674.772210
 110.895025 1681.646058
  62.082394 1680.473073
  93.389911 1681.387914
 107.104827 1681.530447
  43.744089 1675.455888
  69.377633 1681.621971
  82.527995 1682.423714
  72.055886 1673.552969
  64.562927 1674.041328
  90.094947 1669.770031
  77.497418 1676.178642
  68.297397 1674.441679
  78.581174 1681.468376
  74.318321 1674.916758
  64.393567 1673.154965
  66.870805 1676.458934
  95.420414 1678.223916
  64.418741 1684.160200
  70.116626 1676.345152
  70.676120 1680.496866
  76.973536 1680.711958
  86.451649 1680.682309
  77.686379 1677.287939
  73.606880 1679.797895
  71.578684 1681.669603
  68.514208 1678.164758
  70.849674 1678.323120
  62.405640 1674.192021
  66.112033 1672.139144
  64.385183 1670.772816
  68.221751 1681.009660
  98.839670 1674.009738
  73.274846 1676.337776
  75.759763 1673.534646
  79.499169 1678.372440
  94.658732 1681.608618
  58.428526 1672.544903
 118.060170 1676.556368
  61.345890 1676.656361
  78.038474 1675.682308
  69.516420 1673.427590
  90.888176 1672.398507
  75.725938 1680.633823
  63.950727 1678.814976
  76.374303 1678.634421
  60.241926 1675.533756
  68.381117 1678.037100
  61.784809 1676.582581
  86.642462 1679.877347
  85.183462 1676.904760
  86.397861 1677.812395
  70.605852 1675.899981
 103.330012 1678.251521
  76.992065 1676.106861
  66.020228 1674.847563
  88.353406 1677.468996
  94.243366 1677.765662
  64.552445 1675.040949
  45.404751 1679.678892
  69.353973 1679.201065
 103.471333 1678.039566
  92.811916 1675.560701
  73.339753 1672.440629
  78.402335 1671.690107
  69.621409 1672.869785
  70.545130 1667.890469
  55.010986 1672.525731
  76.317168 1677.425044
  81.726471 1675.603069
  86.794100 1672.010961
  90.837577 1676.061678
  75.093829 1681.333168
 105.210993 1675.336116
  95.984507 1672.495113
  94.795822 1675.491902
  76.380314 1677.681798
  61.046876 1678.152466
  68.693067 1676.323810
  60.710673 1682.589476
  65.055622 1676.593973
  69.522671 1678.114158
  74.441177 1681.664294
  82.438690 1686.856063
  69.046712 1677.070596
  60.803820 1677.111399
  81.339235 1680.711886
  81.445267 1681.190135
  57.371921 1676.767278
  66.399073 1670.830234
  54.344501 1678.090720
  73.493525 1680.995994
  73.631032 1678.569309
  78.244552 1677.964443
  97.353619 1676.859715
  91.809643 1678.350062
 104.652578 1672.547870
  73.043633 1680.183804
  68.407572 1679.338219
  73.152230 1676.460740
  78.053230 1673.634217
  54.050283 1671.971623
 120.588745 1672.622835
  71.803433 1675.457291
  69.623447 1680.753628
  73.925251 1670.004044
  83.468956 1676.231096
  74.227585 1667.925816
 102.447163 1671.925913
  70.265188 1679.494767
  57.601847 1667.629284
  98.469621 1680.841365
  64.244389 1678.672059
  85.166069 1676.600305
  56.931843 1677.678250
  74.982381 1678.828423
  77.443154 1675.464581
 105.712086 1679.133588
 102.063622 1682.374426
  83.570098 1677.914368
  82.610427 1675.048275
 120.199289 1677.724335
  87.516488 1683.273383
  85.434427 1683.138162
  68.158102 1680.782371
  97.267802 1673.009720
  77.751256 1680.204792
  47.722562 1676.638702
  75.414560 1670.615826
  97.988530 1679.525981
  82.050613 1676.974855
  77.510398 1682.105500
 116.055137 1680.102249
  99.207230 1675.323451
  82.427748 1684.561010
  73.306106 1679.510550
  76.201213 1680.426818
  70.847482 1673.519036
  73.526871 1675.716304
  68.447041 1669.886727
  62.026410 1676.570171
  63.144521 1670.162731
 104.542906 1678.005425
  67.419486 1679.747243
  68.761613 1680.312566
 108.066861 1672.556673
  92.459480 1672.674251
  78.276325 1676.661997
  99.978874 1682.549906
 114.485177 1681.199717
  68.067205 1673.687054
  73.555938 1672.290730
  44.240121 1679.890082
  76.014487 1681.966010
  72.457102 1675.145810
  81.021276 1677.271173
  80.212997 1679.754951
  71.355451 1674.482883
  80.526741 1677.866582
  49.207316 1671.759693
  83.469483 1672.260181
  77.665202 1681.968963
  76.504642 1677.643289
  45.075802 1674.113672
  71.664364 1676.071643
  62.918951 1678.420663
  75.950895 1672.940039
  82.167483 1678.772596
  77.022448 1675.254721
  36.337447 1670.620324
  71.025056 1663.231367
  44.050837 1676.449299
  63.162674 1668.174389
  84.461412 1672.532309
  62.746113 1672.893109
  95.749861 1673.382239
  61.593345 1679.444677
  73.501849 1674.518750
  42.738052 1674.551650
  62.475354 1678.435454
  44.439959 1680.300216
  67.531727 1681.495303
  45.095375 1677.537293
  55.392575 1677.007328
  85.546549 1676.937444
  54.709673 1676.749453
  77.932543 1678.095354
  87.777401 1679.397918
  61.252952 1680.926889
  49.507256 1668.261787
  68.381474 1675.305206
  71.380944 1671.698212
  77.960094 1680.616713
  75.095020 1673.987485
  77.436110 1680.174996
  56.269918 1678.876902
  65.970714 1679.487006
  52.362674 1668.765162
  77.179440 1679.518947
  71.432138 1668.952417
  78.536200 1670.989404
  40.680666 1674.855761
  45.586396 1672.894002
  94.260774 1672.865306
  68.949100 1676.840511
  74.838196 1675.565624
  95.220406 1673.585257
  86.481267 1676.534299
  64.713951 1675.772359
  71.720634 1676.349767
  82.873116 1676.059615
 101.141276 1678.741052
 107.193018 1675.609108
  52.887974 1674.217710
  53.985262 1677.233752
  63.031214 1675.006930
  56.257401 1672.729461
  82.693760 1678.200885
  60.691278 1674.842624
  61.540112 1681.651251
  67.317731 1674.004449
  43.433841 1671.289218
  83.582636 1677.988803
  71.481349 1673.243760
  79.298277 1671.001078
  90.510318 1673.959860
  65.870274 1671.871810
  59.086564 1672.266490
  74.737425 1682.353975
  74.665256 1671.818473
  59.548631 1673.892989
 113.946610 1679.440133
  64.108974 1675.730235
  71.162500 1676.303871
  79.147120 1674.759506
  80.301211 1670.393741
  30.467007 1679.243478
  71.353812 1672.336859
  63.676595 1678.417943
  68.589210 1681.361680
  80.320425 1682.525352
  85.271392 1679.180959
  72.409958 1679.340415
  78.732844 1674.678603
  66.991617 1680.327719
  69.034544 1683.087921
  91.577295 1677.412598
  63.597038 1675.095569
  89.499417 1680.007549
  80.859528 1678.394692
  73.327326 1678.848992
  65.877554 1679.952610
  60.984073 1670.406429
  66.932288 1678.109858
  50.855288 1674.789975
  61.277997 1678.754666
  93.348116 1679.338707
  75.169912 1679.551094
  69.687852 1676.854461
  71.318360 1680.163072
  61.638370 1682.171131
  90.674079 1675.341143
  79.026859 1670.897397
  94.268196 1682.209056
  68.954633 1676.014193
  74.925196 1673.492855
  74.145252 1672.556625
  70.869297 1678.970123
  72.514544 1673.036047
  66.550027 1679.489700
  76.083001 1681.188688
  67.278524 1672.947077
  79.011048 1661.390883
  66.611179 1673.456491
  70.853056 1675.784102
  59.019306 1673.936237
  88.697754 1675.993253
 121.174480 1672.286939
 113.891346 1677.031792
  84.318283 1670.232076
 103.023625 1672.365047
  80.255087 1666.286823
  84.424904 1671.580716
  63.270296 1673.016159
 103.473034 1664.854426
 101.128568 1665.932047
  89.719842 1674.619847
  43.457236 1676.523191
  66.572406 1671.849764
  75.122937 1669.020836
 111.060181 1679.160757
  84.045493 1681.802231
  90.500114 1678.377096
  81.567746 1672.280410
 102.494346 1679.921077
  65.870418 1680.561638
 106.375385 1682.169895
 116.600044 1678.790865
  79.287946 1683.089149
  80.334423 1679.830779
  65.362308 1676.574663
  78.033568 1680.526387
  61.618738 1677.384061
  75.806491 1677.744794
  79.228716 1676.069142
  40.358098 1677.543179
  55.871158 1674.898305
  80.819748 1680.272083
  48.985008 1680.679427
  58.900760 1675.489087
  97.846288 1675.825215
  57.654909 1678.157283
  50.441699 1676.593437
  58.646473 1673.854674
  75.591935 1680.813297
  77.357249 1674.794922
 100.220006 1678.083750
  70.731421 1673.319998
  89.953773 1681.201406
 112.770234 1679.971782
 107.943730 1681.057855
 104.695065 1674.022754
  95.236178 1677.544084
  59.535538 1678.221252
