-3832360.957791
-3838008.898035
-3838169.248692
-3834580.304299
-3850699.303732
-3834643.090941
-3837659.189965
-3840663.027977
-3833915.007395
-3836842.448266
-3841283.726013
-3833195.334308
-3838071.621868
-3846402.324783
-3852230.825163
-3834266.885015
-3835923.364347
-3838640.287407
-3839887.514909
-3840350.259316
-3833928.377073
-3834346.864219
-3837720.751623
-3835274.823555
-3855715.616207
-3854107.809391
-3848740.402744
-3846832.094485
-3834356.617681
-3834405.205323
-3843440.967062
-3833777.788708
-3834618.454309
-3834930.296509
-3834216.517997
-3834553.751384
-3836079.766606
-3843990.042514
-3839093.726274
-3837452.336186
-3838613.922722
-3836195.319191
-3833577.178705
-3851181.657509
-3837017.277190
-3832036.144306
-3834505.082821
-3845407.648539
-3844524.234000
-3839385.547700
-3837110.255912
-3846171.395081
-3837875.900211
-3851499.276446
-3835895.912041
-3851441.102309
-3834552.268132
-3835025.742055
-3833259.707774
-3835463.882436
-3834674.433271
-3834402.443184
-3845004.544465
-3834357.904977
-3833262.878890
-3836510.430626
-3849590.220983
-3833637.055300
-3834854.959278
-3832187.559773
-3834437.843784
-3854416.026821
-3837204.595007
-3837671.655386
-3855957.542467
-3847053.566657
-3834843.731393
-3849780.460356
-3836106.326284
-3848663.697218
-3836738.651564
-3833392.130521
-3848892.868268
-3839942.141830
-3834699.790903
-3841604.062482
-3837894.951081
-3832017.363464
-3837765.858369
-3833998.625537
-3844786.741741
-3849107.643144
-3838195.642233
-3839018.727696
-3848389.924524
-3837863.354243
-3834221.148223
-3833953.464512
-3833849.120401
-3838407.915621
