-64358936.078742
-64800818.575700
-64982088.539333
-64364539.455785
-64651913.853736
-64299732.795640
-64442785.860508
-64381707.816047
-64402090.651251
-64548495.188872
-64364541.668965
-64415181.692796
-64467175.020079
-64430240.389987
-64624274.782667
-64403917.551838
-64505215.442245
-64361903.068196
-64442647.954817
-65011931.961412
-64364543.417959
-64462526.567173
-64488300.257705
-64541840.622455
-64566573.807050
-64521151.401110
-64561985.609911
-64422439.503195
-64446134.510577
-64455024.742555
-64327717.201180
-64388812.892706
-64432566.078432
-64396465.730315
-64350848.033159
-64414336.053481
-64373827.279588
-64409719.160228
-64497415.784712
-64363438.691366
-64641035.228257
-64630752.380720
-64651453.234330
-64524733.539811
-64297808.783000
-64528990.556498
-64594406.078779
-64373116.268415
-64396949.156966
-64452473.225651
-64307402.402481
-64405994.046547
-64476971.881369
-64747878.878271
-64541367.456834
-64352290.820484
-64485493.989103
-64387083.757240
-64573332.191718
-64538478.861171
-64476521.160542
-64364543.886490
-64298608.356621
-64465799.497945
-64463790.583460
-64629658.902256
-64363438.390485
-64503780.981992
-64446364.080126
-64400484.155957
-64506700.547863
-64706943.290061
-64415539.391511
-64666362.277074
-64482946.305934
-64403914.414406
-64322694.433890
-64403912.641140
-64805868.382509
-64403916.771519
-64511676.598898
-64498126.452773
-64308525.961358
-64594158.824428
-64394439.210629
-64396800.977424
-64371457.036584
-64503232.740465
-64475217.804777
-64417514.207121
-64349462.639427
-64383475.306532
-64464366.458461
-64363343.384313
-64503465.065731
-64362308.994633
-64469057.756457
-64367762.552733
-64398553.882466
-64307399.586379
