-63489498.089286
-63772600.017287
-63577688.182107
-63641975.870578
-63697352.272805
-63415305.086902
-63689601.564566
-63814090.954688
-63891887.159482
-63650116.543608
-63466687.905201
-63510382.359354
-63572327.534796
-63450800.032080
-63447241.395345
-63397276.253764
-63641882.399408
-63804939.178596
-63494787.435048
-63405553.015283
-63695510.716183
-63508684.509602
-63862490.002452
-63654212.283413
-63470252.455888
-63928969.643274
-63349683.002357
-63553979.323971
-63783784.700571
-63945710.733415
-63831082.051924
-63474612.620999
-63500894.252175
-63693237.254875
-63662190.036986
-63412180.757830
-63532243.298130
-63434136.053830
-63646092.075543
-63716577.883953
-63635985.884777
-63536424.848127
-63711512.119668
-63452171.621657
-63567945.750401
-63427424.349361
-63673455.334466
-63401299.947862
-63440671.867619
-63365912.941161
-63438026.924753
-63835491.692448
-63658492.904000
-63516443.702826
-63634973.718838
-63597584.009982
-63656682.798099
-63634144.135100
-63742555.556667
-63498848.968397
-63647917.864052
-63614210.024304
-63538454.555212
-63641119.430761
-63360400.116294
-63776771.343060
-63746091.745098
-63507116.266086
-63397846.913417
-63791545.801192
-63403093.490821
-63671714.373455
-63883026.064949
-63634843.106250
-63393052.248998
-63349375.505623
-63734859.752889
-63349231.753681
-63698933.158985
-63785801.999777
-63564794.740080
-63545737.957712
-63465638.917705
-63488224.640621
-63671655.247820
-63660306.020609
-63717785.379267
-63623265.790243
-63615015.759078
-63633672.791320
-63402195.127451
-63718690.808471
-63827668.009961
-63562149.772586
-63745683.677381
-63377118.446765
-63639506.892169
-63409693.451441
-63681357.998460
-63500009.660393
