-62814326.996947
-62622737.673164
-62846443.888095
-62751012.853582
-62693996.830506
-62627057.969946
-62958944.801027
-62602843.262415
-62687984.189213
-63039576.399071
-62865749.003939
-62705864.273666
-62668728.859957
-62705408.659752
-62745712.802124
-62987214.402043
-62696813.595736
-62776252.060893
-62527606.793398
-62667726.180808
-62665816.534871
-62905559.822951
-62957524.301315
-62887042.873613
-62516816.797172
-62639840.604366
-62967309.645555
-63096118.664473
-62651585.663950
-62690428.905956
-62604230.009921
-62523459.526609
-62739218.046657
-62735316.339576
-62601797.405585
-62796848.136600
-62968817.948764
-62849829.332321
-62656709.830533
-62697540.782265
-62639017.687988
-62809057.061209
-62691267.252790
-62686276.302682
-62734738.024090
-62661546.159422
-62693892.816292
-62668009.242863
-62998535.796087
-62695223.951699
-62606445.168474
-62619092.918321
-62613314.563384
-62720216.429115
-62747779.671690
-62726062.820425
-62717582.973351
-62759211.860686
-62673400.624060
-62707394.829380
-63189635.131130
-62756047.141276
-62889081.763617
-63057403.949794
-62520376.864069
-62800652.350491
-62725658.288768
-62546332.961808
-62914958.175762
-63090478.835416
-62744465.145961
-62799755.323182
-62750015.812672
-62902742.823451
-62576904.824504
-62612899.664687
-62912977.672847
-62744219.883293
-62648274.988443
-62783957.167380
-62655106.391922
-62541036.216121
-62884175.919718
-62804103.979388
-62889859.593549
-62769830.352131
-62837963.660830
-62738015.562193
