 -7.919921  39.249070
 -2.750634  36.541864
  7.282847  15.147757
-14.130523  40.355898
-16.937567  34.802654
-18.264426  21.571100
-32.378415  21.461348
-22.624979  31.450462
  9.169248  21.418357
 -4.670848  26.845992
 13.345585   9.114058
-22.925750  23.469140
  0.049152  31.119873
 14.108268  37.238601
 13.775458  10.269274
 15.156219   8.183907
  9.483445  42.801343
 14.926693  17.459984
 12.004511  40.360032
-28.382648  29.279249
 12.091321  -4.526167
-32.175078  21.536156
 -1.433068  30.813725
  7.269562  20.072083
  5.768032  46.050193
 15.005225 -11.290291
  9.007186   5.092660
-11.153893  20.066269
 13.092337  22.554223
 -2.098500  13.102948
  7.860004  33.977681
 11.788092 -15.379111
 12.671654  28.888090
 10.819228  -9.080111
-22.526702  25.330810
 10.198842   8.652069
 10.617324  -0.881989
 -9.745618  39.712790
-30.348171  20.480483
 12.409955 -15.119723
 16.637127  29.386564
