0.000000 0.026822
0.000000 0.027664
0.000000 0.027711
0.000000 0.027653
0.000000 0.017186
0.000000 0.018371
0.000000 0.025348
0.000000 0.174098
0.000000 0.035093
0.000000 0.025029
0.000000 0.061174
0.000000 0.055929
0.000000 0.084495
0.000000 0.044703
0.000000 0.036980
0.000000 0.022739
0.000000 0.065259
0.000000 0.047164
0.000000 0.045677
0.000000 0.017111
0.000000 0.041159
0.000000 0.042256
0.000000 0.088139
0.000000 0.443946
0.000000 0.052630
0.000000 0.094189
0.000000 0.026247
0.000000 0.025097
0.000000 0.076488
0.000000 0.055814
0.000000 0.116746
0.000000 0.037713
0.000000 0.025588
0.000000 0.058927
0.000000 0.023062
0.000000 0.036423
0.000000 0.057815
0.000000 0.035023
0.000000 0.048177
0.000000 0.017009
0.000000 0.032990
0.000000 0.059529
0.000000 0.019915
0.000000 0.028839
0.000000 0.040318
0.000000 0.022045
0.000000 0.043216
0.000000 0.039707
0.000000 0.070602
0.000000 0.072947
0.000000 0.023785
0.000000 0.085331
0.000000 0.053160
0.000000 0.031116
0.000000 0.021766
0.000000 0.040869
0.000000 0.030634
0.000000 0.048771
0.000000 0.027679
0.000000 0.040428
0.000000 0.044224
0.000000 0.144440
0.000000 0.043076
0.000000 0.028843
0.000000 0.058043
0.000000 0.019689
0.000000 0.017658
0.000000 0.040288
0.000000 0.011398
0.000000 0.025520
0.000000 0.049724
0.000000 0.091489
0.000000 0.031364
0.000000 0.034961
0.000000 0.032251
0.000000 0.021864
0.000000 0.085099
0.000000 0.025592
0.000000 0.018476
0.000000 0.013058
0.000000 0.023536
0.000000 0.100327
0.000000 0.023892
0.000000 0.041679
0.000000 0.080024
0.000000 0.034824
0.000000 0.023710
0.000000 0.025579
0.000000 0.045683
0.000000 0.030163
0.000000 0.028735
0.000000 0.018072
0.000000 0.050688
0.000000 0.029707
0.000000 0.018500
0.000000 0.009759
0.000000 0.159706
0.000000 0.032993
0.000000 0.021863
0.000000 0.041443
0.000000 0.036733
0.000000 0.038508
0.000000 0.023185
0.000000 0.053422
0.000000 0.090623
0.000000 0.029478
0.000000 0.042425
0.000000 0.021763
0.000000 0.035983
0.000000 0.048405
0.000000 0.050333
0.000000 0.080105
0.000000 0.035550
0.000000 0.036326
0.000000 0.078691
0.000000 0.025471
0.000000 0.030926
0.000000 0.024614
0.000000 0.048456
0.000000 0.050018
0.000000 0.033471
0.000000 0.026710
0.000000 0.030940
0.000000 0.047056
0.000000 0.086315
0.000000 0.035569
0.000000 0.031110
0.000000 0.031702
0.000000 0.013307
0.000000 0.026533
0.000000 0.066964
0.000000 0.055802
0.000000 0.032689
0.000000 0.018659
0.000000 0.023880
0.000000 0.024061
0.000000 0.041331
0.000000 0.023082
0.000000 0.066211
0.000000 0.037515
0.000000 0.032861
0.000000 0.029041
0.000000 0.053748
0.000000 0.042716
0.000000 0.070678
0.000000 0.063521
0.000000 0.017846
0.000000 0.033303
0.000000 0.017511
0.000000 0.063384
0.000000 0.054415
0.000000 0.053902
0.000000 0.074383
0.000000 0.026061
0.000000 0.063396
0.000000 0.041556
0.000000 0.075457
0.000000 0.060386
0.000000 0.056836
0.000000 0.022605
0.000000 0.024482
0.000000 0.021098
0.000000 0.062017
0.000000 0.040732
0.000000 0.041404
0.000000 0.053604
0.000000 0.048310
0.000000 0.033298
0.000000 0.046827
0.000000 0.057018
0.000000 0.025407
0.000000 0.042409
0.000000 0.071272
0.000000 0.018174
0.000000 0.028840
0.000000 0.055345
0.000000 0.076884
0.000000 0.054482
0.000000 0.037645
0.000000 0.032023
0.000000 0.055715
0.000000 0.059868
0.000000 0.047288
0.000000 0.097009
0.000000 0.026823
0.000000 0.043393
0.000000 0.043844
0.000000 0.065297
0.000000 0.035053
0.000000 0.088327
0.000000 0.035546
0.000000 0.021579
0.000000 0.032000
0.000000 0.029262
0.000000 0.035395
0.000000 0.054071
0.000000 0.065402
0.000000 0.043808
0.000000 0.016117
0.000000 0.020662
0.000000 0.018217
0.000000 0.033881
0.000000 0.064895
0.000000 0.028076
0.000000 0.030098
0.000000 0.016784
0.000000 0.015056
0.000000 0.022023
0.000000 0.031136
0.000000 0.046527
0.000000 0.034830
0.000000 0.033682
0.000000 0.056221
0.000000 0.028479
0.000000 0.027200
0.000000 0.045411
0.000000 0.019298
0.000000 0.059039
0.000000 0.029680
0.000000 0.022815
0.000000 0.049216
0.000000 0.287105
0.000000 0.031329
0.000000 0.037784
0.000000 0.035395
0.000000 0.067366
0.000000 0.034454
0.000000 0.052556
0.000000 0.071270
0.000000 0.022038
0.000000 0.022044
0.000000 0.026804
0.000000 0.042734
0.000000 0.044845
0.000000 0.037747
0.000000 0.020827
0.000000 0.031482
0.000000 0.028212
0.000000 0.100331
0.000000 0.043408
0.000000 0.055102
0.000000 0.024162
0.000000 0.161953
0.000000 0.018094
0.000000 0.027401
0.000000 0.025858
0.000000 0.054704
0.000000 0.048623
0.000000 0.046159
0.000000 0.042409
0.000000 0.045049
0.000000 0.041583
0.000000 0.038362
0.000000 0.073985
0.000000 0.101532
0.000000 0.024269
0.000000 0.015738
0.000000 0.046163
0.000000 0.078380
0.000000 0.124507
0.000000 0.102854
0.000000 0.029078
0.000000 0.114836
0.000000 0.032209
0.000000 0.054486
0.000000 0.053147
0.000000 0.026200
0.000000 0.035284
0.000000 0.043776
0.000000 0.032231
0.000000 0.065171
0.000000 0.115681
0.000000 0.166956
0.000000 0.188152
0.000000 0.060110
0.000000 0.053282
0.000000 0.096433
0.000000 0.043312
0.000000 0.030499
0.000000 0.025970
0.000000 0.030849
0.000000 0.055720
0.000000 0.044846
0.000000 0.026441
0.000000 0.039599
0.000000 0.040553
0.000000 0.027411
0.000000 0.045539
0.000000 0.033325
0.000000 0.034072
0.000000 0.037318
0.000000 0.025796
0.000000 0.040896
0.000000 0.080973
0.000000 0.034451
0.000000 0.031218
0.000000 0.026657
0.000000 0.097818
0.000000 0.033237
0.000000 0.057765
0.000000 0.023156
0.000000 0.022617
0.000000 0.020770
0.000000 0.035856
0.000000 0.038235
0.000000 0.030556
0.000000 0.024732
0.000000 0.042784
0.000000 0.028036
0.000000 0.029706
0.000000 0.029946
0.000000 0.023533
0.000000 0.047503
0.000000 0.017254
0.000000 0.024300
0.000000 0.048653
0.000000 0.100140
0.000000 0.047517
0.000000 0.027088
0.000000 0.019514
0.000000 0.021209
0.000000 0.027697
0.000000 0.024277
0.000000 0.028090
0.000000 0.073679
0.000000 0.027751
0.000000 0.028772
0.000000 0.027406
0.000000 0.020923
0.000000 0.053995
0.000000 0.042540
0.000000 0.024643
0.000000 0.025745
0.000000 0.053606
0.000000 0.026624
0.000000 0.043674
0.000000 0.034927
0.000000 0.045162
0.000000 0.017411
0.000000 0.045590
0.000000 0.045814
0.000000 0.036058
0.000000 0.092385
0.000000 0.019267
0.000000 0.038843
0.000000 0.063442
0.000000 0.058653
0.000000 0.033586
0.000000 0.023378
0.000000 0.028199
0.000000 0.074800
0.000000 0.037639
0.000000 0.043331
0.000000 0.065875
0.000000 0.018340
0.000000 0.046154
0.000000 0.026369
0.000000 0.057592
0.000000 0.081909
0.000000 0.061227
0.000000 0.031621
0.000000 0.158008
0.000000 0.034042
0.000000 0.034016
0.000000 0.032333
0.000000 0.019791
0.000000 0.044597
0.000000 0.286507
0.000000 0.037229
0.000000 0.058134
0.000000 0.027099
0.000000 0.026454
0.000000 0.017363
0.000000 0.023118
0.000000 0.043067
0.000000 0.066135
0.000000 0.028642
0.000000 0.030984
0.000000 0.013322
0.000000 0.015282
0.000000 0.036683
0.000000 0.075921
0.000000 0.061732
0.000000 0.037349
0.000000 0.046729
0.000000 0.033318
0.000000 0.022956
0.000000 0.059759
0.000000 0.040843
0.000000 0.044676
0.000000 0.030969
0.000000 0.034117
0.000000 0.021781
0.000000 0.022366
0.000000 0.016987
0.000000 0.032095
0.000000 0.102851
0.000000 0.096842
0.000000 0.063649
0.000000 0.036581
0.000000 0.042783
0.000000 0.051820
0.000000 0.057403
0.000000 0.025503
0.000000 0.033477
0.000000 0.036240
0.000000 0.033273
0.000000 0.024137
0.000000 0.031487
0.000000 0.068537
0.000000 0.155755
0.000000 0.050475
0.000000 0.068403
0.000000 0.036483
0.000000 0.020818
0.000000 0.022544
0.000000 0.018801
0.000000 0.034667
0.000000 0.045962
0.000000 0.039865
0.000000 0.042414
0.000000 0.048135
0.000000 0.038261
0.000000 0.022719
0.000000 0.030301
0.000000 0.038736
0.000000 0.021162
0.000000 0.019489
0.000000 0.069398
0.000000 0.047443
0.000000 0.040219
0.000000 0.029726
0.000000 0.016163
0.000000 0.026588
0.000000 0.095452
0.000000 0.047277
0.000000 0.055748
0.000000 0.077945
0.000000 0.024508
0.000000 0.020784
0.000000 0.054415
0.000000 0.037224
0.000000 0.052863
0.000000 0.025038
0.000000 0.032950
0.000000 0.119116
0.000000 0.051531
0.000000 0.027930
0.000000 0.071495
0.000000 0.027904
0.000000 0.093088
0.000000 0.023619
0.000000 0.040840
0.000000 0.030455
0.000000 0.038197
0.000000 0.019426
0.000000 0.045108
0.000000 0.813533
0.000000 0.086048
0.000000 0.024387
0.000000 0.038086
0.000000 0.020332
0.000000 0.011731
0.000000 0.018358
0.000000 0.027679
0.000000 0.045216
0.000000 0.040092
0.000000 0.016880
0.000000 0.045789
0.000000 0.073650
0.000000 0.025185
0.000000 0.044591
0.000000 0.073537
0.000000 0.021766
0.000000 0.041873
0.000000 0.036867
0.000000 0.018331
0.000000 0.033059
0.000000 0.022962
0.000000 0.026387
0.000000 0.087517
0.000000 0.028470
0.000000 0.035840
0.000000 0.057942
0.000000 0.023868
0.000000 0.054053
0.000000 0.054683
0.000000 0.067648
0.000000 0.031929
0.000000 0.018804
0.000000 0.054811
0.000000 0.040620
0.000000 0.021234
0.000000 0.016607
0.000000 0.023899
0.000000 0.128749
0.000000 0.030008
0.000000 0.044877
0.000000 0.013933
0.000000 0.022330
0.000000 0.068924
0.000000 0.095826
0.000000 0.027629
0.000000 0.079561
0.000000 0.025618
0.000000 0.030452
0.000000 0.018954
0.000000 0.023568
0.000000 0.034517
0.000000 0.023215
0.000000 0.159117
0.000000 0.031052
0.000000 0.036002
0.000000 0.043906
0.000000 0.030262
0.000000 0.012754
0.000000 0.047664
0.000000 0.014724
0.000000 0.022821
0.000000 0.040343
0.000000 0.092422
0.000000 0.144282
0.000000 0.032485
0.000000 0.062802
0.000000 0.051290
0.000000 0.083660
0.000000 0.040244
0.000000 0.074998
0.000000 0.039361
0.000000 0.029614
0.000000 0.042121
0.000000 0.033107
0.000000 0.061005
0.000000 0.077757
0.000000 0.029984
0.000000 0.023795
0.000000 0.028573
0.000000 0.043044
0.000000 0.146944
0.000000 0.036557
0.000000 0.135978
0.000000 0.061766
0.000000 0.016538
0.000000 0.023463
0.000000 0.034421
0.000000 0.041688
0.000000 0.028501
0.000000 0.020505
0.000000 0.035846
0.000000 0.019816
0.000000 0.017454
0.000000 0.015777
0.000000 0.025848
0.000000 0.058138
0.000000 0.023239
0.000000 0.027634
0.000000 0.257767
0.000000 0.025464
0.000000 0.062395
0.000000 0.023559
0.000000 0.075305
0.000000 0.024953
0.000000 0.108340
0.000000 0.123839
0.000000 0.355767
0.000000 0.021118
0.000000 0.060818
0.000000 0.027411
0.000000 0.051602
0.000000 0.024531
0.000000 0.040429
0.000000 0.060150
0.000000 0.099903
0.000000 0.422013
0.000000 0.015068
0.000000 0.047693
0.000000 0.020317
0.000000 0.038203
0.000000 0.024881
0.000000 0.056104
0.000000 0.049505
0.000000 0.040497
0.000000 0.047827
0.000000 0.029444
0.000000 0.040102
0.000000 0.028763
0.000000 0.025325
0.000000 0.028463
0.000000 0.021253
0.000000 0.068295
0.000000 0.043105
0.000000 0.034104
0.000000 0.045694
0.000000 0.021671
0.000000 0.047379
0.000000 0.080335
0.000000 0.076949
0.000000 0.096102
0.000000 0.027922
0.000000 0.034360
0.000000 0.049816
0.000000 0.032010
0.000000 0.046580
0.000000 0.021468
0.000000 0.035339
0.000000 0.035080
0.000000 0.019363
0.000000 0.027484
0.000000 0.044196
0.000000 0.019313
0.000000 0.063279
0.000000 0.099976
0.000000 0.044229
0.000000 0.067801
0.000000 0.032733
0.000000 0.080918
0.000000 0.031153
0.000000 0.034395
0.000000 0.040529
0.000000 0.023906
0.000000 0.030018
0.000000 0.031728
0.000000 0.018044
0.000000 0.045107
0.000000 0.111934
0.000000 0.047358
0.000000 0.040884
0.000000 0.019874
0.000000 0.025319
0.000000 0.017157
0.000000 0.037993
0.000000 0.031569
0.000000 0.020027
0.000000 0.040073
0.000000 0.033466
0.000000 0.062299
0.000000 0.052709
0.000000 0.049307
0.000000 0.024626
0.000000 0.033079
0.000000 0.021720
0.000000 0.045564
0.000000 0.047811
0.000000 0.041719
0.000000 0.045383
0.000000 0.037691
0.000000 0.052674
0.000000 0.025611
0.000000 0.043272
0.000000 0.032531
0.000000 0.157833
0.000000 0.062345
0.000000 0.022149
0.000000 0.065736
0.000000 0.013357
0.000000 0.024587
0.000000 0.031766
0.000000 0.057292
0.000000 0.029528
0.000000 0.021836
0.000000 0.095394
0.000000 0.063857
0.000000 0.044944
0.000000 0.031341
0.000000 0.028919
0.000000 0.031904
0.000000 0.043521
0.000000 0.069339
0.000000 0.319048
0.000000 0.105632
0.000000 0.047976
0.000000 0.037980
0.000000 0.034277
0.000000 0.022229
0.000000 0.215235
0.000000 0.037062
0.000000 0.120658
0.000000 0.161449
0.000000 0.063619
0.000000 0.062436
0.000000 0.178320
0.000000 0.050344
0.000000 0.037587
0.000000 0.030647
0.000000 0.070344
0.000000 0.059630
0.000000 0.035198
0.000000 0.015990
0.000000 0.040603
0.000000 0.057155
0.000000 0.074111
0.000000 0.052665
0.000000 0.019898
0.000000 0.044753
0.000000 0.033206
0.000000 0.045922
0.000000 0.129733
0.000000 0.035496
0.000000 0.035579
0.000000 0.139614
0.000000 0.084767
0.000000 0.017704
0.000000 0.023849
0.000000 0.033849
0.000000 0.012858
0.000000 0.039120
0.000000 0.036384
0.000000 0.033056
0.000000 0.045531
0.000000 0.029871
0.000000 0.026674
0.000000 0.038630
0.000000 0.032120
0.000000 0.062007
0.000000 0.038886
0.000000 0.065383
0.000000 0.063988
0.000000 0.072012
0.000000 0.041052
0.000000 0.150327
0.000000 0.032253
0.000000 0.043953
0.000000 0.055036
0.000000 0.072004
0.000000 0.051898
0.000000 0.023547
0.000000 0.067622
0.000000 0.045137
0.000000 0.032944
0.000000 0.134086
0.000000 0.033291
0.000000 0.024099
0.000000 0.042318
0.000000 0.036733
0.000000 0.016263
0.000000 0.021046
0.000000 0.022233
0.000000 0.073684
0.000000 0.070273
0.000000 0.081182
0.000000 0.018691
0.000000 0.012877
0.000000 0.055875
0.000000 0.026043
0.000000 0.030995
0.000000 0.018061
0.000000 0.042549
0.000000 0.100918
0.000000 0.024636
0.000000 0.032247
0.000000 0.013794
0.000000 0.126937
0.000000 0.058771
0.000000 0.125840
0.000000 0.015350
0.000000 0.044172
0.000000 0.025118
0.000000 0.022454
0.000000 0.025784
0.000000 0.020890
0.000000 0.015931
0.000000 0.042306
0.000000 0.022242
0.000000 0.014509
0.000000 0.022659
0.000000 0.018221
0.000000 0.021418
0.000000 0.061124
0.000000 0.029786
0.000000 0.020831
0.000000 0.078961
0.000000 0.063835
0.000000 0.030555
0.000000 0.276856
0.000000 0.047965
0.000000 0.051638
0.000000 0.051407
0.000000 0.031656
0.000000 0.019941
0.000000 0.049981
0.000000 0.055128
0.000000 0.048218
0.000000 0.017142
0.000000 0.023139
0.000000 0.032958
0.000000 0.024307
0.000000 0.046580
0.000000 0.093829
0.000000 0.044794
0.000000 0.070635
0.000000 0.028386
0.000000 0.026238
0.000000 0.066776
0.000000 0.061617
0.000000 0.029571
0.000000 0.091309
0.000000 0.112604
0.000000 0.013015
0.000000 0.027981
0.000000 0.023578
0.000000 0.031757
0.000000 0.027920
0.000000 0.014137
0.000000 0.036334
0.000000 0.016199
0.000000 0.021291
0.000000 0.037660
0.000000 0.036785
0.000000 0.037308
0.000000 0.020037
0.000000 0.024401
0.000000 0.050736
0.000000 0.024966
0.000000 0.024526
0.000000 0.036709
0.000000 0.061683
0.000000 0.032779
0.000000 0.022883
0.000000 0.053520
0.000000 0.049530
0.000000 0.021740
0.000000 0.077439
0.000000 0.140757
0.000000 0.017232
0.000000 0.028185
0.000000 0.025813
0.000000 0.073708
0.000000 0.043802
0.000000 0.037395
0.000000 0.021785
0.000000 0.050839
0.000000 0.022643
0.000000 0.028471
0.000000 0.038282
0.000000 0.033690
0.000000 0.050808
0.000000 0.039659
0.000000 0.044664
0.000000 0.035281
0.000000 0.125763
0.000000 0.070385
0.000000 0.069045
0.000000 0.080635
0.000000 0.057346
0.000000 0.045701
0.000000 0.075681
0.000000 0.033751
0.000000 0.025585
0.000000 0.035384
0.000000 0.040950
0.000000 0.050895
0.000000 0.023604
0.000000 0.152537
0.000000 0.059742
0.000000 0.074427
0.000000 0.029151
0.000000 0.054768
0.000000 0.142691
0.000000 0.086512
0.000000 0.061400
0.000000 0.058855
0.000000 0.028820
0.000000 0.021713
0.000000 0.041580
0.000000 0.018094
0.000000 0.026028
0.000000 0.039915
0.000000 0.015852
0.000000 0.043965
0.000000 0.017361
0.000000 0.043777
0.000000 0.019942
0.000000 0.050681
0.000000 0.041208
0.000000 0.060230
0.000000 0.052803
0.000000 0.029338
0.000000 0.067882
0.000000 0.036387
0.000000 0.058300
0.000000 0.031328
0.000000 0.027435
0.000000 0.045036
0.000000 0.015810
0.000000 0.023520
0.000000 0.038013
0.000000 0.064886
0.000000 0.038172
0.000000 0.015048
0.000000 0.033329
0.000000 0.094912
0.000000 0.074742
0.000000 0.049904
0.000000 0.044833
0.000000 0.019447
0.000000 0.032186
0.000000 0.167131
0.000000 0.041479
0.000000 0.036634
0.000000 0.033785
0.000000 0.037018
0.000000 0.190859
0.000000 0.039214
0.000000 0.066422
0.000000 0.041663
0.000000 0.022617
0.000000 0.041533
0.000000 0.035570
0.000000 0.098437
0.000000 0.121320
0.000000 0.049322
0.000000 0.019242
0.000000 0.038140
0.000000 0.031706
0.000000 0.034924
0.000000 0.037273
0.000000 0.031700
0.000000 0.019961
0.000000 0.050587
0.000000 0.026385
0.000000 0.044225
0.000000 0.027385
0.000000 0.029521
0.000000 0.093266
0.000000 0.045506
0.000000 0.030345
0.000000 0.054208
0.000000 0.060854
0.000000 0.018548
0.000000 0.070051
0.000000 0.138065
0.000000 0.058071
0.000000 0.027666
0.000000 0.017381
0.000000 0.046685
0.000000 0.041267
0.000000 0.036904
0.000000 0.024682
0.000000 0.041837
0.000000 0.022796
0.000000 0.024782
0.000000 0.044488
0.000000 0.035834
0.000000 0.048604
0.000000 0.017487
0.000000 0.088063
0.000000 0.042060
0.000000 0.030657
0.000000 0.027732
0.000000 0.030974
0.000000 0.051396
0.000000 0.035482
0.000000 0.042482
0.000000 0.023227
0.000000 0.019482
0.000000 0.024852
0.000000 0.018051
0.000000 0.031687
0.000000 0.044656
0.000000 0.023309
0.000000 0.014683
0.000000 0.026361
0.000000 0.044434
0.000000 0.109476
0.000000 0.048349
0.000000 0.048455
0.000000 0.025839
0.000000 0.083990
0.000000 0.033038
0.000000 0.030521
0.000000 0.065882
0.000000 0.031372
0.000000 0.046005
0.000000 0.081371
0.000000 0.028584
0.000000 0.022433
0.000000 0.035042
0.000000 0.036429
0.000000 0.025104
0.000000 0.029110
0.000000 0.031634
0.000000 0.077908
0.000000 0.036753
0.000000 0.047523
0.000000 0.020517
0.000000 0.041264
0.000000 0.029495
0.000000 0.020762
0.000000 0.030605
0.000000 0.022792
0.000000 0.077883
0.000000 0.016280
0.000000 0.054417
0.000000 0.117865
0.000000 0.071959
0.000000 0.085860
0.000000 0.020645
0.000000 0.028726
0.000000 0.144372
0.000000 0.084374
0.000000 0.041015
0.000000 0.074614
0.000000 0.035682
0.000000 0.043733
0.000000 0.023781
0.000000 0.064062
0.000000 0.039495
0.000000 0.041567
0.000000 0.032401
0.000000 0.015632
0.000000 0.018810
0.000000 0.019698
0.000000 0.051473
0.000000 0.185206
0.000000 0.066115
0.000000 0.089148
0.000000 0.036755
0.000000 0.025623
0.000000 0.036745
0.000000 0.033719
0.000000 0.027684
0.000000 0.020882
0.000000 0.028002
0.000000 0.016671
0.000000 0.021121
0.000000 0.132478
0.000000 0.033718
0.000000 0.019462
0.000000 0.035983
0.000000 0.019541
0.000000 0.054051
0.000000 0.038596
0.000000 0.037143
0.000000 0.034820
0.000000 0.096163
0.000000 0.070760
0.000000 0.203382
0.000000 0.049313
0.000000 0.060852
0.000000 0.043200
0.000000 0.050930
0.000000 0.078062
0.000000 0.043069
0.000000 0.101365
0.000000 0.018942
0.000000 0.028590
0.000000 0.044713
0.000000 0.130969
0.000000 0.038529
0.000000 0.032944
0.000000 0.068703
0.000000 0.049278
0.000000 0.045510
0.000000 0.018333
0.000000 0.087754
0.000000 0.298172
0.000000 0.026051
0.000000 0.275413
0.000000 0.015457
0.000000 0.065001
0.000000 0.078191
0.000000 0.029998
0.000000 0.055157
0.000000 0.067724
0.000000 0.023596
0.000000 0.022760
0.000000 0.028968
0.000000 0.017439
0.000000 0.066371
0.000000 0.022299
0.000000 0.028553
0.000000 0.033985
0.000000 0.126885
0.000000 0.096480
0.000000 0.050805
0.000000 0.038484
0.000000 0.019477
0.000000 0.042879
0.000000 0.047545
0.000000 0.034019
0.000000 0.202086
0.000000 0.054515
0.000000 0.031561
0.000000 0.031525
0.000000 0.026706
0.000000 0.110653
0.000000 0.107117
0.000000 0.022246
0.000000 0.022894
0.000000 0.023485
0.000000 0.221376
0.000000 0.060930
0.000000 0.102612
0.000000 0.041927
0.000000 0.019312
0.000000 0.041855
0.000000 0.048304
0.000000 0.031553
0.000000 0.079465
0.000000 0.070496
0.000000 0.079621
0.000000 0.050667
0.000000 0.046951
0.000000 0.052676
0.000000 0.048229
0.000000 0.035396
0.000000 0.064395
0.000000 0.036854
0.000000 0.025394
0.000000 0.058760
0.000000 0.111066
0.000000 0.030661
0.000000 0.051733
0.000000 0.087883
0.000000 0.045115
0.000000 0.073431
0.000000 0.033619
0.000000 0.023770
0.000000 0.043326
0.000000 0.031693
0.000000 0.049456
0.000000 0.088304
0.000000 0.040775
0.000000 0.042657
0.000000 0.029778
0.000000 0.041011
0.000000 0.129962
0.000000 0.026484
0.000000 0.032326
0.000000 0.021641
0.000000 0.059454
0.000000 0.045790
0.000000 0.026670
0.000000 0.017189
0.000000 0.020482
0.000000 0.045099
0.000000 0.018697
0.000000 0.054265
0.000000 0.116552
0.000000 0.033084
0.000000 0.059822
0.000000 0.059863
0.000000 0.096812
0.000000 0.055569
0.000000 0.074584
0.000000 0.129359
0.000000 0.107769
0.000000 0.046440
0.000000 0.049474
0.000000 0.304173
0.000000 0.104035
0.000000 0.106989
0.000000 0.021366
0.000000 0.050085
0.000000 0.043084
0.000000 0.142422
0.000000 0.056210
0.000000 0.024702
0.000000 0.029345
0.000000 0.158438
0.000000 0.023113
0.000000 0.043056
0.000000 0.027776
0.000000 0.028746
0.000000 0.050816
0.000000 0.080713
0.000000 0.045471
0.000000 0.044392
0.000000 0.025780
0.000000 0.034811
0.000000 0.032576
0.000000 0.014914
0.000000 0.024281
0.000000 0.055263
0.000000 0.029029
0.000000 0.102706
0.000000 0.049353
0.000000 0.019531
0.000000 0.044957
0.000000 0.029621
0.000000 0.037978
0.000000 0.035625
0.000000 0.032956
0.000000 0.041286
0.000000 0.028119
0.000000 0.028291
0.000000 0.020612
0.000000 0.024799
0.000000 0.098450
0.000000 0.058542
0.000000 0.037358
0.000000 0.043537
0.000000 0.031632
0.000000 0.021748
0.000000 0.023389
0.000000 0.064439
0.000000 0.105167
0.000000 0.038711
0.000000 0.033029
0.000000 0.057687
0.000000 0.024344
0.000000 0.087559
0.000000 0.026785
0.000000 0.043594
0.000000 0.028124
0.000000 0.029397
0.000000 0.052802
0.000000 0.033030
0.000000 0.022806
0.000000 0.021264
0.000000 0.054750
0.000000 0.037280
0.000000 0.014912
0.000000 0.030775
0.000000 0.026131
0.000000 0.080672
0.000000 0.059156
0.000000 0.075782
0.000000 0.023424
0.000000 0.065957
0.000000 0.029753
0.000000 0.145685
0.000000 0.042332
0.000000 0.079822
0.000000 0.088321
0.000000 0.075352
0.000000 0.086646
0.000000 0.056412
0.000000 0.113775
0.000000 0.050206
0.000000 0.029843
0.000000 0.014838
0.000000 0.023874
0.000000 0.022220
0.000000 0.087156
0.000000 0.108079
0.000000 0.051519
0.000000 0.032276
0.000000 0.044143
0.000000 0.058152
0.000000 0.062791
0.000000 0.045931
0.000000 0.068834
0.000000 0.088529
0.000000 0.045488
0.000000 0.042920
0.000000 0.061941
0.000000 0.055484
0.000000 0.034374
0.000000 0.067351
0.000000 0.033493
0.000000 0.149696
0.000000 0.053747
0.000000 0.027939
0.000000 0.067895
0.000000 0.062351
0.000000 0.099166
0.000000 0.048147
0.000000 0.046679
0.000000 0.018513
0.000000 0.022587
0.000000 0.051948
0.000000 0.077871
0.000000 0.038169
0.000000 0.020541
0.000000 0.042044
0.000000 0.027477
0.000000 0.034456
0.000000 0.081661
0.000000 0.026559
0.000000 0.021041
0.000000 0.093626
0.000000 0.162705
0.000000 0.046245
0.000000 0.031567
0.000000 0.023241
0.000000 0.052769
0.000000 0.025785
0.000000 0.086914
0.000000 0.076315
0.000000 0.029876
0.000000 0.077177
0.000000 0.026542
0.000000 0.072901
0.000000 0.022844
0.000000 0.028228
0.000000 0.040056
0.000000 0.034353
0.000000 0.068661
0.000000 0.021612
0.000000 0.056836
0.000000 0.064686
0.000000 0.026569
0.000000 0.018385
0.000000 0.065491
0.000000 0.041049
0.000000 0.060211
0.000000 0.032366
0.000000 0.070122
0.000000 0.054632
0.000000 0.051215
0.000000 0.033426
0.000000 0.038987
0.000000 0.027215
0.000000 0.013871
0.000000 0.014799
0.000000 0.034072
0.000000 0.037845
0.000000 0.028004
0.000000 0.024108
0.000000 0.028082
0.000000 0.072506
0.000000 0.038348
0.000000 0.032094
0.000000 0.033504
0.000000 0.027861
0.000000 0.063925
0.000000 0.027889
0.000000 0.040991
0.000000 0.046111
0.000000 0.026948
0.000000 0.055926
0.000000 0.047077
0.000000 0.023124
0.000000 0.046512
0.000000 0.042729
0.000000 0.055701
0.000000 0.021775
0.000000 0.016246
0.000000 0.028963
0.000000 0.033378
0.000000 0.053036
0.000000 0.050007
0.000000 0.035410
0.000000 0.045096
0.000000 0.032675
0.000000 0.198769
0.000000 0.034522
0.000000 0.089522
0.000000 0.024307
0.000000 0.032539
0.000000 0.016339
0.000000 0.027375
0.000000 0.030238
0.000000 0.029357
0.000000 0.022157
0.000000 0.102425
0.000000 0.036245
0.000000 0.159289
0.000000 0.023085
0.000000 0.060007
0.000000 0.031509
0.000000 0.030928
0.000000 0.023398
0.000000 0.051437
0.000000 0.045643
0.000000 0.025303
0.000000 0.038719
0.000000 0.109216
0.000000 0.034635
0.000000 0.043471
0.000000 0.030469
0.000000 0.022815
0.000000 0.035334
0.000000 0.024015
0.000000 0.066221
0.000000 0.056129
0.000000 0.023859
0.000000 0.018727
0.000000 0.023839
0.000000 0.018967
0.000000 0.020049
0.000000 0.016243
0.000000 0.044318
0.000000 0.051587
0.000000 0.023543
0.000000 0.059807
0.000000 0.325417
0.000000 0.043932
0.000000 0.086084
0.000000 0.031621
0.000000 0.019243
0.000000 0.025148
0.000000 0.143822
0.000000 0.021210
0.000000 0.070283
0.000000 0.033503
0.000000 0.031694
0.000000 0.044321
0.000000 0.024348
0.000000 0.037079
0.000000 0.045586
0.000000 0.017696
0.000000 0.024961
0.000000 0.023669
0.000000 0.102376
0.000000 0.071529
0.000000 0.059328
0.000000 0.041995
0.000000 0.019135
0.000000 0.045592
0.000000 0.018528
0.000000 0.042264
0.000000 0.041797
0.000000 0.044655
0.000000 0.046844
0.000000 0.037653
0.000000 0.044846
0.000000 0.066676
0.000000 0.056383
0.000000 0.103634
0.000000 0.065303
0.000000 0.054633
0.000000 0.037044
0.000000 0.047168
0.000000 0.038692
0.000000 0.016508
0.000000 0.031410
0.000000 0.033503
0.000000 0.024111
0.000000 0.037926
0.000000 0.081143
0.000000 0.031687
0.000000 0.049686
0.000000 0.015968
0.000000 0.033875
0.000000 0.038311
0.000000 0.019429
0.000000 0.022566
0.000000 0.040995
0.000000 0.019400
0.000000 0.026316
0.000000 0.036155
0.000000 0.029917
0.000000 0.077307
0.000000 0.057135
0.000000 0.027606
0.000000 0.030318
0.000000 0.019541
0.000000 0.063614
0.000000 0.013392
0.000000 0.023435
0.000000 0.036634
0.000000 0.028480
0.000000 0.033170
0.000000 0.039300
0.000000 0.029909
0.000000 0.041816
0.000000 0.030339
0.000000 0.030990
0.000000 0.030496
0.000000 0.061587
0.000000 0.030640
0.000000 0.090999
0.000000 0.029906
0.000000 0.041662
0.000000 0.018978
0.000000 0.037104
0.000000 0.018456
0.000000 0.018770
0.000000 0.032596
0.000000 0.032803
0.000000 0.024551
0.000000 0.092890
0.000000 0.026821
0.000000 0.023550
0.000000 0.033842
0.000000 0.140127
0.000000 0.023503
0.000000 0.020112
0.000000 0.018815
0.000000 0.126742
0.000000 0.032576
0.000000 0.065899
0.000000 0.024288
0.000000 0.028905
0.000000 0.048447
0.000000 0.057671
0.000000 0.035081
0.000000 0.026754
0.000000 0.063120
0.000000 0.014761
0.000000 0.036701
0.000000 0.066044
0.000000 0.026777
0.000000 0.020721
0.000000 0.017380
0.000000 0.021771
0.000000 0.027978
0.000000 0.030734
0.000000 0.012947
0.000000 0.029126
0.000000 0.040308
0.000000 0.033264
0.000000 0.053738
0.000000 0.077758
0.000000 0.066209
0.000000 0.025724
0.000000 0.052614
