 0.556852  1.048879
 0.506882  1.035869
 0.672236  0.891491
 0.432034  0.561753
 0.527868  0.767127
 0.497168  1.593965
 0.422198  2.811037
 0.469561  0.772217
 0.325513  1.326889
 0.386173  0.909315
 0.173991  1.197237
 0.151441  1.368051
 0.130469  1.769754
 0.092876  1.191543
 0.148431  1.470710
-0.052924  2.515152
 0.003580  1.842718
 0.101480  0.895217
 0.105542  1.337624
 0.112685  1.856429
 0.034396  1.668382
 0.074040  1.038461
 0.212140  1.794232
 0.130352  1.708902
 0.037408  1.178952
-0.122515  1.993927
-0.140928  1.322749
-0.155641  1.773704
-0.076531  1.576889
-0.011687  2.143955
-0.164468  1.579409
-0.116138  1.415050
-0.083080  2.778267
-0.010916  1.402701
 0.149909  0.924256
 0.157707  0.719357
 0.073359  0.792976
 0.331072  2.653172
 0.324247  1.050186
 0.091483  0.886851
 0.155565  1.441846
 0.147275  0.769170
 0.244076  1.384761
 0.189851  1.080085
 0.160556  1.394909
 0.033624  0.872314
-0.003538  0.925905
 0.108023  1.206018
 0.109070  1.179559
-0.002697  1.061939
-0.021102  1.091833
 0.021705  0.527104
 0.157993  0.638396
 0.100633  1.380935
 0.116033  0.854135
 0.016140  0.987583
-0.108056  1.811442
-0.112868  1.363575
-0.015885  1.156622
-0.200914  0.865051
-0.101952  0.641949
-0.223785  1.216973
-0.367529  1.051485
-0.291464  0.996485
-0.390681  1.405061
-0.429471  2.104115
-0.456498  1.051071
-0.532334  0.898533
-0.524937  1.480678
-0.604845  1.308287
-0.629675  0.737039
-0.235686  0.952292
-0.374208  0.557557
-0.330440  1.376580
-0.399463  1.418760
-0.449480  0.813816
-0.430384  0.909531
-0.434004  0.655383
-0.465734  1.335802
-0.709760  1.059635
-0.518114  1.255071
-0.226576  1.102330
-0.197057  1.619192
-0.078131  0.897278
 0.065271  1.309859
 0.069472  1.643012
-0.046958  1.356210
-0.096203  1.102811
-0.090860  1.373488
-0.261123  1.887033
-0.297301  0.675083
-0.352543  1.369425
-0.325785  0.667684
-0.286476  1.733474
-0.283536  0.940291
-0.083600  1.177183
-0.332103  0.851989
-0.386546  1.129340
-0.360401  1.424074
-0.483929  0.912418
-0.551058  1.964794
-0.527118  0.708067
-0.506675  0.845033
-0.448577  1.130479
-0.417339  0.786683
-0.486641  0.639641
-0.605686  1.364538
-0.656300  1.385270
-0.495101  1.881802
-0.574693  0.796070
-0.619618  1.813190
-0.639836  1.779483
-0.609601  1.368750
-0.729746  0.909009
-0.643613  1.310822
-0.664154  1.633786
-0.586595  1.295545
-0.717214  0.797766
-0.556899  1.306174
-0.565167  1.244118
-0.519471  1.200991
-0.507833  1.088033
-0.531103  1.351462
-0.481407  1.648788
-0.585938  1.182425
-0.552082  1.011599
-0.527305  1.343858
-0.643757  1.166530
-0.457884  0.962425
-0.425295  0.716105
-0.582596  0.779542
-0.746135  0.892507
-0.775984  1.137449
-0.790814  0.992378
-0.782943  1.067476
-0.748772  0.803772
-0.702040  0.938367
-0.730451  2.238989
-0.684572  1.135165
-0.683415  1.926354
-0.643826  1.434840
-0.531689  1.487468
-0.544276  0.981498
-0.651944  0.955041
-0.611973  1.539925
-0.580171  0.949488
-0.570268  1.561573
-0.550658  1.342538
-0.501742  1.123874
-0.433307  1.280530
-0.482761  0.992992
-0.448183  1.629460
-0.342785  1.285302
-0.472803  1.061151
-0.337019  0.464121
-0.349088  0.749129
-0.412933  0.945522
-0.321694  1.164791
-0.210604  0.850537
-0.064332  1.504047
-0.152432  1.162518
-0.135038  0.975790
-0.227873  1.937763
-0.312217  1.193612
-0.216308  1.649315
-0.193723  0.967767
-0.303716  1.731140
-0.359259  1.361665
-0.260508  0.987612
-0.367282  1.007584
-0.417110  0.883900
-0.353180  0.768095
-0.239573  2.456476
-0.207603  1.041954
-0.275728  2.009032
-0.148294  1.880956
 0.056552  0.927413
-0.063017  0.934751
-0.138452  1.463073
-0.292704  1.302947
-0.278346  1.215328
-0.232987  1.125715
-0.400916  2.531266
-0.181518  1.862052
-0.249656  1.675658
-0.038208  0.743583
 0.011814  0.552392
-0.060213  1.664371
-0.150863  1.375564
-0.126403  1.154453
-0.092561  1.937313
-0.027983  1.887319
-0.004993  0.923296
-0.164100  1.274090
-0.118866  1.230127
-0.097598  2.182242
-0.095760  1.485845
-0.177785  1.350798
-0.370561  0.571635
-0.417061  1.110408
-0.338977  3.292221
-0.434616  1.404121
-0.313821  1.477354
-0.479633  1.236425
-0.358199  1.567410
-0.438866  1.844119
-0.375841  2.036261
-0.279570  0.879699
-0.073795  0.816246
-0.213140  0.829904
-0.224724  1.340083
-0.041772  1.380242
-0.074102  1.282472
-0.024800  1.136776
-0.066104  1.320004
-0.154274  0.894581
-0.095984  1.151180
 0.063641  1.243367
 0.095168  1.456585
 0.152255  1.451263
 0.070722  1.798723
 0.078407  1.273879
-0.084006  1.351850
-0.129475  0.919090
-0.264545  1.371835
-0.153678  0.874902
-0.473740  1.430139
-0.332048  0.985859
-0.338631  1.034212
-0.277301  0.767415
-0.294600  1.633768
-0.149124  1.278087
-0.216180  1.221172
-0.234587  1.111553
-0.110654  0.894089
-0.191949  1.195788
-0.296574  1.094502
-0.246698  0.709545
-0.229553  1.247247
-0.256063  2.141669
-0.343338  1.698473
-0.155500  0.660606
-0.168893  2.116920
-0.127779  1.577439
-0.049083  1.231610
-0.002578  1.405811
 0.015655  0.776231
 0.032974  0.807256
 0.024454  1.086140
 0.035972  1.603976
 0.054871  1.259679
 0.277574  1.081735
 0.151785  1.126721
-0.149319  1.056457
-0.195427  1.632356
-0.257768  0.746112
-0.102146  1.592041
 0.022941  1.037439
 0.085347  1.172399
 0.165258  0.943356
 0.282046  1.641337
 0.251214  1.010680
 0.248668  1.097380
 0.289351  1.454897
 0.135252  1.530676
 0.054684  0.575672
 0.088645  1.110417
 0.047695  2.073444
-0.047731  0.887370
 0.133648  1.100934
 0.287603  1.957753
 0.309114  0.930937
 0.306361  1.043172
 0.312857  1.965313
 0.282157  1.652655
 0.273848  0.543901
 0.044344  1.341588
-0.046088  1.058415
-0.034093  0.694863
 0.237401  1.598282
 0.228591  1.252011
 0.243969  0.843299
 0.074769  0.780776
 0.244752  0.857308
 0.226210  1.101397
 0.192706  0.657693
-0.031361  1.538327
 0.003057  1.563846
-0.101766  1.733249
 0.134265  0.935597
-0.085118  1.149823
-0.185382  1.101463
-0.123379  1.171626
-0.076887  1.137893
 0.038543  2.081330
-0.040151  0.883844
 0.001399  0.976784
-0.156974  1.515939
-0.167580  0.546303
-0.126676  1.539249
-0.133808  1.529893
-0.269353  1.369182
-0.401114  1.477218
-0.333919  0.919595
-0.430051  1.169244
-0.279171  1.284693
-0.381047  1.404442
-0.298388  1.581708
-0.407727  1.387653
-0.365101  1.668265
-0.335638  1.559543
-0.376029  0.985616
-0.314517  1.968302
-0.354203  1.406318
-0.333523  0.981752
-0.342016  2.095844
-0.381381  1.464322
-0.401064  2.210162
-0.313355  1.211997
-0.363255  1.156651
-0.362175  1.787910
-0.435150  1.150291
-0.223106  2.004456
-0.172713  0.598147
-0.306620  0.925684
-0.370839  0.989776
-0.339327  0.964281
-0.354102  0.713079
-0.454855  1.342739
-0.463436  0.861979
-0.394649  1.450120
-0.158968  1.484460
-0.203304  1.185879
-0.308379  0.767770
-0.296359  2.526768
-0.126944  1.699702
 0.040017  2.504842
 0.054973  0.852960
 0.141640  1.361619
 0.007258  0.877191
 0.063318  1.430580
 0.133007  0.956136
 0.115549  0.787630
 0.229525  1.262670
 0.305702  1.298489
 0.234187  1.458906
 0.015913  1.552494
 0.009644  4.907455
 0.102417  0.597552
 0.161651  3.539197
 0.099244  0.794305
 0.114148  1.295164
-0.008779  2.083553
-0.131356  1.715972
-0.170200  0.628989
 0.078732  0.882586
 0.051939  1.406062
-0.061664  1.214776
 0.021824  0.772224
 0.075960  1.699492
 0.050156  1.148156
 0.103226  1.239072
-0.148369  1.234011
 0.022037  1.461233
-0.097623  1.495892
-0.123831  0.988886
 0.076858  1.109070
 0.054569  0.908086
-0.106805  0.824584
-0.093256  2.519795
-0.156541  0.666771
 0.135448  0.925186
-0.103720  0.679634
-0.108284  0.841758
 0.086677  1.630355
 0.096373  1.400252
-0.054554  1.061955
-0.088334  1.016309
 0.028872  0.944942
 0.008379  0.890760
 0.089436  1.827772
 0.169541  1.407952
 0.200613  1.558774
 0.177141  1.762667
 0.394643  1.725095
 0.297812  1.092465
 0.271110  3.260503
 0.175946  1.138332
 0.319910  0.787855
 0.288188  1.405820
 0.149721  0.970105
 0.191547  1.076268
-0.036173  1.426045
-0.095762  0.742217
-0.161635  1.180492
-0.206322  1.332234
-0.340971  1.340627
-0.227070  1.408625
-0.102950  1.634350
-0.164087  1.622647
-0.217760  1.516727
-0.155187  0.821489
-0.471025  0.960235
-0.395944  1.366063
-0.347300  1.111111
-0.481825  1.001333
-0.428009  0.728345
-0.594418  1.328884
-0.602600  1.302295
-0.622927  1.188872
-0.655057  1.172545
-0.658866  0.981244
-0.646397  1.929440
-0.718840  1.212491
-0.679277  1.894095
-0.690003  0.915290
-0.643049  1.362985
-0.665112  1.564131
-0.698379  1.131639
-0.649448  1.032856
-0.637495  0.760987
-0.635766  0.911462
-0.536914  1.572251
-0.529451  1.122639
-0.469865  1.557634
-0.482259  1.348810
-0.380462  2.836378
-0.349839  1.108670
-0.196973  1.217694
-0.169735  0.892480
-0.275066  0.676577
-0.117935  1.194156
-0.165464  2.342602
-0.346395  1.535240
-0.412684  1.194670
-0.443426  1.246929
-0.389976  1.291813
-0.462781  1.991389
-0.619539  1.304214
-0.446162  0.628547
-0.569078  1.012843
-0.617252  1.008005
-0.499509  1.806851
-0.409577  1.131213
-0.435858  2.493330
-0.441609  0.899834
-0.366493  1.294849
-0.275344  1.408354
-0.307895  0.969580
-0.202888  1.956135
-0.266230  2.028849
-0.293344  1.331055
-0.295981  0.920017
-0.367521  2.193209
-0.472611  1.556640
-0.318470  0.915275
-0.311417  1.612432
-0.204970  1.094233
-0.279960  0.658333
-0.344700  1.267508
-0.495495  1.110807
-0.503273  1.690765
-0.523435  1.465562
-0.351525  2.123227
-0.460775  1.369352
-0.409626  1.743038
-0.528191  1.625759
-0.524729  1.543767
-0.402661  2.029500
-0.411061  1.164396
-0.465997  1.554802
-0.320909  1.199090
-0.374730  1.769266
-0.375052  1.351972
-0.404170  0.869930
-0.356131  0.868564
-0.513895  1.150717
-0.483153  1.105401
-0.391915  0.939472
-0.379498  1.028219
-0.591277  1.543208
-0.584708  1.139611
-0.569578  1.838571
-0.442640  0.945596
-0.435136  1.016320
-0.557472  2.280019
-0.355454  1.239702
-0.435761  1.361600
-0.492302  0.661396
-0.265386  0.784662
-0.475359  0.559634
-0.395743  2.039343
-0.336724  1.477783
-0.206953  0.796889
-0.173830  1.640823
-0.065401  1.850720
-0.349080  1.013701
-0.173887  1.552862
-0.275859  1.474710
-0.252232  1.704247
-0.218489  1.104501
-0.242723  1.280915
-0.287795  1.769096
-0.272222  0.801767
-0.263951  1.009652
-0.354937  2.398261
-0.211363  0.645249
-0.311004  1.432569
-0.324226  2.199444
-0.237897  0.665156
-0.091863  1.339793
 0.123951  1.116526
 0.037859  1.664864
-0.039115  0.984351
 0.028288  1.232817
 0.070912  1.030028
 0.104611  0.950422
 0.310728  1.211987
 0.359085  1.956025
 0.213111  1.778310
 0.333606  1.990014
 0.285407  1.011739
 0.503507  0.853790
 0.443204  2.057611
 0.121612  1.647204
 0.081260  0.886367
 0.121085  1.474384
 0.058112  0.727554
-0.053415  2.043628
-0.146516  0.551877
-0.088276  0.622973
-0.251805  2.528638
-0.189103  1.842530
-0.322009  2.762219
-0.397268  1.005168
-0.353415  0.986767
-0.318639  0.944895
-0.383261  1.324773
-0.395737  1.058981
-0.333287  1.511582
-0.231266  1.767494
-0.066948  0.934984
-0.104908  1.552400
-0.143109  1.407469
-0.262143  1.656153
-0.323085  0.972882
-0.335040  1.729171
-0.243349  0.769903
-0.182572  0.849922
-0.357247  1.260740
-0.261585  0.643751
-0.256168  0.901395
-0.079167  0.867149
 0.032830  2.138384
-0.012750  1.227883
-0.056346  2.150677
-0.080537  1.011712
-0.007612  1.444484
 0.018177  0.837277
 0.042760  1.352766
-0.134237  1.101312
-0.122375  0.818773
-0.239017  1.073800
-0.172237  0.576301
-0.497915  0.755045
-0.566883  1.196547
-0.551615  1.556229
-0.646478  1.519270
-0.614515  1.428378
-0.550176  1.280627
-0.506589  1.526618
-0.824625  1.503549
-0.690894  1.080188
-0.593337  3.979540
-0.543802  1.001376
-0.540033  1.195515
-0.564184  0.833336
-0.591822  1.528493
-0.585574  1.190054
-0.395348  1.524606
-0.363452  1.314846
-0.078963  1.624711
-0.120387  1.314600
-0.075453  1.135552
-0.043053  1.211844
-0.207094  0.842865
-0.343536  1.568097
-0.304475  1.317452
-0.292824  0.812310
-0.275420  0.995054
-0.160083  0.997858
-0.153278  2.426286
-0.130622  1.142259
-0.141057  0.704302
-0.246094  0.681399
-0.354718  1.075438
-0.335898  2.360095
-0.327443  0.951174
-0.335444  1.750156
-0.179692  0.685285
-0.152888  0.708609
-0.099133  1.081343
-0.089061  0.887738
-0.041010  1.063964
 0.195002  2.084129
-0.100970  1.710973
-0.136102  1.848643
 0.102452  0.809342
 0.268515  1.578132
 0.347285  1.173019
 0.247166  1.109132
 0.221536  1.566004
 0.185142  0.630864
 0.322105  1.163684
 0.263028  0.898420
 0.174174  0.984473
 0.051039  1.473608
-0.016172  0.996274
-0.004179  1.274073
 0.062352  1.209031
 0.080471  1.245090
-0.055685  1.544596
-0.079912  1.422911
-0.042172  0.775825
-0.142649  2.170847
-0.200667  2.158885
-0.275544  2.031599
-0.336732  0.841009
-0.337298  1.076025
-0.432509  1.389813
-0.267856  1.594075
-0.167285  1.839412
-0.050360  0.785134
-0.204206  1.416673
-0.025782  1.452855
 0.098238  0.743980
-0.031184  0.599569
-0.053251  1.423981
-0.077785  1.449610
-0.119614  1.907086
-0.288831  1.530616
-0.259014  0.975995
-0.347990  1.078778
-0.272417  1.293657
-0.327548  0.724597
-0.490422  0.784862
-0.368456  1.598323
-0.374067  1.019438
-0.460167  1.532788
-0.324960  1.524030
-0.562525  1.464847
-0.499124  1.147266
-0.414112  1.193807
-0.553053  1.970695
-0.537985  2.139493
-0.574597  0.743379
-0.596206  1.304129
-0.673280  1.220285
-0.369802  3.789955
-0.354340  0.953933
-0.398468  1.176923
-0.391891  0.976409
-0.372973  0.968209
-0.463459  1.356325
-0.327595  1.581332
-0.358672  1.040547
-0.227281  1.128082
-0.137660  0.793653
-0.267531  1.189104
-0.277705  1.405760
-0.359162  2.246275
-0.372267  1.090206
-0.500955  1.206951
-0.463932  1.188669
-0.472258  1.035155
-0.395593  0.783214
-0.322301  1.380579
-0.241477  2.108558
-0.479267  1.269331
-0.453299  1.291669
-0.243795  0.887271
-0.295122  1.348508
-0.293157  0.786079
-0.294912  1.960616
-0.201426  1.105360
-0.358118  0.908303
-0.326902  0.706382
-0.268710  1.569073
-0.311502  0.967453
-0.273394  1.061542
-0.359748  1.235238
-0.221253  1.373662
-0.166705  1.937418
-0.179192  1.719785
-0.305888  0.443044
-0.158148  0.967178
-0.098849  0.797248
-0.185273  1.407174
-0.281447  1.183162
 0.009112  0.720623
-0.071645  1.251263
-0.137164  1.187413
-0.239347  0.905280
-0.169682  1.131269
-0.253437  1.219260
-0.219291  0.563016
-0.348952  1.368117
-0.235591  0.564628
-0.302265  0.946622
-0.238222  0.911931
-0.271455  0.816314
-0.231985  0.906702
-0.280491  1.698754
-0.273817  1.231710
-0.128827  1.405671
-0.068167  1.483146
-0.026627  1.475680
 0.054832  0.781311
 0.088237  0.849656
 0.031392  1.645467
 0.100596  1.135682
-0.073681  1.291336
-0.068704  0.851536
-0.021000  1.675315
-0.130590  0.984306
 0.070566  1.279778
-0.016520  0.878772
-0.117841  1.122346
-0.141414  1.101307
-0.065968  1.963984
-0.036620  1.011836
-0.174632  0.896159
-0.220412  1.576586
-0.187443  1.181618
-0.027550  1.091702
-0.047789  1.456278
-0.195673  1.338990
-0.176094  1.089437
-0.098330  1.081978
-0.044189  0.821621
-0.074107  1.692649
 0.079937  1.323024
 0.198571  1.764069
 0.131498  2.482710
 0.135515  1.112845
 0.237454  0.974451
 0.206392  0.991627
 0.300712  0.743368
 0.450179  1.281092
 0.384429  1.773504
 0.145299  0.833388
 0.090408  1.314821
 0.110082  0.874163
 0.041169  3.461713
 0.115061  1.081611
-0.069721  1.340491
 0.038932  1.202225
-0.035430  0.736618
 0.027989  1.572694
 0.013211  1.259853
 0.271898  1.187179
 0.284122  1.113187
 0.299680  0.793945
 0.258358  0.920412
 0.139812  0.901495
 0.077183  0.784675
 0.035531  0.909971
 0.125159  1.416370
 0.072689  1.775043
 0.033046  1.198508
-0.197385  1.033385
-0.200942  0.883361
-0.160533  0.852141
-0.178595  1.296159
-0.219791  1.824101
-0.235592  1.040335
-0.228404  1.831376
-0.251721  1.175246
-0.092290  0.658491
-0.064637  1.083783
-0.115980  1.282377
-0.078584  0.993659
-0.154537  1.259703
-0.295462  2.082296
-0.132724  1.519900
-0.073107  1.892874
-0.012026  0.666149
-0.048904  1.026712
-0.100638  0.861465
-0.090196  0.685013
 0.119900  0.870348
-0.083377  1.167600
 0.002231  1.714902
 0.020558  0.666467
-0.131122  0.948407
-0.163000  1.329885
 0.090289  2.302950
 0.138223  0.746140
 0.188721  2.210474
 0.242748  0.890811
 0.289063  0.643003
 0.270411  1.249303
 0.242789  0.964012
 0.176085  2.364481
 0.163030  1.351149
-0.002580  2.002854
 0.107149  1.200232
 0.154192  0.976721
 0.057201  1.143417
-0.060399  1.821133
-0.078972  1.460888
-0.082889  0.967773
-0.065585  0.931134
 0.121947  1.271808
 0.212941  1.133314
 0.197000  1.677156
 0.017581  1.036093
-0.023926  1.114874
-0.312700  1.024088
-0.336843  1.060112
-0.179946  1.689323
-0.289460  1.020416
-0.389927  1.092950
-0.320088  1.185092
-0.263125  0.920806
-0.263945  1.529867
-0.121747  1.281036
-0.129253  0.803722
-0.097638  1.138565
-0.094837  2.349477
-0.166247  1.650093
-0.248159  0.618778
-0.126442  0.821044
-0.262105  0.956827
-0.224070  1.178119
-0.179522  1.475254
-0.314955  1.098412
-0.337579  1.372439
-0.302167  1.326018
-0.289774  2.096287
-0.237798  1.306097
-0.284607  1.413793
-0.158902  1.899782
-0.119121  2.023968
-0.109508  0.950748
-0.206965  0.857302
-0.401823  1.153175
-0.198880  1.016597
-0.436074  1.512590
-0.309983  0.800519
-0.280020  1.550109
-0.310598  1.090086
-0.245028  1.247620
-0.197304  2.341123
-0.376206  0.931825
-0.360227  1.499112
-0.224920  0.970419
-0.154718  0.958303
-0.211144  1.276803
-0.169510  1.244547
-0.254620  2.857005
-0.202684  1.146750
-0.274465  1.289668
-0.262538  0.903742
-0.444573  1.186840
-0.269698  0.829309
-0.384051  0.791409
-0.384344  1.619881
-0.376623  1.128501
-0.163693  0.838890
-0.133822  0.734967
-0.032735  0.954598
 0.010453  2.876832
-0.103286  1.240434
-0.227994  0.994246
-0.330280  0.935439
-0.290070  1.208639
-0.218089  0.901381
-0.100042  1.223927
-0.101296  1.309163
-0.088486  1.669181
-0.200550  1.479401
-0.345408  2.118270
-0.275066  1.065317
-0.493874  0.808495
-0.530143  1.472777
-0.459666  2.112537
-0.452425  1.083833
-0.381387  0.902459
-0.239264  0.882276
-0.113268  1.003789
-0.153360  2.545463
 0.009086  0.767379
-0.109254  0.770915
-0.079247  1.090171
 0.003368  1.565972
 0.031690  1.972387
-0.005746  1.039263
 0.178853  1.681248
 0.235005  2.247649
 0.258016  0.955377
 0.299106  1.565673
 0.272893  0.735356
 0.280049  1.190540
 0.302180  1.310901
 0.342944  1.217724
 0.494093  1.072749
 0.430334  0.966185
 0.441132  1.464369
 0.400244  1.741641
 0.369613  0.984822
 0.370997  1.841072
 0.387745  3.109772
 0.207547  0.831350
 0.163236  0.753150
 0.226342  1.557353
 0.272676  1.226238
 0.362279  1.031175
 0.316687  0.968511
 0.441775  1.145467
 0.386703  1.092476
 0.297072  2.435159
 0.196460  1.699078
 0.231717  4.643501
 0.172461  1.707338
 0.199202  0.821923
 0.069243  1.450123
-0.000698  1.952478
 0.126144  1.187815
 0.000159  2.317013
-0.016423  1.580289
-0.075227  0.880035
-0.076307  0.994622
 0.122277  1.457886
-0.097910  2.243514
-0.064444  0.772357
-0.096553  1.256170
-0.132669  0.879943
-0.108759  1.270085
-0.056428  1.035664
-0.119702  0.825516
 0.095658  1.186894
 0.042340  1.476305
 0.180780  2.718529
 0.213402  0.578726
 0.315145  1.701160
 0.245946  2.089521
 0.255159  1.143865
 0.315590  1.089274
 0.364335  1.546828
 0.310151  2.216077
 0.266101  0.897958
 0.180222  0.925579
 0.135681  4.367037
 0.144907  1.149551
 0.213534  1.458390
 0.160781  0.895638
 0.291506  0.691313
 0.343233  0.965504
 0.197499  1.071460
 0.124145  1.007992
 0.096995  1.438471
-0.166854  0.702209
-0.051855  0.793849
-0.138263  0.788090
-0.239434  1.077787
-0.328604  0.790352
-0.256812  1.229198
-0.073830  1.565512
-0.136181  1.381983
-0.092965  0.817257
-0.044752  0.844504
-0.231464  0.663024
-0.437564  0.660661
-0.497336  1.244991
-0.447209  1.215733
-0.559640  1.101384
-0.529112  2.484801
-0.649397  1.321302
-0.592686  1.431804
-0.561536  0.912228
-0.619959  1.855085
-0.545211  0.836564
-0.565053  2.681343
-0.521227  2.554517
-0.459877  1.626791
-0.482069  1.286033
-0.221119  1.523751
-0.245433  1.301623
-0.136064  1.651334
-0.216187  2.235824
-0.186746  1.753427
-0.233983  1.018931
-0.221711  0.920249
-0.284663  1.502026
-0.373574  2.080854
-0.210343  1.013729
-0.296928  1.226199
-0.122710  1.684543
 0.119971  2.129588
 0.172966  1.565128
-0.058442  0.836198
-0.137493  0.870319
-0.059945  0.782034
-0.189719  1.750344
-0.161986  0.915230
-0.075306  1.775064
-0.141624  1.637471
-0.220324  1.348159
-0.420863  1.901810
-0.214142  1.062657
-0.231661  1.357381
-0.443572  1.553740
-0.451462  0.999324
-0.347366  1.428303
-0.344202  0.936686
-0.355262  1.439635
-0.244169  1.606062
-0.274858  1.133141
-0.211527  1.285489
-0.210934  1.105456
-0.171879  0.894143
-0.384440  0.963338
-0.445822  1.076049
-0.510481  0.871748
-0.550547  0.999017
-0.411321  1.853518
-0.494966  1.685027
-0.484751  1.006863
-0.524002  0.759804
-0.564195  1.655808
-0.428026  1.217298
-0.433426  1.504486
-0.464094  0.915342
-0.312150  1.895355
-0.432525  1.385502
-0.382511  0.991176
-0.387912  1.011450
-0.393376  0.981813
-0.277328  1.124245
-0.267419  0.640916
-0.325714  1.195425
-0.254567  0.921874
-0.342669  1.033797
-0.224903  1.706705
-0.321703  1.030460
-0.179616  1.162042
-0.116449  0.878739
-0.086081  1.266492
-0.209963  2.398104
-0.285174  0.828279
-0.341517  1.950216
-0.193056  0.790018
-0.310319  0.640790
-0.203237  1.452715
-0.131082  1.452818
-0.138849  1.266799
-0.225643  1.010633
-0.429353  0.643146
-0.366030  1.655955
-0.357582  1.018319
-0.278903  1.370935
-0.377969  0.901079
-0.381099  1.382375
-0.343300  1.085166
-0.515847  2.241030
-0.611954  1.695868
-0.604467  1.032455
-0.492501  1.512207
-0.437662  2.984466
-0.332953  1.128680
-0.326474  1.449905
-0.402918  0.812319
-0.426758  1.663199
-0.401507  0.571493
-0.382277  1.889996
-0.248246  1.657160
-0.393310  0.728696
-0.451211  0.994587
-0.515917  0.958459
-0.528697  1.886087
-0.386164  1.317995
-0.378112  1.424561
-0.364892  1.507922
-0.315356  1.582575
-0.213215  0.826947
-0.257451  1.558583
-0.249551  1.287909
-0.305907  1.947169
-0.339832  1.279032
-0.262050  1.136205
-0.106609  1.049669
-0.260952  1.579072
-0.353000  1.551652
-0.139805  1.157682
 0.001118  1.074017
 0.123573  1.329145
 0.125692  1.537742
 0.110109  1.172044
-0.116795  2.057545
-0.046692  1.323715
-0.080920  1.863765
-0.045310  1.294800
-0.096413  2.155583
-0.029855  1.413970
 0.095885  1.190903
 0.109667  1.741407
 0.153755  0.750499
 0.359995  0.851288
 0.555737  1.177708
 0.480961  1.860386
 0.490354  1.856797
 0.443641  0.881424
 0.507115  1.317794
 0.263316  1.280516
 0.223166  1.169874
 0.211331  1.131771
 0.221064  1.228773
 0.150800  1.895419
 0.198196  0.736668
 0.172715  1.713508
 0.187736  1.104866
 0.067050  1.329011
 0.045923  0.956768
 0.079966  1.710903
 0.150307  0.745306
 0.116724  1.240642
 0.131602  1.081558
 0.165006  1.930817
 0.049718  1.249848
 0.054132  3.216512
 0.234720  0.939272
 0.315470  0.996411
 0.399429  0.600445
 0.343565  1.438591
 0.151767  1.790795
 0.237296  0.953482
 0.208420  0.534800
 0.214587  1.585718
 0.272154  1.623394
 0.032069  0.886739
 0.243297  0.946261
 0.253930  1.346531
 0.255368  0.905979
 0.446853  0.879462
 0.262782  0.808077
 0.294883  1.899112
 0.369855  1.197060
 0.326638  1.749564
 0.317998  0.898943
 0.289307  0.850463
 0.209993  1.468344
 0.150029  0.682956
 0.189608  1.766268
 0.168495  1.809712
 0.176528  0.782788
-0.002057  0.918475
 0.095927  1.592296
 0.139387  1.531178
 0.169868  1.661223
 0.179851  1.524222
 0.285120  1.515579
 0.304926  0.984411
 0.352075  2.292070
 0.213488  1.735502
 0.304466  1.065119
 0.390679  1.432629
 0.383301  1.147290
 0.346788  1.049387
 0.370074  1.201917
 0.309769  0.375164
 0.339964  0.901286
 0.349182  0.614643
 0.293116  0.627381
 0.212102  0.772123
 0.287202  1.104098
 0.017411  0.778835
 0.217038  1.897611
 0.229726  1.100862
 0.071738  0.906774
 0.013537  0.869952
-0.045163  1.809610
-0.064845  0.687692
 0.097624  1.801068
-0.002207  0.997151
 0.138547  1.007252
 0.059246  1.676160
 0.067503  1.339560
 0.120084  0.915388
 0.103704  1.290953
-0.051844  1.351949
-0.093370  1.567537
-0.211395  0.830278
-0.079736  1.099022
-0.122745  0.794535
-0.108707  0.715629
-0.019457  1.345388
-0.060657  0.901759
-0.045187  0.599101
-0.063099  1.074522
 0.032839  1.883144
-0.086720  1.051548
-0.009335  1.449725
 0.175375  1.434097
 0.284396  1.291190
 0.141350  0.745250
 0.157819  1.020865
 0.219433  0.828445
 0.301652  1.578664
 0.223887  0.926656
 0.213911  3.419350
 0.176459  1.332025
 0.196467  1.118397
 0.244976  1.086789
 0.281079  2.146434
 0.301039  0.582874
 0.382806  1.193077
 0.316351  1.134820
 0.429573  0.659233
 0.410256  2.380862
 0.428196  0.751171
 0.420189  0.876704
 0.312766  1.521940
 0.382234  1.174666
 0.390858  1.345992
 0.359736  2.239829
 0.563961  1.704231
 0.637923  0.943060
 0.735776  1.534378
 0.610833  0.917362
 0.480116  1.874466
 0.429318  1.187734
 0.370774  0.774377
 0.542815  0.836335
 0.488656  1.403087
 0.431992  1.472006
 0.411785  0.513832
 0.525439  0.778909
 0.566970  0.875237
 0.734359  1.632980
 0.564669  1.650257
 0.576548  0.624253
 0.459971  0.844975
 0.539972  1.384874
 0.427466  0.997673
 0.283675  1.045286
 0.283672  0.985237
 0.361304  1.014862
 0.179344  1.564268
 0.313944  0.651178
 0.188120  1.484737
 0.202902  1.683916
 0.068220  0.773003
-0.123623  1.160062
-0.115838  0.537999
-0.365728  0.872662
-0.213419  1.375428
-0.197718  1.175100
-0.034979  1.464869
-0.105236  1.308150
-0.215479  0.783190
-0.367860  1.599537
-0.335038  0.878449
-0.244671  2.222991
-0.337929  0.945797
-0.231834  1.200404
-0.243702  1.368528
-0.075335  0.985578
-0.100993  1.562592
-0.099737  2.025762
-0.172186  1.483014
 0.038912  1.195408
-0.040446  1.633333
-0.187781  1.444050
-0.177416  1.710162
-0.202050  2.330446
-0.196716  1.137894
-0.130700  1.073108
 0.053855  1.712397
-0.027390  1.213591
 0.012665  1.063408
 0.044529  1.159826
 0.197125  0.907661
 0.180250  1.257881
 0.061644  1.407955
 0.087304  0.567927
 0.183424  0.645112
 0.177644  1.023415
 0.019305  1.358320
 0.116413  1.376393
-0.140443  1.133140
-0.016826  1.101862
-0.140590  1.153312
-0.157166  0.844706
-0.334944  2.497806
-0.370892  1.294273
-0.358071  1.601700
-0.282454  1.926057
-0.266682  1.350837
-0.280591  0.503979
-0.288258  1.589359
-0.147734  0.862575
-0.060294  1.360481
-0.082861  2.125718
-0.015659  0.960287
-0.036101  1.194460
 0.025551  2.174331
 0.154831  0.779661
 0.124034  0.580718
 0.212457  1.325604
 0.256104  1.217881
 0.083832  1.876310
 0.176056  0.786010
 0.087151  0.921299
 0.094585  1.135200
 0.084001  2.509498
 0.158239  1.343162
 0.257644  1.406301
 0.109367  1.144380
 0.326703  1.291636
 0.278138  0.700750
 0.126990  0.973522
 0.226947  0.917662
 0.203791  2.366160
 0.234650  0.873586
 0.074441  0.811203
 0.072084  1.417577
 0.006930  0.787227
 0.027114  0.946727
-0.186467  2.504337
-0.104722  1.324577
-0.048964  1.088560
-0.151020  0.836157
-0.291686  1.180331
-0.223817  1.264985
-0.257283  3.305507
-0.207517  1.334491
-0.405778  1.187788
-0.195343  1.029499
-0.149415  1.465794
-0.306961  1.248292
-0.359007  0.738019
-0.427330  0.915706
-0.271804  1.483150
-0.351581  0.698458
-0.436015  0.754895
-0.309833  1.242077
-0.421975  3.100209
-0.388107  0.980542
-0.355779  2.155115
-0.431614  1.063923
-0.331249  2.644405
-0.446347  0.955079
-0.425783  0.942611
-0.395448  0.870032
-0.289956  0.948965
-0.463162  1.366109
-0.466774  1.118782
-0.420622  1.139118
-0.311353  2.564125
-0.469219  0.954651
-0.262587  1.532473
-0.409197  1.137238
-0.394881  1.898611
-0.378104  0.870792
-0.340542  1.035348
-0.329987  1.435189
-0.266069  1.756033
-0.065067  1.362874
 0.062031  0.716136
 0.043761  0.682569
-0.127625  1.010207
 0.081284  1.376887
 0.026713  2.505691
 0.067446  0.818252
 0.144004  1.039813
 0.154403  1.439066
 0.170707  1.812750
 0.071863  1.212822
 0.169121  1.067943
 0.059673  1.457487
 0.020617  1.146206
-0.133940  1.437204
 0.042810  1.637679
-0.091197  0.904820
-0.003134  1.154421
 0.116921  1.253611
 0.038716  0.877650
-0.045106  2.073553
-0.078539  1.732731
-0.094582  3.356165
 0.011149  1.244379
-0.003978  1.030714
-0.098508  1.318857
-0.196730  1.123280
-0.291803  1.279688
-0.292517  0.687315
-0.304124  1.089211
-0.321322  2.297349
-0.386595  1.252294
-0.512081  3.562914
-0.360814  0.951543
-0.229550  1.462443
-0.411151  2.179998
-0.223316  0.867731
-0.184391  1.256928
-0.179529  1.441109
-0.136082  1.135051
-0.144800  1.360631
-0.226035  0.887593
-0.022686  0.975426
 0.065506  0.807757
 0.016744  0.925326
-0.050202  1.383348
-0.019014  1.722146
 0.080810  0.765420
 0.050082  0.798658
 0.289657  1.437371
 0.308933  2.394715
 0.168330  1.541690
 0.253334  1.917584
 0.069937  0.988800
 0.036001  1.268413
 0.070544  1.466919
 0.156558  1.432998
 0.244985  1.406718
 0.165636  0.909114
 0.188079  1.013522
 0.112109  0.780999
 0.090946  1.196128
 0.025221  1.408597
 0.042098  0.779234
-0.023864  1.588657
 0.040817  0.940245
-0.037958  0.859769
 0.017225  1.963890
-0.086836  1.264291
 0.032162  0.825097
-0.071964  0.804963
-0.004201  1.295158
-0.041092  3.427495
-0.206884  1.040011
-0.228784  1.259975
-0.248766  0.956323
-0.423032  2.006682
-0.330550  0.861068
-0.320479  0.962384
-0.230525  0.842509
-0.386552  0.644392
-0.449621  1.031269
-0.591448  1.077537
-0.580136  1.217842
-0.568994  1.217512
-0.653600  0.987352
-0.822670  1.719358
-0.634399  1.091007
-0.492454  2.258385
-0.675032  2.109348
-0.507527  1.239285
-0.323534  1.280554
-0.310507  1.080490
-0.384085  0.738661
-0.238186  0.863604
-0.388498  1.229378
-0.339101  0.925960
-0.286181  1.779686
-0.212961  0.775123
-0.091395  1.440669
-0.262426  1.122645
-0.140252  1.168314
-0.209165  1.118053
-0.232637  1.652125
-0.274107  1.276056
-0.365018  1.543824
-0.374682  1.532528
-0.444790  0.926949
-0.394931  0.880785
-0.374619  0.955279
-0.324386  1.191324
-0.391034  1.738307
-0.262158  0.994473
-0.319818  0.717183
-0.372338  1.392964
-0.259963  1.387218
-0.320709  0.967224
-0.224781  1.273065
-0.278182  0.835359
-0.234718  1.015283
-0.361802  1.054723
-0.342252  1.357271
-0.281496  0.931624
-0.413608  1.173252
-0.313163  1.446150
-0.313973  1.236949
-0.430231  1.212333
-0.393113  2.110266
-0.342583  0.782807
-0.512869  1.745605
-0.515179  0.918768
