  99.706505 2993.971967
  66.969937 2992.752317
  48.443514 2992.763101
  51.788210 2990.233404
  82.595413 2985.954196
  66.410085 2990.563629
  63.074674 2991.976221
  36.569785 2993.277128
  31.164440 2992.688892
  61.016833 2993.314314
  48.972181 2987.263496
  38.096196 2997.188517
  41.195518 2996.420907
  51.418150 2996.747210
  72.830103 2986.535362
  65.904817 2995.496764
  45.744484 2991.418736
  69.976086 2994.539073
  64.878652 2990.075435
  55.574259 2992.631900
  52.459862 2992.981095
  48.470883 2994.735884
  33.075755 2996.870074
  28.590834 2996.613881
  42.080076 2994.446912
  44.068333 2989.884260
  65.430594 2992.930308
  73.319839 2990.844234
  31.421955 2988.452693
  54.342922 2988.025299
  41.371956 2987.732987
  59.618507 2993.462554
  57.167107 2992.502825
  40.243272 2993.056272
  54.129895 2992.342895
  58.747634 2993.558898
  43.083148 2986.517827
  76.741274 2989.599203
  34.537219 2994.793044
  70.586441 2997.425363
  58.753151 2994.577655
  74.137787 2991.401779
  79.731505 2990.395404
  34.409352 2992.241011
  48.622895 2993.363817
  74.698275 2991.909708
  49.819894 2987.419541
  61.879563 2996.527642
  37.668066 2989.007966
  48.492111 2991.191576
  65.948908 2989.452072
  30.529340 2986.027044
  46.108733 2995.988923
  58.145573 2994.203894
  70.230693 2990.107254
  80.070676 2997.359968
  58.853488 2991.122673
  66.231344 2988.801772
  63.206521 2992.363608
  62.763564 2988.239628
  42.440827 2991.696754
  25.965362 2988.674470
  62.929416 2993.021442
  55.292534 2989.559581
  56.925227 2984.965697
  84.153756 2996.806335
  86.420482 2991.519518
  72.593411 2993.197449
  61.166388 2988.540520
  53.934291 2987.676233
  59.692155 2991.580864
  43.894965 2996.418706
  74.563666 2993.515910
  50.819764 2986.580975
  68.909114 2995.033064
  39.506931 2994.928758
  31.786073 2992.886867
  81.424673 2987.217740
  75.926965 2989.382908
  52.706814 2992.931317
  65.880835 2993.737490
  44.824220 2987.807469
  47.371070 2995.988219
  63.759366 2991.899282
  37.375069 2993.540993
  51.271029 2991.054343
  47.355949 2993.108000
  55.953384 2993.097653
  53.972791 2996.394887
  59.338223 2995.594622
  91.535664 2991.522600
  77.420396 2995.200524
  57.006946 2991.974835
  69.753945 2992.708526
  62.624045 2991.261173
  59.860846 2987.474851
  44.568359 2979.318094
  58.920147 2990.690304
  66.178572 2993.896942
  45.468774 2993.145501
  58.691140 2993.793965
  66.552322 2992.289055
  79.005490 2992.539763
  45.339804 2997.820517
  36.177444 2994.507553
  59.274635 2990.678613
  44.599786 2994.469923
  94.321413 2987.028891
  52.511898 2993.599150
  56.073948 2992.369574
  31.436750 2994.440863
  41.987882 2994.811686
  77.071461 2993.052977
  48.302481 2991.451224
  57.473833 2995.120907
  47.541531 2986.977946
  57.658972 2985.686529
  70.345036 2993.242620
  64.611884 2987.799879
  34.755671 2983.874526
  45.481672 2993.555114
  54.128816 2986.822708
  51.844025 2991.162455
  62.674499 2990.348831
  27.828055 2991.918007
  50.669551 2983.319674
  59.461423 2993.482642
  83.137830 2990.562782
  57.419949 2993.357567
  56.465605 2990.959088
  63.732612 2988.113516
  53.226235 2984.004844
  84.660777 2994.534478
  86.405604 2991.951528
  85.975096 2991.223433
  64.053117 2992.487707
  54.407893 2994.537351
  71.639324 2986.450454
  55.714340 2993.338131
  71.914858 2996.949619
  66.977835 2986.755683
  77.287266 2997.803654
  37.431046 2992.253500
  41.522474 2995.562076
  43.732013 2994.192796
  46.385396 2991.303421
  73.997477 2994.059715
  82.039533 2993.043333
  74.246485 2977.641217
  43.755309 2989.668237
  51.792913 2985.316114
  64.194062 2989.704916
  20.339879 2984.544237
  73.214469 2996.108443
  47.291888 2991.647142
  44.459885 2991.833894
  43.623020 2993.858258
  28.361006 2988.274548
  56.970835 2987.815053
  86.927606 2992.942574
  52.811566 2995.966302
  77.307043 2994.751227
  58.786411 2992.314637
  41.425255 2987.383149
  33.886040 2994.455992
  30.617620 2995.714044
  48.717805 2989.627289
  54.599439 2983.066387
  47.592760 2990.617521
  42.708334 2991.374625
  54.788971 2994.383954
  69.679546 2991.787784
  60.543622 2994.586857
  61.630621 2991.973565
  53.417570 2984.762320
  48.717070 2992.950629
  39.980060 2991.323505
  50.645760 2989.213041
  62.605375 2994.368231
  79.086831 2996.598092
  74.400274 2989.364289
  52.275855 2996.810495
  41.062402 2989.448927
  42.340538 2991.093479
  58.410502 2997.386873
  50.435969 2996.111877
  62.545525 2986.010086
  40.887974 2987.972401
  64.738963 2992.573791
  38.953222 2990.032812
  55.809546 2997.277157
  50.929708 2993.407077
  53.693639 2993.980588
  56.263331 2995.884621
  65.523779 2992.437635
  41.999602 2994.018398
  43.636052 2991.512872
  45.011506 2991.310516
  84.928111 2991.294703
  56.778673 2994.118670
  70.105876 2995.734507
  67.581795 2995.128542
  50.087057 2992.183317
  63.504138 2996.890743
  85.648121 2993.732512
  91.963927 2995.174484
  72.628131 2994.975351
  83.903390 2989.012725
  55.060562 2991.222721
  42.884616 2988.480594
  46.563632 2995.064669
  49.554081 2991.754707
  56.931520 2992.174441
  67.715417 2988.789132
  51.154734 2998.036714
  50.149558 2996.342316
  57.610098 2989.809469
  53.728378 2992.857444
  40.780018 2997.788735
  78.108292 2997.852616
  38.979479 2991.553269
  51.867522 2991.651239
  54.127683 2988.801646
  54.479490 2989.472515
  63.915202 2991.071271
  48.605871 2991.916704
  47.234217 2988.313482
  38.040431 2987.197004
  42.041219 2985.960001
  44.265661 2989.865979
  54.118203 2993.883141
  53.533168 2994.868529
  62.978343 2989.078900
  47.370363 2990.041232
  54.352543 2992.329162
  59.196534 2993.175057
  59.163127 2991.269601
  58.019133 2990.623221
  40.882550 2991.662902
  58.282219 2992.612721
  42.365320 2992.388654
  58.455904 2991.734268
  29.283431 2990.025129
  60.711677 2992.751330
  64.797157 2989.677877
  59.222776 2988.700284
  34.545235 2991.973555
  70.677999 2988.245920
  53.313956 2994.457961
  57.864444 2996.397141
  57.897456 2987.957806
  36.081131 2992.848889
  53.127606 2989.169576
  56.818979 2995.671498
  36.528824 2993.010889
  58.971108 2993.780415
  52.879485 2991.349269
  45.115097 2991.541171
  59.516362 2993.030786
  37.893172 2991.083348
  33.192067 2990.451204
  57.987584 2991.944972
  35.406139 2986.361323
  62.494990 2995.389854
  44.724358 2989.580179
  51.763944 2985.206937
  51.545635 2990.122985
  66.980251 2989.364058
  63.292228 2992.864074
  54.963264 2992.944934
  39.979993 2985.614754
  33.320479 2990.091673
  18.218063 2988.507799
  42.489602 2991.692530
  30.522362 2987.195945
  40.026563 2978.363665
  36.816551 2992.771696
  27.378902 2985.766384
  53.970624 2995.002592
  72.519027 2993.467010
  56.328238 2996.233783
  53.713957 2991.752170
  38.281376 2991.738259
  54.261028 2994.519696
  40.207154 2990.381529
  55.378689 2987.667229
  46.488165 2994.035196
  68.644470 2988.420654
  35.647774 2993.313306
  58.510089 2995.377246
  57.107236 2996.796567
  60.167879 2993.322726
  41.071137 2994.169406
  73.504778 2996.669627
  63.889054 2988.732376
  50.415644 2990.517810
  59.259826 2991.200938
  36.086361 2989.719526
  37.918427 2995.528249
  44.496529 2989.719778
  74.487239 2989.985281
  57.593714 2987.283068
  75.555633 2991.051410
  63.433262 2992.542662
  49.511685 2988.703995
  65.822280 2991.609028
  71.625943 2995.858003
  51.233993 2994.169681
  76.148326 2994.097543
  42.453551 2994.373296
  21.485418 2990.120663
  60.988101 2982.112688
  55.661350 2998.445666
  67.170299 2993.967076
  64.046183 2998.345847
  49.925779 2991.859855
  39.436305 2988.507020
  32.580849 2990.086652
  71.498697 2992.236993
  75.361285 2993.370731
  81.822644 2987.782280
  69.365682 2992.824360
  61.748418 2988.576280
  64.421199 2990.037894
  61.905043 2994.770243
  52.477181 2992.422782
  58.796117 2995.888566
  69.635326 2992.068999
  51.913505 2989.871300
  51.653079 2983.116197
  57.791019 2997.428417
  57.185027 2984.724597
  59.477247 2990.756634
  43.528905 2996.419256
  80.136087 2991.980997
  62.399659 2993.436201
  67.223522 2995.539834
  37.126490 2993.293150
  69.709641 2998.157313
  44.517723 2992.171888
  60.989633 2995.114464
  39.584144 2986.340723
  35.330956 2990.497033
  72.316334 2992.864862
  60.737036 2988.433640
  44.497727 2993.339153
  65.341251 2995.840093
  65.955632 2994.344516
  69.353041 2990.800287
  58.012469 2995.454892
  53.081954 2983.493364
  44.624396 2988.804087
  51.643236 2985.708912
  64.385779 2989.510507
  50.972819 2989.581019
  32.033733 2991.984357
  62.965530 2995.975519
  57.189684 2998.052914
  56.736766 2994.425286
  40.125469 2991.908932
  67.140407 2992.706119
  26.810524 2992.581593
  25.137558 2986.844975
  64.735264 2991.237104
  53.950565 2995.361263
  66.810997 2993.704964
  37.951954 2995.224163
  25.289002 2990.565723
  36.109476 2993.340017
  47.375318 2999.630941
  83.564705 2993.006828
  71.711939 2987.650854
  59.024494 2988.291812
  64.592390 2985.530939
  58.823879 2992.853406
  51.409254 2990.806958
  72.513124 2995.300618
  46.778576 2985.871776
  71.259755 2996.666220
  80.283889 2993.480744
  54.816656 2998.089506
  45.924857 2991.694470
  46.394129 2990.338962
  64.755390 2994.731125
  43.185242 2994.505991
  42.085860 2993.065186
  63.492624 2993.363082
  41.829147 2989.996170
  52.952869 2990.598168
  59.118960 2994.621762
  41.097745 2994.581936
  68.167497 2991.218870
  81.748056 2994.189790
  30.386085 2990.253941
  39.835296 2992.779652
  43.995782 2990.255910
  44.407395 2988.075468
  33.136416 2987.956248
  50.469427 2990.743507
  50.214022 2992.310085
  53.359119 2987.493838
  50.400212 2992.424894
  49.107159 2993.151345
  90.599019 2990.989011
  63.045315 2994.378136
  50.142660 2988.842920
  58.133667 2986.839521
  48.763511 2995.419975
  75.943049 2994.610054
  32.362508 2991.726179
  31.596340 2992.459753
  28.384831 2990.058331
  48.287873 2989.139114
  56.911408 2995.762136
  60.629954 2990.283350
  47.286166 2991.640008
  75.410071 2995.951999
  50.175231 2990.158234
  39.241252 2996.455201
  46.203132 2993.826711
  47.534654 2986.333659
  58.186386 2994.399079
  63.144327 2996.995928
  72.586190 2993.077376
  79.295036 2993.616423
  46.576381 2994.266373
  64.199943 2993.615347
  52.228613 2989.868843
  34.769874 2991.704383
  66.626025 2992.551360
  56.245695 2992.713959
  49.301542 2989.442448
  55.738620 2992.926571
  56.037762 2989.942896
  46.464862 2990.196758
  48.441699 2991.019859
  62.831218 2985.294264
  50.490833 2992.262511
  86.624990 2990.719553
  92.715911 2998.535620
  41.425500 2994.351935
  43.018933 2996.716413
  66.190194 2991.875968
  42.447284 2995.070960
  63.957054 2991.782398
  27.713807 2993.339570
  37.815353 2991.314558
  54.526942 2995.977530
  38.374408 2991.787085
  52.162859 2995.010986
  38.008564 2993.944890
  73.819069 2990.550410
  30.349759 2993.983225
  42.157979 2989.534104
  75.799511 2991.350232
  58.532664 2995.564831
  51.974426 2990.568297
  23.020444 2987.210664
  46.756364 2992.255678
  39.179933 2995.053695
  41.711270 2988.907530
  71.562582 2998.012965
  84.362190 2993.805807
  61.713919 2997.402600
  73.060138 2988.081761
  51.645981 2995.849474
  38.306698 2988.109328
  72.913235 2989.521192
  57.721371 2988.933515
  32.271004 2989.723353
  52.137935 2996.210889
  41.067179 2983.825112
  47.219142 2987.108153
  67.373304 2994.833648
  60.536561 2989.733670
  70.602683 2984.040077
  41.857165 2992.742708
  37.605250 2996.519692
  63.850516 2984.250649
  81.323301 2993.012388
  54.761927 2988.855395
  57.256968 2993.612723
  46.359030 2988.973463
  44.501138 2992.883487
  56.809875 2995.231465
  51.384366 2984.172420
  46.538621 2990.626222
  56.361450 2993.419013
  96.067372 2991.353513
  73.312331 2990.094916
  56.177362 2992.353004
  72.803489 2997.472620
  78.711034 2996.144200
  75.322538 2993.051320
  59.770515 2987.586316
  49.859741 2993.906115
  49.893402 2989.703652
  66.161157 2990.718814
  80.398165 2994.846798
  62.866309 2993.211261
  58.723674 2994.446682
  65.908488 2995.355931
  57.683303 2987.230508
  53.060140 2984.828392
  67.442648 2994.855770
  40.247129 2984.028414
  74.042660 2988.557158
  66.618435 2995.970707
  81.279182 2991.779128
  68.666018 2988.313374
  42.321654 2986.306278
  51.293152 2985.223325
  38.106420 2984.434385
  61.447844 2989.443139
  64.421857 2995.249327
  80.953716 2996.469036
  79.735192 2993.401998
  92.494133 2993.256858
  77.208499 2988.853904
  76.219321 2992.814354
  37.847263 2989.431189
  23.133461 2989.509662
  42.319199 2991.489081
  41.788283 2986.265632
  35.220308 2980.366892
  38.793668 2986.592320
  69.611857 2994.660162
  61.843672 2995.026470
  64.320929 2995.365276
  52.349514 2994.031060
  82.097168 2987.481768
  63.215465 2995.144201
  45.555347 2996.533095
  69.972353 2992.367799
  72.240369 3000.427675
  48.213898 2990.273969
  38.065376 2993.587423
  36.534830 2988.500770
  45.624235 2983.948247
  44.427352 2994.013539
  37.651361 2986.118168
  49.149614 2985.479748
  72.385122 2989.965017
  53.445064 2991.367847
  60.936656 2994.861691
  64.768135 2993.400522
  59.689612 2995.395493
  75.582949 2996.302263
  52.376347 2995.719945
  73.259735 2993.064627
  72.865869 2985.614525
  94.683088 2990.109595
  73.297273 2995.969057
  59.626078 2985.893706
  69.297671 2994.695399
  86.054862 2991.525819
  33.041620 2988.755550
  54.039542 2987.571491
  43.676134 2993.007638
  53.800349 2986.082365
  61.538322 2991.179508
  80.569123 2989.991149
  43.749531 2986.383530
  34.540277 2984.064439
  38.532899 2988.930308
  55.494129 2991.390516
  69.610384 2994.196904
  49.192084 2995.321942
  53.207337 2988.187090
  71.581390 2991.426814
  55.895473 2992.111338
  44.925096 2990.627512
  29.095467 2991.386326
  38.713761 2993.129108
  54.858555 2992.901351
  49.339851 2996.428063
  64.060775 2991.136281
  70.958431 2992.767407
  91.838041 2989.638887
  52.533962 2997.111216
  53.305606 2991.799043
  70.400172 2991.562469
  40.589143 2993.325265
  63.154927 3000.636163
  56.695540 2994.907127
  58.764677 2996.351798
  55.446755 2989.016855
  60.809720 2994.465297
  86.809217 2988.270033
  63.736810 2995.333940
  59.365734 2992.586247
  77.054643 2990.625360
  48.729609 2987.571606
  67.798759 2979.228371
  46.814142 2990.289443
  45.755005 2996.200942
  40.481320 2990.968898
  51.012236 2991.125064
  63.432710 2991.339818
  67.067480 2993.052306
  58.226563 2991.453373
  56.710138 2999.647495
  49.192446 2998.360752
  59.123631 2997.540060
  50.186953 2990.888005
  48.142006 2995.402845
  52.913000 2995.703251
  62.192003 2993.221367
  67.843298 2990.707651
  48.708391 2992.183627
  54.669153 2988.461291
  42.753847 2994.136840
  43.860863 2993.037437
  60.353381 2992.671017
  54.941757 2994.087689
  35.545664 2988.972559
  65.986126 2988.494401
  81.109192 2994.229635
  44.712143 2988.893306
  67.984976 2993.379314
  49.561731 2991.530543
  68.215821 2986.534862
  70.795389 2997.001013
  75.905780 2995.409980
  55.998658 2993.562593
  51.971644 2997.684188
  58.721625 2992.910214
  47.465447 2993.197734
  69.996231 2986.168271
  73.487464 2990.019314
  56.901119 2989.716412
  43.977334 2990.218340
  81.395358 2992.248753
  61.197511 2992.329037
  55.797804 2993.978657
  43.503834 2998.269298
  46.206314 2990.299001
  49.867295 2988.631577
  59.041707 2987.181718
  64.427527 2991.650764
  72.028036 2994.915619
  54.226695 2989.850100
  58.752902 2989.448911
  58.583174 2990.177619
  41.322821 2992.863886
  40.509003 2991.161841
  40.521929 2995.372313
  45.894088 2993.219363
  69.502056 2989.729681
  53.373914 2991.845040
  51.323082 2995.732674
  50.043442 2993.888815
  72.169992 2989.387806
  57.369338 2992.561028
  75.818207 2997.397338
  42.489052 2993.673666
  44.805829 2993.129796
  58.634940 2995.489597
  58.082423 2994.639630
  44.484174 2996.340798
  46.624935 2992.370735
  46.925840 2983.360879
  44.274145 2994.106288
  29.986278 2994.566628
  50.797790 2996.092403
  28.971147 2990.260909
  58.656675 2991.094571
  50.845356 2990.205654
  33.995100 2996.135382
  29.382432 2982.478835
  42.310107 2984.759240
  56.477338 2997.096207
  54.127120 2989.576853
  67.503649 2992.756294
  31.140857 2993.242778
  55.678448 2989.695892
  39.463525 2992.574590
  31.318948 2992.305951
  39.027073 2990.251089
  38.351511 2992.251201
  29.170494 2991.137321
  47.443261 2992.224674
  66.359438 2992.802226
  57.420430 2990.410551
  39.906733 2993.741252
  45.305838 2992.734470
  62.456832 2994.663104
  84.776764 2996.392295
  57.748809 2993.452915
  35.380935 2989.981606
  44.928137 2989.106246
  62.892813 2994.040956
  56.713571 2993.080560
  67.243891 2989.521818
  56.152081 2990.423490
  37.626225 3000.583432
  39.678129 2992.244913
  49.899376 2992.577630
  61.481497 2990.720976
  24.561270 2993.637775
  26.612284 2992.644019
  54.549468 2991.433846
  70.318733 2991.267164
  56.501370 2994.110996
  63.309207 2994.979869
  57.776587 2986.253594
  55.680050 2986.065154
  81.235169 2988.003143
  57.668230 2990.356835
  57.927218 2992.994291
  63.415726 2989.560036
  55.173955 2990.926650
  55.423009 2989.843613
  50.561346 2989.275001
  68.398227 2994.607917
  49.354221 2986.307727
  39.496284 2990.279066
  64.465068 2993.948303
  55.309064 2994.527596
  32.830826 2987.845892
  40.021987 2991.578878
  38.153112 2988.040461
  54.105278 2991.826904
  41.202869 2993.870402
  38.325933 2983.151697
  60.667426 2995.005582
  42.038075 2986.967435
  72.111604 2993.426757
  66.429871 2990.845050
  35.223877 2994.330981
  55.762831 2991.686193
  74.284917 2993.152942
  67.235327 2997.296121
  61.337918 2995.107887
  94.221868 2992.452585
  53.154712 2995.179921
  47.974469 2994.969190
  53.019223 2993.256474
  64.154214 2996.421171
  53.717394 2994.779117
  60.422212 2994.455638
  70.147295 2989.713831
  69.923512 2995.986964
  56.960569 2996.554702
  63.046374 2988.776555
  65.935470 2989.400992
  72.402535 2982.887564
  51.313690 2993.643962
  70.719471 2992.515538
  62.361905 2994.772969
  76.345500 2990.398524
  26.443237 2990.178352
  59.027261 2991.294285
  42.677494 2991.522845
  61.067679 2986.094130
  37.293473 2993.307444
  56.137929 2996.524141
  66.282235 2991.297871
  59.707011 2984.637235
  85.167051 2998.282934
 101.886268 2990.113732
  64.448710 2990.311687
  55.387868 2990.280391
  70.589884 2990.779217
  57.092374 2996.143814
  65.753552 2997.055485
  86.034000 2991.518292
  54.645678 2996.946567
  88.983571 2990.744612
  42.103693 2992.787265
  70.344242 2995.097206
  39.821253 2993.291304
  52.152449 2996.393831
  27.597734 2990.254231
  44.532760 2990.564665
  46.197575 2990.271100
  73.168846 2992.382406
  58.048970 2988.591462
  84.555083 2996.905813
  65.373364 2996.117057
  56.152449 2996.255026
  35.065548 2990.867070
 110.676411 2992.371716
  90.530700 2988.993154
  68.318691 2993.578895
  85.147926 2994.089003
  54.942475 2993.522575
  42.172020 2988.606905
  43.512805 2994.633276
  53.795569 2990.657009
  57.584911 2993.418824
  61.662979 2990.531643
  56.721944 2997.154331
  35.603920 2992.916213
  67.875148 2994.367991
  38.415500 2996.714599
  47.740024 2991.158217
  51.871828 2991.848581
  67.325588 2989.458702
  70.166597 2990.773370
  54.769494 2990.498632
  83.265782 2992.502598
  64.108601 2991.191804
  53.453521 2992.772070
  72.419299 2995.783875
  79.421705 2988.475997
  42.771999 2988.199354
  42.484869 2994.401543
  42.574072 2994.561747
  71.166873 2994.384233
  42.130904 2992.025842
  73.802149 2988.841699
  57.959774 2989.019878
  70.478298 2992.179033
  62.492244 2981.829822
  40.815979 2988.217609
  49.210974 2983.584040
  44.888911 2989.009402
  39.986806 2995.670804
  46.943345 2995.089879
  77.577418 2990.824744
  57.001098 2993.497087
  48.123738 2994.399737
 110.392090 2992.573470
  66.604988 2999.274742
  39.700196 2992.064247
  55.153293 2994.430317
  63.222310 2994.644429
  93.160788 2993.620432
 109.993484 2991.373599
  79.248347 2992.758398
  52.578292 2988.326779
  49.945481 2993.916795
  44.212592 2993.496484
  72.945198 2989.392564
  50.232371 2991.231228
  50.918902 2991.656719
  46.859421 2987.349500
  61.324034 2992.479117
  45.447152 2988.214671
  43.335036 2993.557439
  41.268496 2986.742894
  37.569475 2990.652732
  49.774183 2990.361677
  39.561112 2987.699624
  35.017110 2992.965213
  45.035436 2994.115885
  77.846340 2993.128127
  79.258215 2989.769667
  48.328471 2994.746104
  47.904800 2996.166227
  68.667619 2986.586628
  35.694340 2997.511837
  49.740113 2997.119188
  57.251484 2991.816355
  62.221597 2992.562494
  53.194805 2995.252289
  45.985552 2991.963744
  47.264160 2991.328258
  47.396425 2988.620283
  48.964298 2998.048418
  58.577170 2998.556852
  40.465912 2987.597604
  44.245811 2996.890447
  89.048523 2995.552289
  45.503712 2995.748937
  66.560779 2991.424259
  45.821566 2994.843278
  49.678453 2988.978658
  75.481345 2993.260928
  55.827469 2992.043023
  67.870293 2989.354114
  41.706747 2990.402544
  61.409065 2995.530118
  48.983941 2995.900341
  41.385145 2989.776176
  59.088819 2991.369827
  59.745717 2995.345324
  70.693997 2993.160696
  44.318612 2989.406674
  51.356766 2993.618639
  86.482810 2987.374613
  67.007492 2997.183196
  69.853675 2990.695840
  57.610818 2990.949057
  56.247518 2991.095699
  43.365311 2989.831835
  51.887189 2991.429942
  87.018755 2991.438245
  83.341282 2992.806455
  42.507147 2994.488198
  53.696004 2993.261042
  48.104706 2992.495030
  67.583806 2991.168423
  63.432205 2994.796914
  39.104533 2995.269207
  31.093905 2992.455461
  66.463519 2992.480715
  50.799162 2989.750542
  60.205947 2991.171025
  49.975017 2993.752165
  38.736989 2992.184560
  53.353911 2987.220697
  37.874906 2992.440221
  37.060701 2988.220427
  86.821423 2987.593936
  58.437638 2991.986272
  57.898595 2987.554716
  29.554665 2976.238062
  49.930395 2990.322459
  42.514545 2984.645176
  54.072453 2994.353791
  56.625742 2995.340858
  65.102785 2986.385255
  41.529409 2984.473200
  38.474507 2994.406800
  65.139996 2986.415236
  54.391995 2990.852091
  66.766524 2987.744587
  56.027718 2990.422045
  41.429721 2987.636246
  69.605029 2992.139205
  65.125729 2994.111636
  47.108871 2997.555907
  56.002717 2985.841064
  54.126434 2991.150737
  52.625945 2993.914949
  69.390363 2996.852988
  42.628716 2990.155842
  36.154988 2994.327747
  39.263214 2991.972394
  54.078432 2988.126064
  82.669616 2986.144024
  86.088190 2993.374422
  40.184458 2996.713095
  51.033423 2986.540499
  37.149897 2988.687954
  36.603902 2988.933236
  67.565238 2996.097897
  62.386651 2995.384868
  48.288738 2995.185265
  46.691330 2995.516270
  54.287578 2994.195221
  60.356882 2998.657543
  47.252964 2988.709468
  37.024193 2990.927780
  61.608462 2991.422005
  55.244996 2989.876310
  59.277535 2993.317836
  52.112825 2995.036016
  53.852675 2991.290483
  56.955835 2994.704412
  52.261822 2995.667700
  60.784956 2988.465220
  85.905898 2996.338929
  72.806645 2989.248908
  80.589465 2988.002276
  62.445661 2983.430670
  61.325061 2995.183012
  55.936550 2989.211084
  56.916328 2996.105804
  69.927814 2995.948855
  60.878610 2990.531074
  29.529741 2988.363933
  42.793765 2990.235087
  57.306297 2991.814555
  51.559807 2995.702968
  43.478491 2993.803203
  75.240861 2991.864135
  63.232440 2989.120935
  47.793857 2991.353584
  76.859497 2992.552466
  56.342658 2994.852691
  48.858265 2987.616106
  52.698370 2989.859799
  53.093026 2997.681573
  56.521929 2991.134849
  52.303820 2990.875390
  45.047169 2989.898616
  60.362215 2992.725533
  71.191906 2996.883209
  52.353469 2993.747866
  36.307275 2990.427595
  39.595556 2990.262246
 100.409389 2993.692524
  66.334108 2990.477766
  79.199192 2995.103320
  69.955234 2992.337148
  50.576359 2996.776121
  65.434491 2988.116143
  46.240865 2993.483924
  46.145546 2987.440420
  44.773001 2988.488070
  38.171841 2990.192308
  39.325541 2991.104524
  32.161143 2995.501197
  70.855639 2996.039550
  74.254369 2988.414180
  40.536667 2995.528147
  56.493545 2986.121192
  42.405909 2991.822229
  61.394234 2990.705147
  70.115641 2991.058122
  58.958036 2992.010798
  66.401305 2992.886073
  30.669569 2991.908001
  48.069947 2989.966716
  41.287601 2990.935111
  74.057501 2993.909746
  84.201576 2989.732485
  67.960997 2996.498353
  56.328060 2988.039527
  42.750741 2994.842585
  29.686343 2991.710798
  52.404682 2997.781175
  36.213311 2987.802754
  60.993475 2982.577368
  52.089176 2990.144232
  73.276411 2991.763799
  72.182139 2989.324765
  63.138518 2997.159763
  60.964932 2987.644496
  71.429998 2991.126365
  67.457902 2993.725403
  73.122233 2989.671941
  36.473160 2987.765138
  77.780500 2995.862697
  70.271142 2993.464148
  52.403251 2990.883106
  73.911687 2986.042097
  43.583143 2985.886842
  49.166554 2986.396670
  59.277308 2998.298246
  52.089477 2993.198935
  24.542186 2989.829091
  45.520601 2993.187039
  27.717026 2988.305789
  44.164196 2990.383211
  36.463400 2992.828937
  38.976636 2989.776177
  56.182185 2986.436708
  47.982465 2983.626797
  43.154982 2990.070825
  62.378893 2990.090970
  47.647522 2996.224366
  64.320657 2993.891799
  59.030704 2993.946551
  46.833077 2990.084616
  50.396581 2994.807101
  55.282348 2995.662070
  45.905868 2987.869939
  66.171304 2993.034920
  71.882687 2997.312798
  82.989139 2987.955550
  47.190087 2994.809595
  28.492245 2992.409639
  67.787069 2995.319668
  29.160893 2991.861405
  72.412292 2994.684651
  48.686001 2999.716892
  50.112957 2991.824491
  49.368907 2991.278826
  36.110261 2995.929751
  30.370156 2998.460352
  63.951676 2993.064812
  74.511435 2987.856218
  58.349789 2995.249372
  59.194005 2993.055963
  52.833890 2989.458210
  81.691125 2992.294216
  72.836807 2984.640756
  86.704787 2996.538066
  49.746294 2993.344133
  47.725145 2995.945963
  34.758088 2992.310423
  74.937205 2988.138663
  46.621712 2989.295610
  58.772471 2990.847002
  36.258822 2983.617733
  62.011459 2990.191385
  39.969547 2991.822804
  46.353150 2993.672265
  65.996796 2998.339928
  55.327573 2997.629653
  77.029959 2992.816295
  41.593785 2991.693271
  53.266564 2991.420807
  52.974320 2996.691208
  74.649928 2995.136012
  58.245878 2994.541347
  32.727341 2991.798304
  18.616511 2991.780505
  38.314321 2982.960747
  42.264274 2991.729943
  57.160589 2987.367396
  59.271269 2989.159883
  72.660893 2992.455915
  34.186515 2983.755047
  41.948087 2984.998119
  31.000221 2989.727534
  38.829517 2993.923476
  47.244981 2991.979738
  30.717713 2994.674751
  45.842214 2994.828250
  41.277869 2988.667672
  54.498283 2989.564716
  62.034975 2994.218467
  66.531238 2993.060720
  54.739951 2991.641636
  47.250665 2991.258411
  41.218485 2984.433584
  48.093245 2985.978498
  52.748752 2994.521404
  47.197438 2992.101261
  35.980754 2997.384787
  48.846262 2985.653087
  85.335513 2998.321572
  59.952258 2988.923980
  40.807693 2987.323026
  50.167854 2988.439508
  62.124742 2990.262402
  37.814323 2993.935491
  80.533883 2991.559673
  71.911095 2996.918774
  53.122680 2995.003075
  41.238118 2990.386253
  34.362797 2986.270130
  56.093127 2994.771963
  64.958074 2995.724810
  65.018026 2994.759280
  58.474324 2993.193470
  55.937436 2991.452354
  71.045466 2992.479731
  80.461776 2989.676509
  46.908854 2996.071960
  66.000498 2991.443342
  75.262985 2995.131615
  48.308385 2984.839970
  53.589994 2989.440275
  64.521788 2987.784447
  50.241002 2993.777745
  62.203723 2996.586026
  40.373314 2994.004011
  41.579704 2989.476601
  39.701478 2993.434079
  39.027481 2994.094658
  29.766925 2993.182185
  33.687068 2998.514944
  49.114200 2997.200644
  -0.311666 2993.707161
  27.389569 2992.723990
  13.732884 2993.683816
  47.546871 2988.732149
  49.568687 2995.835663
  42.741082 2993.464857
  34.136164 2991.341865
  35.792665 2992.534934
  65.066674 2996.518747
  67.238709 2997.335046
  35.262918 2988.792176
  60.896152 2992.030390
  46.893335 2993.228696
  55.281558 2992.833183
  52.439395 2990.723494
  40.377233 2987.228916
  46.876016 2993.277841
  62.298227 2989.623314
  49.342361 2991.700567
  67.365208 2994.899794
  68.165233 2995.551419
  52.390780 2991.106424
  64.498700 2994.829093
  69.353482 2992.070006
  58.202658 2991.023944
  84.868912 2989.716719
  52.963297 2991.688557
  29.348258 2990.839830
  67.547587 2996.787050
  55.322694 2992.804446
  58.914168 2988.270669
  67.016789 2991.569826
  91.614209 2995.738901
  58.525342 2986.086420
  44.463779 2992.712134
  60.480769 2989.305713
  77.477785 2995.845377
  65.256263 2989.426628
  75.893708 2991.778197
  60.146988 2993.605304
  45.654290 2988.664374
  72.316057 2993.477390
  78.769558 2996.702526
  59.120220 2990.391006
  47.997116 2991.627754
  71.072741 2989.530214
  40.729775 2992.205995
  40.898347 2994.643222
  61.442116 2990.642820
  42.903850 2991.874647
  33.458417 2995.353905
  63.909435 2990.857576
  43.817830 2991.480435
  69.103300 2991.889071
  73.544314 2993.739959
  73.102359 2981.711433
  73.958367 2995.903506
  46.152764 2989.854955
  44.137265 2989.869304
  58.194442 2986.203906
  99.441562 2994.988274
  59.636387 2994.874042
  66.570579 2991.796795
 106.369436 2994.262324
  75.008155 2990.666650
  64.841633 2993.195680
  53.234759 2987.871120
  52.045967 2989.812699
  45.995514 2996.512892
  57.199161 2993.786047
  41.112166 2991.084183
  54.929010 2991.031828
  33.168722 2989.026468
  42.221825 2991.645843
  30.292758 2990.698070
  34.194287 2993.610894
  37.558135 2993.384807
  31.602079 2989.324435
  65.687966 2995.760051
  26.805995 2991.574351
  52.737569 2988.946272
  70.537888 2983.922537
  92.534462 2985.011719
 117.962708 2985.491107
  76.341955 2984.992178
  53.636755 2991.933797
  37.648998 2989.935393
  64.697637 2992.829677
  52.098885 2988.728015
  49.276246 2992.687899
  40.331961 2989.185377
  53.747038 2987.439634
  49.373841 2988.671127
  56.786708 2993.716757
  29.732767 2986.906903
  36.251307 2986.711205
  48.761183 2987.108487
  50.566670 2981.170731
  56.734126 2991.424926
  58.598645 2990.289849
  41.354168 2988.932461
  44.389548 2997.253756
  37.093443 2988.608001
  54.488886 2989.213942
  71.139352 2992.559645
  37.462360 2989.242500
  32.183804 2991.474604
  22.320093 2993.142058
  54.586556 2992.239010
  35.960951 2992.070923
  85.882156 2994.545686
  71.514316 2991.229522
  45.640585 2992.999769
  45.579558 2990.223099
  67.471478 2992.322565
  64.339001 2994.586700
  48.332513 2989.842261
  53.865095 2990.522502
  49.572518 2992.720790
  32.740415 2993.470805
  52.161750 2987.082822
  81.557474 2993.581625
  37.859393 2995.189744
  36.996407 2995.177649
  48.086538 2987.400365
  55.931158 2990.897867
  58.439199 2992.624113
  53.213325 2983.353556
  92.242898 2988.013627
  60.400538 2989.917416
  32.292331 2995.060145
  72.581354 2996.730565
  38.688332 2990.150301
  47.893650 2993.281360
  39.409674 2992.958175
  96.463862 2992.350031
  87.353758 2989.777197
  62.323986 2993.035096
  70.032554 2992.926344
  51.850773 2992.926141
  71.074833 2995.280793
  60.054345 2988.079493
  38.510650 2994.688417
  40.728931 2991.545335
  59.672333 2989.361909
  40.068015 2993.701140
  51.833335 2994.076664
  78.569762 2994.276945
  67.382793 2990.648795
  55.291679 2990.781721
  44.126156 2992.228336
  52.330943 2989.696002
  49.167425 2995.132972
  70.892243 2996.754704
  51.232118 2986.963108
  62.004013 2992.881788
  42.536353 2991.169230
  73.790612 2988.841693
  62.297564 2986.731495
  52.615556 2989.785698
  84.818748 2987.216408
  56.072090 2990.053778
  58.758021 2990.080684
  42.026625 2990.673373
  72.069379 2995.450380
  42.837302 2993.180336
  55.741599 2996.685957
  44.357847 2996.501937
  46.824954 2993.227887
  63.231181 2985.992346
  53.802773 2989.220460
  68.610308 2995.180988
  63.612530 2989.134266
  47.088370 2993.395602
  74.903945 2992.764666
  49.067891 2990.718455
  66.923230 2986.018973
  58.302766 2991.153113
  73.759305 2980.329368
  44.257505 2996.476943
  66.884477 2993.647444
  52.613935 2994.898514
  72.990015 2997.560816
  64.386782 2990.696096
  63.426275 2990.876829
  46.813066 2994.163986
  53.401262 2992.418199
  37.676475 2988.674635
  58.226521 2983.368850
  25.108074 2991.748093
  49.199686 2992.505788
  70.048387 2995.056668
 101.424322 2988.512735
  93.705764 2988.010519
  56.573045 2988.722345
  49.569231 2989.048215
  57.254753 2990.972666
  52.318881 2990.547072
  44.994092 2997.021829
  21.133833 2989.954010
  63.807181 2994.909032
  43.109492 2995.358290
  59.336991 2994.782770
  43.426227 2989.937718
  56.423970 2995.580557
  51.016019 2981.528759
  52.111800 2993.686736
  53.725006 2997.126513
  37.305911 2996.406901
  55.733058 2992.578009
  59.775016 2991.208089
  47.596247 2992.362714
  70.237782 2994.203378
  80.699997 2995.029674
  62.054690 2986.840685
  56.978280 2992.023973
  32.909270 2993.204313
  46.087365 2991.521011
  79.345052 2993.767377
  68.430533 2987.393135
  73.979172 2993.723425
  62.993960 2987.276055
  61.754382 2999.261788
  85.428180 2994.773254
  49.563234 2997.574950
  55.683946 2984.116902
  91.051833 2992.992489
  60.905668 2992.741146
  25.771833 2991.078865
  39.214174 2993.425245
  45.263762 2994.630588
  44.962551 2996.385070
  41.924224 2992.669317
  42.618776 2988.122760
  39.531235 2988.754873
  55.586729 2982.646168
  53.854639 2992.563117
  47.204693 2996.877236
  54.222448 2995.176133
  41.007615 2993.463497
  48.747970 2994.346715
  62.628704 2991.043487
  66.386152 2995.149432
  75.507341 2996.357959
  54.789068 2992.461770
  69.048419 2990.062965
  51.880541 2984.671361
  24.868757 2990.796010
  51.219740 2988.998935
  41.845657 2996.173296
  73.290415 2994.409004
  56.669038 2989.551033
  69.713368 2990.919847
  54.992885 2995.109415
  66.171801 2994.659282
  56.717712 2989.500676
  53.572758 2991.543673
  36.878849 2988.250369
  55.035588 2996.157058
  38.775265 2992.959535
  43.407133 2990.343404
  45.094244 2987.292156
  50.469197 2990.738373
  48.866425 2992.915556
  62.186071 2995.751700
  53.995143 2992.270399
  55.617878 2994.153383
  57.562198 2993.914558
  57.042178 2995.551143
  59.590111 2984.883459
  62.102345 2997.446255
  51.939563 2997.383739
  53.023619 2985.634679
  53.352615 2992.885783
  33.040804 2994.587204
  68.651190 2985.238037
  59.839270 2996.887972
  66.537742 2989.239944
  61.704305 2991.770712
  39.357661 2997.139491
  48.929251 2991.461285
  68.340021 2988.610019
  57.096664 2991.128862
  58.676019 2991.366234
  49.835120 2997.308083
  50.950894 2995.312270
  48.591178 2990.014873
  66.331983 2989.608575
  66.589241 2994.431334
  44.970725 2989.607864
  59.957265 2989.492389
  62.408157 2994.634619
  66.199085 2995.896055
  69.496562 2997.613237
  51.950131 2991.000944
  85.451870 2992.839727
  39.540416 2993.907499
  48.850235 2993.858927
  46.135426 2993.992596
  39.068367 2991.644568
  44.304156 2995.273804
  43.004079 2993.308077
  44.900094 2990.768387
  49.939812 2996.179070
  45.015458 2990.718992
  53.294539 2991.490735
  68.767108 2994.607775
  65.465268 2994.618639
  64.864843 2993.862994
  87.237781 2989.378579
  70.587090 2994.419469
  70.713571 2991.388831
  63.776949 2995.093217
  42.184417 2993.104559
  44.146451 2988.113535
  54.818521 2992.666030
  68.544780 2987.149680
  65.352757 2991.918885
  52.399507 2991.753870
  54.679395 2995.451268
  46.868586 2997.540130
  38.198140 2993.953983
  29.652751 2991.582777
  53.012378 2991.654350
  39.200391 2991.146757
  59.418329 2993.126631
  46.139473 2997.649558
  35.226234 2985.651905
  42.800116 2996.924462
  37.319472 2995.940912
  42.211690 2992.162633
  48.567559 2990.929875
  66.380558 2994.022044
  65.266038 2990.903969
  33.704560 2993.626225
  68.317387 2992.894596
  68.032063 2996.544681
  59.389519 2988.036065
  73.956803 2991.632111
  44.538318 2994.961715
  62.222892 2988.084010
  83.548054 2990.944888
  51.132075 2993.518829
  65.860059 2995.015324
  65.963606 2996.682827
  55.276812 2992.793431
  47.140125 2992.350380
  43.449264 2995.226444
  44.132156 2996.586655
  33.384572 2991.839317
