   0.126133 1997.002851
   0.126867 2151.126214
   0.127549 2079.134845
   0.127062 2093.966183
   0.133708 2127.278876
   0.129013 2006.006958
   0.128909 2041.362288
   0.133247 2057.457937
   0.136807 2143.630639
   0.138335 2071.870575
   0.128831 2078.284258
   0.132206 2183.176306
   0.130231 2167.411995
   0.131067 2092.617367
   0.130713 1916.352229
   0.132073 2011.354966
   0.126653 2119.350840
   0.123136 2070.802183
   0.125327 2156.611940
   0.128357 2005.722506
   0.128351 2153.663048
   0.124096 2071.300701
   0.123643 2071.357296
   0.122836 2103.219089
   0.123405 2055.354114
   0.126026 2123.880536
   0.128651 1952.826223
   0.128018 2107.908707
   0.131535 2042.127206
   0.131582 1835.908464
   0.130351 2115.452109
   0.131966 2256.527282
   0.131163 2003.427500
   0.132714 2100.427277
   0.135155 2098.445926
   0.132124 2221.490681
   0.130213 2229.116125
   0.132863 2073.564390
   0.136177 2258.280567
   0.133708 2094.872730
   0.131767 2007.308833
   0.132719 2128.725729
   0.135801 1953.948510
   0.134445 1988.610851
   0.141067 2116.353801
   0.139212 1968.649387
   0.135700 1957.445201
   0.135085 1934.011102
   0.138324 2006.927320
   0.138128 2107.106261
   0.133183 1905.412103
   0.128718 1903.909742
   0.128545 2197.482806
   0.130469 2171.813025
   0.127062 2018.045229
   0.128483 2124.064737
   0.129895 2133.370515
   0.126716 2232.430177
   0.128422 1967.316050
   0.130812 2151.480320
   0.134506 2077.555519
   0.132267 2153.635945
   0.132632 2178.099339
   0.131161 1943.018291
   0.137845 1916.840627
   0.136187 2176.860646
   0.139439 1998.487576
   0.139747 1990.065945
   0.135654 1932.204867
   0.138058 2030.444508
   0.142305 2027.331664
   0.138400 2199.061534
   0.135472 2077.324508
   0.134736 1752.231405
   0.128642 2114.927103
   0.129365 2061.998029
   0.130122 2106.509056
   0.127847 2178.395769
   0.131076 2049.418213
   0.132355 1998.549279
   0.130796 2138.542345
   0.130484 2053.607236
   0.132512 1971.313899
   0.138606 2096.247607
   0.138982 2076.296497
   0.141315 2261.716968
   0.134276 2114.711198
   0.130739 2201.056908
   0.138928 2070.867807
   0.140470 2141.054064
   0.135532 1978.137339
   0.137755 2025.171862
   0.137233 2106.765009
   0.144596 2110.443255
   0.146407 2126.481249
   0.138361 1992.629520
   0.140277 2243.235819
   0.137449 1968.389186
   0.135030 2257.440831
   0.137010 2153.350755
   0.137067 2060.103957
   0.138691 2204.775574
   0.139683 2077.533959
   0.136593 2112.022325
   0.134798 2206.613364
   0.135795 2148.487306
   0.139041 2124.306291
   0.140806 2064.943386
   0.143352 1951.218222
   0.138446 2271.833493
   0.140674 1926.669619
   0.144969 2357.669232
   0.145144 2118.613996
   0.139990 2014.967276
   0.145848 2148.762114
   0.140904 2202.270432
   0.138404 2038.582991
   0.135403 2195.688210
   0.136023 1917.403237
   0.133450 2076.177498
   0.137238 2009.299615
   0.137159 1993.866425
   0.138359 1986.100417
   0.136965 2315.082237
   0.137621 2062.337926
   0.132515 1957.206547
   0.131208 2048.306160
   0.130774 1991.386254
   0.133395 2094.028360
   0.131314 2196.230363
   0.135972 2025.121467
   0.132866 1999.499293
   0.134116 2015.443682
   0.139461 2181.747030
   0.138785 2212.198149
   0.137811 2113.640213
   0.139517 2029.041661
   0.136530 2093.319041
   0.135356 1968.992825
   0.139619 2006.661959
   0.136147 2222.306673
   0.142712 2064.610415
   0.140302 2003.316666
   0.145076 2130.556794
   0.152128 2178.857772
   0.147375 2063.718207
   0.154637 2216.238423
   0.154534 1912.242765
   0.153956 2127.257370
   0.156031 1988.068076
   0.161492 2004.241949
   0.160474 2242.518838
   0.164802 2189.586584
   0.158707 2111.505297
   0.157720 2010.876257
   0.159033 1904.941580
   0.161043 2030.598135
   0.144614 2081.880012
   0.146433 2101.125194
   0.136231 2050.257570
   0.137216 2087.979212
   0.133825 2331.040770
   0.133932 2128.250697
   0.133210 2072.340620
   0.137911 2312.149605
   0.134794 2359.832307
   0.125330 2243.308091
   0.125137 2035.499391
   0.129815 2135.845368
   0.130007 2138.786638
   0.127545 2051.540724
   0.127350 2110.701416
   0.130214 2267.825061
   0.136382 2083.550086
   0.135840 2107.731500
   0.139324 1889.618079
   0.132017 2020.628274
   0.126010 2251.744942
   0.125717 2050.913075
   0.127468 2230.006386
   0.130324 2213.847506
   0.131577 2147.443644
   0.131457 2078.968659
   0.132887 2145.715190
   0.133665 2168.769508
   0.134386 2118.566864
   0.139963 2053.843156
   0.134820 1963.379834
   0.133591 2150.460718
   0.131360 2361.844415
   0.134635 2072.011006
   0.136340 2170.432936
   0.133404 2106.101514
   0.133840 2132.770508
   0.134424 2224.964962
   0.137535 2132.754252
   0.138189 2160.881844
   0.144480 2127.976159
   0.148134 2192.220399
   0.143087 2169.653223
   0.142948 2089.082174
   0.147112 2056.680327
   0.147958 2125.806873
   0.145136 2153.125301
   0.143284 2129.908095
   0.144779 2071.790342
   0.145014 2078.638889
   0.144162 2487.633471
   0.148474 1936.694797
   0.150920 2072.523398
   0.150508 2051.360591
   0.138600 2266.255395
   0.137811 2118.127960
   0.140380 2014.429995
   0.142290 2277.718073
   0.143426 2107.721281
   0.144195 2111.558039
   0.151852 1991.439979
   0.153306 2182.732947
   0.153930 2185.139301
   0.152034 2047.466879
   0.147863 2146.390714
   0.147067 2070.558372
   0.143604 2164.538895
   0.139672 2125.187807
   0.139166 2065.032188
   0.141472 2093.759372
   0.133950 1978.599191
   0.139419 2017.796436
   0.138367 2086.016516
   0.135547 2002.304782
   0.136552 2153.675282
   0.134829 2118.965041
   0.137742 2075.838309
   0.142561 2169.180768
   0.145220 2062.970669
   0.146799 2026.643314
   0.150236 1980.415670
   0.156634 2160.059958
   0.153449 1973.864219
   0.152516 2073.419555
   0.152947 1844.651730
   0.149620 2287.303499
   0.150013 1905.045988
   0.150404 2163.721611
   0.148827 2015.055158
   0.146955 2067.024532
   0.155184 2029.807171
   0.152169 2024.629989
   0.159396 2097.051877
   0.162009 1943.068764
   0.155042 2140.893392
   0.156763 2228.766583
   0.157509 2085.668433
   0.148853 2061.326799
   0.146259 2129.160388
   0.145388 2068.228123
   0.156159 2071.371663
   0.156497 2190.156284
   0.157229 2017.120094
   0.158515 2198.978661
   0.154978 2022.236964
   0.148180 2103.347345
   0.149620 2173.223541
   0.148938 1957.105070
   0.149422 2084.724616
   0.148996 2177.691820
   0.150355 1962.783926
   0.144539 2204.744619
   0.141196 2159.051121
   0.142734 1968.260515
   0.134034 2098.749852
   0.136050 2125.314577
   0.135901 1990.915364
   0.133375 2101.427930
   0.131399 1891.110650
   0.128693 2018.490764
   0.128889 1917.427232
   0.123385 2189.528613
   0.125111 2064.272585
   0.123851 2037.600807
   0.125400 2186.867021
   0.125024 1984.590037
   0.125865 1984.382693
   0.129214 2145.250913
   0.130559 2044.124333
   0.123509 2060.994046
   0.123956 2001.263097
   0.123501 2146.239991
   0.124305 2181.490411
   0.126037 2128.630251
   0.125537 2051.227042
   0.124891 2195.669895
   0.124971 2207.157067
   0.125613 2165.245643
   0.121728 2174.382111
   0.120419 2167.608946
   0.121468 1979.728265
   0.124251 2031.504898
   0.127383 2152.997008
   0.127205 2000.858275
   0.132831 1887.252402
   0.139919 2045.129326
   0.139536 2040.843952
   0.138973 2108.404974
   0.137812 1980.378034
   0.136751 2162.851434
   0.137473 2178.866510
   0.135378 2005.665804
   0.133089 2158.533477
   0.136876 2069.383935
   0.136457 2036.335372
   0.134915 2215.409994
   0.135772 2110.158391
   0.137951 1988.547723
   0.136571 2063.443933
   0.133808 2052.404307
   0.130531 2013.607755
   0.126544 2025.538789
   0.124297 2049.374354
   0.124232 2228.582516
   0.127242 1910.711708
   0.134594 2077.877532
   0.136353 1964.951306
   0.140111 2066.561872
   0.136415 2044.796144
   0.135512 2127.624378
   0.140121 2029.115341
   0.138988 2044.014963
   0.142835 1930.918670
   0.146566 2217.862710
   0.143545 2003.735828
   0.146972 1984.480951
   0.146383 2089.963856
   0.141478 2069.470210
   0.142121 2021.870965
   0.141454 2323.914768
   0.137200 2127.648578
   0.143816 2167.207812
   0.145104 2276.072489
   0.148111 2131.587311
   0.148909 2182.071233
   0.149590 2067.549903
   0.146088 2175.448143
   0.141220 2205.708221
   0.136604 2115.108050
   0.137555 2065.494566
   0.138449 2176.112956
   0.139699 1923.120098
   0.140575 2207.131334
   0.146274 2078.525660
   0.144066 2028.718387
   0.147570 1994.704702
   0.139630 1983.294404
   0.143117 2023.960614
   0.142909 1983.039407
   0.144830 1947.088139
   0.142342 2105.507025
   0.145127 1919.879856
   0.151272 2159.595944
   0.149614 2058.947879
   0.149349 2052.731544
   0.153760 2086.766708
   0.152404 2127.464426
   0.161519 2011.738911
   0.157615 2111.997086
   0.155327 2038.041765
   0.147029 2310.555608
   0.142481 2001.000179
   0.146008 2000.643243
   0.143545 2109.099744
   0.148425 1959.227140
   0.145913 2144.812723
   0.142069 2028.042868
   0.146228 2041.597723
   0.145243 2047.467444
   0.146108 2021.850325
   0.141084 1852.316013
   0.138540 2242.310248
   0.137751 1996.232696
   0.138210 2016.500754
   0.143113 2119.671496
   0.145025 1997.343574
   0.146390 1948.666870
   0.147364 2121.064609
   0.154101 2066.606751
   0.150689 2015.232836
   0.147242 2030.716136
   0.138455 2128.423702
   0.141055 2099.760338
   0.141018 2155.397582
   0.140793 1993.188168
   0.141312 1955.029639
   0.140900 2203.428981
   0.137390 1945.226262
   0.138787 2025.023320
   0.133785 2079.698071
   0.131571 1940.406852
   0.131567 2052.654569
   0.135805 2261.022939
   0.137418 2251.368926
   0.135308 2153.290185
   0.133324 2135.622336
   0.137020 1990.697867
   0.139683 2097.289625
   0.139188 2118.897637
   0.144960 1873.295690
   0.139592 2022.597571
   0.138466 2088.319288
   0.139805 2155.790606
   0.140304 2100.093586
   0.139168 2154.348450
   0.136451 2290.756234
   0.129169 2064.159858
   0.137267 2123.953323
   0.137695 2237.294806
   0.134576 2130.863605
   0.135165 2022.764359
   0.135922 2093.100095
   0.132272 2102.215423
   0.132235 2340.451117
   0.137183 2060.734054
   0.136736 2137.446108
   0.136647 2075.890675
   0.134019 1846.487550
   0.134486 2116.166511
   0.133029 2068.634919
   0.131945 2079.474264
   0.127062 2199.821944
   0.127004 2180.294080
   0.131961 2056.277955
   0.135846 2165.198080
   0.138585 1941.921593
   0.140746 1911.652927
   0.144557 2158.592467
   0.140994 2186.258807
   0.138793 2123.681341
   0.138281 2129.966973
   0.136273 2220.534246
   0.136165 2143.317581
   0.137017 1981.096671
   0.136336 2075.986947
   0.131599 1919.955030
   0.129075 2127.953359
   0.131410 2053.107266
   0.128842 2299.319305
   0.123794 1982.658519
   0.124055 2077.555877
   0.123528 2238.785483
   0.129175 2016.658575
   0.132587 2100.554527
   0.126786 2328.580657
   0.128559 2172.852225
   0.127038 2174.012869
   0.133936 2013.965499
   0.137248 2132.962632
   0.141810 2154.029866
   0.145053 2080.913115
   0.143931 2126.832578
   0.144996 2153.023032
   0.140477 2234.466770
   0.135711 2038.193569
   0.137373 2136.113295
   0.135830 2256.536781
   0.140901 1988.599199
   0.136368 2064.522179
   0.139377 2054.649273
   0.138417 2157.827235
   0.141232 2033.526623
   0.138326 2239.776240
   0.138823 2070.155691
   0.140192 2189.763408
   0.147360 2087.289401
   0.157947 2114.972671
   0.152948 2166.817521
   0.157321 2225.334900
   0.152697 2034.390664
   0.147510 2064.867090
   0.151340 1964.004526
   0.156394 2173.805636
   0.157686 2242.125073
   0.151812 2231.811786
   0.157292 2113.950205
   0.150497 2152.920380
   0.153841 2182.686598
   0.141549 2228.436960
   0.136476 2044.808527
   0.138466 2039.428615
   0.135547 2024.136423
   0.141218 2017.499351
   0.143530 2146.371946
   0.149898 2143.340011
   0.145940 2154.033586
   0.145565 2014.203423
   0.143177 2097.726611
   0.147655 2037.646235
   0.149567 2094.033950
   0.145359 2307.220192
   0.146900 2196.590167
   0.147072 2209.698396
   0.149200 2058.451030
   0.146843 2002.904413
   0.145851 1903.867540
   0.146169 2042.452637
   0.143399 2238.497788
   0.139274 2028.767889
   0.150139 2095.133333
   0.144598 2096.002922
   0.144775 2075.578712
   0.146318 1961.727705
   0.146426 2084.371421
   0.149723 1931.967953
   0.143950 2034.355831
   0.149434 2272.261048
   0.149285 2251.009589
   0.148701 2088.771126
   0.147327 2112.317589
   0.149085 2205.991530
   0.145408 2122.651045
   0.145406 2096.738178
   0.150446 2069.941361
   0.150933 2227.968181
   0.142767 2156.657381
   0.138239 2197.652376
   0.133782 2150.155541
   0.136839 2064.471303
   0.139572 2130.950738
   0.139658 2173.666787
   0.130748 2004.891394
   0.129987 1988.521574
   0.131977 2015.461034
   0.130962 2046.746946
   0.129901 2019.366462
   0.129755 2390.635934
   0.132301 2073.914073
   0.133313 2225.598251
   0.139768 2012.715901
   0.136589 2270.680102
   0.140049 2071.966034
   0.140601 2048.964374
   0.145265 1874.157257
   0.140152 2006.948138
   0.141530 2070.635980
   0.138300 1975.952954
   0.142563 2061.613978
   0.139331 2056.668963
   0.135700 1996.204288
   0.136742 2029.106114
   0.140697 2071.599207
   0.141471 2234.919373
   0.141767 2048.889979
   0.144320 2303.403332
   0.146333 2071.638207
   0.144529 2073.638075
   0.140011 2207.374918
   0.141587 1913.194158
   0.145376 1832.623985
   0.144037 2202.323167
   0.149956 2107.426906
   0.148521 2208.840046
   0.147812 2056.302839
   0.149998 2144.987100
   0.152212 2033.823848
   0.162533 2032.298074
   0.154839 2178.715932
   0.162607 1910.801666
   0.159747 2014.698577
   0.156814 2097.534887
   0.160093 2115.792971
   0.160305 2102.628524
   0.159404 2043.100161
   0.159280 2261.144360
   0.153542 2193.323944
   0.146500 2292.500086
   0.146715 2114.498312
   0.141494 2085.822164
   0.142484 2195.622009
   0.140399 2015.106240
   0.141526 1879.159633
   0.138960 2024.946741
   0.144805 2016.005972
   0.145927 2253.128635
   0.142573 2183.179479
   0.149380 2127.171802
   0.145822 2035.207940
   0.151225 2136.399542
   0.148445 1929.558552
   0.152189 2190.396714
   0.146302 2060.778252
   0.147009 1944.153919
   0.146814 2003.664879
   0.148359 2282.686438
   0.150368 2123.448712
   0.156271 2093.176926
   0.157116 2039.972372
   0.155060 2151.429793
   0.152341 1927.791423
   0.147210 2006.373770
   0.151624 2148.541382
   0.150685 2114.502412
   0.156015 1980.335483
   0.161296 2168.875447
   0.156600 2045.946759
   0.162153 1966.004077
   0.162462 2050.617331
   0.157271 2132.786275
   0.155498 2170.130582
   0.157472 2208.676919
   0.157721 2072.027838
   0.162522 1961.919095
   0.162309 2173.226403
   0.154214 2214.720854
   0.159566 2192.017616
   0.156427 2100.364000
   0.159188 2108.508600
   0.161139 2064.263714
   0.155341 2047.667662
   0.149733 2016.818331
   0.144436 2048.088525
   0.143468 2089.340847
   0.142064 2209.227783
   0.138235 1945.815550
   0.138169 2102.912470
   0.130252 2090.582623
   0.128578 2402.865162
   0.133198 2144.111073
   0.136104 2192.507986
   0.133942 2028.484972
   0.131367 2430.715868
   0.131267 2165.177540
   0.126752 2176.898838
   0.125122 2015.362303
   0.129083 2275.289313
   0.127207 2197.262743
   0.129671 2007.070598
   0.131295 2104.844480
   0.128785 2021.715907
   0.122870 2137.629691
   0.124335 2092.803667
   0.124317 1999.557967
   0.125892 2230.277229
   0.128205 2008.425063
   0.124391 2163.189975
   0.125256 2221.230646
   0.124708 2199.761966
   0.123021 2143.446388
   0.125656 1928.966127
   0.125193 1945.682292
   0.121104 2025.174223
   0.125899 2085.445816
   0.129385 2183.859230
   0.130410 2087.109173
   0.134123 1993.994050
   0.129783 2107.217738
   0.131393 2044.406596
   0.132548 2124.346982
   0.130937 2296.571419
   0.126470 2155.290901
   0.129254 2258.132476
   0.128700 2161.826157
   0.128732 2024.444630
   0.128163 1992.915322
   0.123693 2084.166038
   0.122903 2033.606438
   0.124455 2137.006314
   0.126173 2180.230604
   0.123949 2126.095023
   0.122416 2105.466814
   0.125250 2246.625144
   0.127957 2070.989595
   0.129718 1867.529746
   0.127942 2158.899565
   0.121211 1989.999585
   0.121279 2056.571581
   0.123169 2128.385572
   0.125260 2000.531566
   0.132342 2099.959409
   0.127917 1965.481784
   0.121219 2060.146810
   0.125516 2064.981396
   0.126050 2092.670448
   0.129618 2020.094927
   0.129034 2094.672168
   0.125515 2176.877899
   0.123485 2027.677642
   0.128121 2103.196352
   0.126906 2123.662303
   0.128212 2043.742209
   0.129346 1930.752280
   0.129003 2064.559288
   0.131714 2006.732596
   0.128420 2079.216739
   0.135994 2030.396287
   0.142843 2032.373325
   0.143108 2315.181115
   0.144965 2137.189373
   0.141802 2156.465466
   0.141802 2082.302676
   0.143331 1972.949168
   0.140580 1984.439559
   0.149063 2036.900092
   0.144289 2057.210293
   0.141541 2138.397307
   0.142521 2179.335891
   0.139236 2146.589678
   0.143869 1944.548941
   0.148139 2030.502679
   0.151417 1889.451501
   0.151765 2049.405052
   0.152473 2199.279970
   0.151726 2083.751761
   0.156835 2139.854743
   0.158302 1953.314236
   0.157176 2178.644433
   0.159829 1994.977111
   0.159167 2127.260128
   0.159860 2049.814529
   0.160978 2087.487828
   0.160229 2100.512087
   0.152689 2032.344174
   0.152235 2140.666955
   0.153877 1998.994821
   0.156419 2102.246797
   0.158034 2134.266894
   0.162189 1964.903703
   0.163988 2249.278902
   0.161475 2187.014184
   0.152603 2234.426261
   0.151909 2141.541957
   0.155394 2101.999510
   0.152049 2037.571352
   0.152458 2253.862923
   0.147906 2082.319686
   0.151776 2019.332767
   0.152363 2065.583483
   0.153046 2104.607579
   0.148591 2065.936446
   0.149019 2052.272873
   0.149946 2216.584041
   0.153814 2171.848413
   0.158772 2113.942993
   0.156423 2016.215630
   0.161871 2019.567084
   0.160671 2021.979307
   0.159633 2093.729628
   0.155313 2016.439138
   0.157570 2003.150395
   0.159755 2179.250528
   0.162396 2167.391369
   0.162264 2151.918153
   0.161194 2181.184927
   0.155632 1987.949225
   0.158180 1990.809947
   0.157898 2056.553575
   0.158442 2107.464975
   0.149148 2201.331400
   0.154484 1985.860100
   0.148823 2101.364244
   0.155753 1878.168562
   0.158734 2200.193508
   0.160363 2044.492695
   0.159255 2042.182805
   0.162270 2059.254625
   0.159460 2158.566503
   0.160949 2151.547967
   0.159595 2102.569213
   0.156016 2034.644791
   0.158470 2070.599516
   0.158966 2054.113631
   0.157142 2152.597617
   0.157497 2113.140282
   0.157475 2150.295685
   0.160487 2098.621169
   0.161559 2190.228749
   0.161981 2031.445389
   0.160914 2075.604245
   0.163134 2193.478544
   0.163349 2065.181931
   0.153208 2118.177372
   0.157557 2084.825075
   0.156829 2073.615083
   0.160654 1984.595709
   0.160953 2058.584621
   0.159668 2094.643299
   0.158036 2244.295468
   0.161081 2036.961899
   0.161251 2109.297846
   0.156042 1829.623523
   0.160552 2095.603042
   0.158053 2213.938584
   0.161520 2089.961837
   0.161420 2218.731287
   0.162326 2067.984834
   0.159575 2137.222643
   0.159885 2109.594916
   0.156686 2151.355430
   0.152665 1995.360274
   0.155262 2058.571754
   0.159682 1878.817531
   0.159175 2175.877097
   0.161939 2195.870862
   0.161512 2097.367039
   0.161390 1959.403168
   0.156464 2353.172028
   0.154572 2027.896648
   0.162795 2072.032521
   0.159264 1912.268924
   0.162151 2214.269282
   0.158324 1968.498548
   0.145292 2113.637640
   0.147841 2047.425583
   0.157686 2057.660063
   0.153726 2065.503898
   0.154388 1997.443283
   0.157196 2073.324905
   0.152414 1973.870174
   0.150216 2038.210183
   0.149713 2052.018210
   0.143900 2097.811277
   0.143281 2112.100686
   0.138992 2245.209069
   0.139947 2220.457853
   0.133458 2141.645234
   0.137653 1995.273386
   0.134956 2247.308403
   0.133355 2258.681911
   0.129917 2102.848593
   0.131868 2172.485289
   0.128443 2117.769746
   0.130229 2066.577973
   0.130539 2262.020746
   0.129065 2186.061022
   0.134383 2067.715260
   0.137154 2159.129669
   0.140476 1997.983593
   0.139986 2108.238566
   0.141969 2175.060512
   0.146279 1925.132863
   0.146214 2097.900667
   0.143329 1884.814380
   0.142819 2011.359493
   0.141058 2005.444658
   0.134386 2082.852705
   0.130662 2240.969698
   0.125819 1998.767458
   0.131298 2173.566696
   0.129408 2042.398160
   0.125142 2079.420467
   0.126111 2065.108545
   0.123765 2160.193375
   0.122414 2093.147366
   0.125316 2010.926123
   0.124083 2074.003221
   0.125557 2115.162375
   0.123671 2033.286152
   0.126178 2131.368741
   0.123616 1994.810714
   0.124823 2011.828903
   0.125132 2071.471844
   0.126941 2110.256484
   0.131833 2126.061936
   0.130062 2015.709144
   0.130134 2002.058677
   0.125390 2149.077352
   0.126513 2106.872875
   0.133219 2059.521486
   0.128597 2053.007090
   0.132501 2197.760967
   0.129295 1877.371323
   0.134820 2049.189287
   0.139265 2080.160208
   0.138462 1950.592768
   0.136515 2119.447098
   0.131775 2083.730523
   0.129069 2068.670790
   0.133141 2071.565149
   0.132351 2081.027184
   0.137048 2117.956423
   0.133426 2168.367205
   0.129000 2030.138152
   0.135869 2185.197725
   0.134458 2097.969430
   0.140318 2154.434117
   0.145455 2083.188696
   0.149781 1991.683119
   0.151255 1931.453375
   0.144798 2074.767956
   0.143194 2319.017278
   0.146949 2039.982268
   0.150711 2182.140456
   0.154261 2055.979539
   0.155555 2168.085798
   0.156968 2264.799869
   0.159637 1967.141353
   0.159478 2093.396446
   0.161900 1990.505412
   0.156079 1940.947910
   0.155307 2124.123127
   0.153053 2135.888507
   0.147508 2108.054592
   0.147418 1905.085194
   0.150668 2151.287284
   0.148458 2127.036885
   0.137589 2277.453055
   0.134735 2019.136906
   0.134489 2022.662608
   0.140567 2062.802069
   0.142976 2079.263576
   0.133288 2163.844356
   0.139795 2092.330265
   0.140722 2005.949163
   0.136759 2239.000459
   0.132779 2146.137883
   0.134278 2083.323699
   0.133080 2124.187491
   0.138565 2153.355736
   0.138719 2096.299263
   0.141767 2096.128276
   0.146765 1987.279871
   0.150429 2146.861424
   0.152829 2013.389054
   0.148608 1906.071810
   0.149508 2128.441391
   0.148426 2116.948347
   0.148891 2167.391131
   0.155336 2270.602831
   0.149214 2150.049097
   0.145851 2081.955048
   0.152207 2144.188379
   0.152906 2180.492551
   0.152533 2008.670392
   0.154762 2037.461991
   0.150494 2191.600069
   0.152123 2175.005030
   0.152601 1990.450631
   0.149130 1934.120079
   0.147287 2000.226618
   0.153593 1927.827727
   0.152518 2035.374717
   0.160716 2096.374127
   0.159135 2116.253381
   0.158231 2103.964125
   0.155039 2138.172095
   0.148686 2097.620430
   0.146837 2087.827572
   0.143655 2256.593371
   0.147861 2066.529084
   0.149492 2040.014172
   0.144310 2045.144117
   0.141864 2122.080831
   0.138874 2009.768572
   0.140860 2093.678834
   0.145345 2164.518115
   0.149639 2103.724053
   0.151376 2022.678429
   0.152113 2072.267436
   0.147882 2087.395116
   0.148719 1997.740510
   0.142277 2133.486324
   0.144060 1891.296503
   0.142832 2033.623155
   0.143205 1994.579586
   0.137334 1993.539226
   0.144891 2084.138972
   0.135538 2083.053576
   0.135778 1995.076804
   0.135751 2202.861212
   0.128104 2057.038888
   0.136628 2073.036850
   0.137390 2062.563271
   0.136215 2028.763632
   0.139146 1997.140747
   0.139017 2091.182147
   0.135402 2140.930361
   0.134775 2296.668975
   0.132218 2099.245915
   0.130143 2015.431533
   0.132048 2316.909983
   0.134449 2084.127296
   0.136053 2063.608926
   0.134854 2076.185456
   0.137518 2099.791215
   0.131925 2143.861363
   0.132967 2225.537840
   0.132147 2147.398408
   0.126771 2114.531445
   0.130606 1995.485578
   0.131819 1905.543837
   0.132276 2108.037613
   0.133977 1923.782019
   0.132813 2024.811039
   0.134707 2204.715019
   0.134357 2071.415223
   0.136608 2007.273770
   0.137645 2059.468442
   0.135533 2136.094875
   0.136731 2133.593662
   0.130829 2067.404743
   0.134159 2132.001201
   0.135555 2172.630615
   0.133379 2052.719991
   0.133735 2050.785631
   0.131849 2022.435518
   0.136518 2067.070646
   0.143319 2108.902988
   0.141459 2171.689696
   0.145544 2035.085922
   0.141745 2288.929640
   0.137274 2279.986510
   0.135013 2146.067241
   0.136988 2075.054923
   0.137208 1861.665405
   0.140561 2155.317512
   0.141186 2260.166841
   0.136937 2247.642182
   0.139490 1995.186001
   0.131440 2065.806482
   0.127313 2143.242004
   0.128500 2110.251598
   0.124268 2128.254714
   0.125485 2184.762250
   0.124890 1974.447763
   0.124131 2194.822808
   0.127927 2219.121055
   0.126375 1951.218876
   0.127189 1907.700697
   0.130954 2027.259827
   0.129116 2081.657317
   0.128994 2192.568838
   0.132424 2227.729713
   0.131107 2027.268788
   0.127960 1999.710402
   0.128499 2117.742828
   0.128358 2028.302542
   0.125097 2024.763270
   0.122823 2206.667056
   0.124774 2073.284856
   0.124072 2067.045691
   0.122277 2178.494688
   0.121240 2039.235379
   0.124014 2114.217383
   0.121614 2080.478555
   0.124115 2149.837720
   0.124937 2004.230991
   0.124725 2005.285601
   0.129163 2145.775262
   0.131677 2241.897638
   0.134432 2270.173210
   0.134378 2107.646294
   0.130758 2176.818234
   0.125953 2123.204606
   0.123218 2111.332225
   0.127644 2057.556524
   0.122967 2127.635435
   0.126363 1945.650041
   0.122416 2128.786080
   0.126670 2087.468437
   0.126265 2176.604913
   0.123305 2142.176818
   0.126051 2201.443097
   0.129257 2158.561589
   0.126483 2141.749271
   0.126858 2106.280295
   0.133907 2226.070186
   0.134634 2052.655499
   0.128400 1903.067339
   0.127712 2344.105471
   0.127039 2083.533687
   0.126334 2171.406931
   0.124492 2027.219814
   0.127330 2214.242516
   0.127979 2134.289968
   0.131601 2275.783027
   0.130467 2136.167253
   0.136615 1935.944634
   0.143965 2129.622240
   0.143015 2223.069081
   0.143742 2200.604569
   0.137064 2004.415731
   0.139440 2080.454353
   0.139981 2215.710185
   0.138793 1933.026011
   0.141032 2035.917668
   0.143406 2035.219095
   0.141979 2110.286827
   0.144809 2226.395275
   0.147762 2016.316436
   0.146643 2145.021868
   0.142774 2158.193447
   0.143362 2219.719271
   0.146715 2166.872738
   0.146475 2247.159279
   0.145770 2025.650665
   0.144993 2183.717282
   0.142238 1960.432855
   0.139027 2274.731452
   0.138272 2019.382709
   0.135908 2075.773372
   0.140628 1929.917754
   0.140261 2024.375485
   0.130027 2123.427222
   0.133663 2108.751548
   0.134850 2094.227976
   0.135250 1981.774545
   0.135869 2095.015082
   0.137860 2058.048646
   0.138753 2067.767438
   0.139148 2004.566710
   0.138207 2176.087354
   0.135029 2113.209449
   0.135231 2117.363310
   0.128349 2066.437369
   0.136556 2151.777246
   0.132089 1966.512059
   0.131637 2042.745887
   0.130066 2054.346855
   0.129272 2142.140455
   0.127358 2149.188029
   0.128378 1968.695269
   0.135699 2180.487267
   0.140531 2007.532764
   0.142121 2016.123177
   0.145882 2155.623635
   0.146246 2285.232133
   0.143283 2149.845157
   0.140569 2257.995829
   0.141056 1995.000215
   0.142877 2099.175764
   0.141109 2007.129340
   0.146542 2072.299675
   0.143703 2046.160691
   0.145007 2302.110857
   0.148746 1921.554852
   0.151723 2143.656905
   0.147267 2121.479512
   0.150584 2070.030457
   0.146782 2098.488215
   0.153096 2019.894545
   0.156104 2043.721834
   0.155064 1982.551408
   0.158358 2081.870442
   0.159620 2121.984756
   0.157762 2138.440326
   0.159577 1955.749915
   0.159530 2187.901738
   0.159649 2070.876040
   0.152402 2130.034034
   0.153294 2035.438108
   0.148179 2141.699009
   0.147258 2017.441655
   0.152265 2118.060439
   0.161900 2093.415259
   0.155145 1966.939988
   0.155285 2109.552886
   0.159839 2010.834806
   0.162592 2232.800427
   0.159991 1998.755629
   0.156314 2006.477570
   0.156941 2064.513618
   0.159904 2205.977370
   0.155599 2125.802498
   0.154931 1907.712068
   0.153016 2273.963382
   0.152168 2094.214028
   0.153387 2060.743008
   0.149500 2042.237805
   0.148442 2070.231842
   0.148804 2077.339537
   0.153139 2118.099515
   0.150567 2124.170240
   0.156306 2006.617969
   0.156716 2228.275911
   0.157897 2131.674575
   0.153309 2127.892851
   0.156233 2315.418653
   0.158655 2045.796954
   0.154633 2056.075951
   0.159955 2092.961119
   0.164669 2130.935068
   0.161789 2005.777280
   0.158777 2210.149088
   0.155451 2002.969792
   0.156831 1937.931894
   0.158851 2022.643592
   0.158032 2010.357648
   0.157603 2216.819590
   0.157353 2068.301261
   0.151431 2223.625121
   0.158808 2211.150829
   0.153662 1990.543395
   0.161735 2062.734433
   0.160410 2182.371912
   0.162534 1977.651894
   0.162103 2171.316646
   0.161991 2084.465774
   0.157809 2034.420012
   0.160232 2151.482348
   0.158004 2154.693908
   0.161868 1945.085793
   0.157722 1963.737341
   0.157200 1942.657465
   0.161495 2038.579452
   0.159455 2231.974878
   0.153272 2032.750560
   0.156844 2060.606643
   0.151314 2233.021382
   0.146987 2087.704667
   0.147790 2180.118129
   0.152557 2044.549006
   0.149334 2015.284199
   0.150595 2061.471608
   0.147921 2180.285172
   0.149031 2060.768340
   0.147559 2282.433759
   0.149596 2084.159403
   0.148949 2061.175843
   0.150217 2118.359054
   0.147596 2110.771648
   0.147958 2113.806452
   0.147718 1993.106489
   0.149339 2012.483102
   0.150699 2034.908467
   0.159769 1990.465511
   0.156517 2086.550485
   0.157390 2253.742816
   0.150729 2130.057340
   0.153782 1907.148488
   0.147514 2175.149518
   0.147440 2155.681698
   0.145538 2082.574333
   0.146147 2164.336946
   0.141663 2163.165966
   0.138708 2153.532754
   0.139041 1938.864055
   0.137209 2071.615744
   0.134633 2051.828440
   0.134882 2079.616185
   0.139855 1957.183902
   0.137497 2041.417031
   0.137404 2176.911366
   0.125542 2260.491573
   0.123639 2015.776108
   0.128564 2052.801153
   0.121557 2022.117222
   0.125472 2050.147078
   0.125130 2147.823733
   0.127810 1890.469906
   0.128673 1984.430310
   0.127398 2056.638783
   0.132378 2083.108771
   0.135760 2212.645264
   0.135524 1960.910867
   0.136891 2069.197640
   0.140113 2117.044147
   0.134712 1911.720023
   0.130508 2138.586150
   0.135411 2233.806442
   0.129951 1949.560894
   0.137135 1979.369511
   0.140215 2104.048744
   0.143830 1907.260089
   0.148887 1987.919903
   0.146167 2072.929746
   0.147102 2160.430231
   0.150471 2178.709969
   0.148582 2169.631173
   0.150851 1923.577591
   0.154317 2223.737830
   0.154034 2056.889837
   0.154047 2202.189521
   0.152827 1989.468623
   0.158283 2143.675111
   0.152815 2052.354907
   0.151441 2189.750279
   0.148137 2091.207691
   0.141161 2027.943595
   0.145055 2090.692114
   0.142449 2185.832860
   0.142608 2109.297651
   0.146764 2109.302629
   0.146165 2047.862160
   0.151266 2199.352188
   0.151501 2009.063734
   0.155938 2016.730196
   0.152866 1876.556928
   0.154467 2093.843999
   0.150398 2088.365631
   0.147794 2128.535589
   0.155079 2004.210466
   0.154888 2025.226796
   0.155897 2107.861496
   0.157711 2143.791734
   0.157025 1984.986143
   0.161547 2040.508497
   0.159134 2245.449804
   0.161391 2131.423767
   0.158483 1973.986558
   0.157576 2188.587800
   0.157308 2011.146263
   0.157205 2184.325957
   0.153800 2046.917116
   0.153648 2178.371246
   0.156945 2267.232617
   0.157317 2114.241541
   0.155859 1995.835930
   0.153888 1918.396424
   0.157082 2116.721265
   0.155246 2147.017193
   0.148666 2054.404635
   0.151393 1991.951319
   0.157144 2151.873136
   0.155191 2192.100908
   0.153440 1937.934365
   0.156973 2103.321501
   0.154844 2126.178399
   0.148378 2189.039735
   0.156364 2124.985507
   0.153727 2044.367363
   0.155240 1983.455905
   0.150539 2030.643112
   0.152536 2014.607013
   0.150304 2104.015022
   0.144359 2073.583380
   0.146988 1911.328217
   0.151518 2049.902663
   0.150412 2063.406282
   0.150558 1899.385714
   0.150845 1981.529095
   0.154501 2125.342249
   0.152979 1895.414372
   0.152243 1920.807486
   0.152297 2029.297295
   0.161926 2070.392542
   0.160673 2012.419405
   0.159916 2148.729230
   0.155683 1991.556844
   0.158164 2006.494487
   0.155977 2102.121623
   0.163174 2090.050467
   0.161828 2080.135349
   0.154868 2002.898966
   0.151047 2166.274101
   0.151420 2073.092989
   0.157374 2147.488137
   0.154010 2230.107167
   0.148482 2307.914606
   0.153695 2197.748773
   0.149599 2116.205595
   0.150215 2022.742542
   0.152017 2117.384590
   0.151285 2097.002303
   0.149928 2015.912534
   0.145821 2030.500437
   0.147448 2169.918351
   0.154179 2169.909418
   0.150727 2199.287307
   0.146217 2040.756741
   0.147229 2128.522548
   0.150521 2063.164942
   0.150359 2252.604983
   0.155768 2199.757632
   0.153385 2152.668305
   0.148868 2010.653140
   0.151162 2192.048550
   0.149863 2127.407669
   0.155107 2263.288343
   0.158244 2176.353049
   0.154617 2053.240057
   0.152740 2207.884131
   0.154807 1963.506118
   0.157686 2008.881553
   0.161106 2156.481096
   0.162823 1982.550038
   0.159506 2292.794301
   0.157713 2145.387397
   0.156818 1906.188117
   0.153153 2124.277490
   0.151142 2166.893878
   0.150319 2113.155523
   0.153687 2181.549269
   0.161730 2179.283322
   0.160645 2179.760179
   0.161432 2078.491856
   0.163134 2164.688058
   0.158175 2033.950578
   0.162534 2259.172961
   0.162462 2119.198066
   0.159369 2083.554419
   0.158404 2219.440789
   0.153975 2010.354619
   0.149165 1984.339938
   0.145552 2168.575723
   0.152839 2117.435875
   0.160970 1990.348271
   0.160392 2042.013422
   0.161934 1917.813496
   0.161387 2082.410784
   0.158704 2261.104810
   0.158351 2047.579201
   0.160304 2127.969966
   0.156378 2242.665255
   0.158406 2152.727282
   0.159103 2078.376078
   0.157389 2281.549013
   0.163044 1997.904195
   0.160692 2252.717836
   0.155384 2011.190298
   0.156696 2096.528897
   0.160080 2232.193072
   0.156117 2018.288377
   0.153076 2259.739500
   0.152052 1975.725406
   0.150459 2193.799998
   0.152577 2216.304165
   0.156207 2032.468534
   0.154404 2064.136237
   0.149345 2117.058730
   0.146867 2034.375707
   0.143467 1933.235946
   0.143106 2090.112884
   0.139110 2095.209037
   0.147128 1858.921203
   0.156821 2135.594339
   0.154748 2201.852410
   0.156318 1976.626306
   0.157518 2012.929946
   0.157255 1929.405205
   0.155306 2190.985671
   0.162665 2117.907117
   0.159186 2168.453475
   0.162193 2252.219858
   0.163181 2196.970726
   0.160112 2111.892383
   0.159421 2116.096490
   0.158062 2085.200615
   0.156455 2043.649219
   0.152688 2176.892749
   0.151725 2218.791910
   0.161390 2240.412695
   0.158531 2191.206382
   0.151352 2171.753169
   0.147250 2196.134736
   0.147157 2143.005039
   0.143804 2039.982545
   0.150690 2231.959757
   0.155106 1976.337643
   0.155712 2211.263121
   0.154375 2024.472673
   0.153657 2263.028280
   0.160019 2215.062358
   0.162666 2094.681910
   0.152452 2015.248507
   0.143827 2111.612315
   0.142880 2151.608654
   0.146867 2061.441697
   0.137746 2083.469083
   0.135544 2101.463459
   0.135267 2223.509958
   0.136176 1994.532862
   0.141339 2113.873479
   0.141934 2201.383680
   0.136021 2102.894007
   0.131376 2067.978121
   0.130513 1933.297520
   0.128842 2059.569694
   0.130523 1984.723875
   0.127773 2118.151369
   0.130326 2142.499501
   0.128297 2133.173967
   0.124063 2148.583246
   0.126106 2092.794719
   0.123255 2063.651214
   0.124727 2163.808197
   0.124683 2021.837776
   0.126609 2078.034482
   0.125466 2115.669361
   0.124673 1915.667475
   0.133016 2054.692683
   0.135225 2132.414059
   0.134523 2119.151047
   0.136903 2049.575446
   0.145068 2079.649267
   0.144385 1870.984960
   0.138228 2105.737301
   0.141047 2178.220741
   0.139655 2042.203928
   0.135731 2249.544293
   0.129818 2149.502984
   0.130928 1977.968193
   0.130090 2118.286113
   0.135488 2089.249086
   0.133765 2261.567597
   0.132694 2021.584144
   0.128480 2119.631636
   0.133237 2270.725723
   0.127126 2317.410695
   0.123937 2224.152152
   0.124848 2132.219948
   0.126853 2223.756600
