-356405156.046368
-356581218.267714
-356380138.731367
-356700175.872510
-356291331.304484
-356174364.118191
-357257680.997335
-356049067.709791
-357094545.197470
-356049058.948699
-356290994.745548
-356737398.969585
-356858231.812924
-356294757.423880
-356049046.689769
-356877807.484149
-356264699.773547
-357479299.523697
-356870589.109410
-357345420.762501
-356713449.342170
-356052803.938299
-356049055.309379
-356049064.060793
-357283738.593015
-357452845.673948
-356666886.862090
-357320399.413488
-356302876.175630
-356224362.582299
-356280039.319344
-356053979.471896
-356052811.172150
-356673708.000920
-356798334.910081
-357131550.348882
-356636702.125350
-356141819.554154
-357084548.338859
-356277923.306996
-356909677.757161
-356126147.105267
-356224391.760899
-356316038.121066
-356049048.538243
