-352135377.669315
-352656729.817280
-352915835.363972
-353093986.067838
-352554818.683654
-352549468.253166
-352271241.043185
-352284773.982699
-352746589.071709
-353061053.292270
-352005250.202044
-352102138.980467
-352760696.786964
-352750783.433493
-352396551.437219
-352144877.903912
-352056854.631370
-352701040.834147
-353281422.131758
-352935157.587836
-352305745.587970
-352675301.227138
-352308145.467679
-352633789.653685
-353141175.308910
-352677615.884071
-352032902.908974
-353074486.779924
-352331086.026569
-352185687.638295
-352258333.239669
-352310885.364353
-352671076.647475
-352024748.620090
-352144869.709001
-352202963.990008
-352055480.500209
-352568493.719882
-353337925.117438
-352660446.953805
-352030677.548470
-352463004.205696
-352658312.310924
-352053226.909524
-353261361.422184
-352965960.751919
-352278549.404996
-352719084.659793
-352067739.449235
-352257234.638450
-352625510.249613
-352264282.589061
-352557208.391964
-352053223.097917
-353007628.746503
-352053265.379143
-352102113.942870
-352706126.487611
-352007776.912715
-352638376.048971
-353318461.504098
-352392986.008042
-352694623.222981
-352813449.011183
-352662638.763729
-352329474.373995
-352686720.543151
-351966582.017858
-352152609.182516
-352509462.282006
-352661599.060864
-353633311.956166
-352508536.337919
-352357743.274123
-352864202.754524
-353001410.103402
-352039217.138409
-352291595.249508
-352744556.394158
-354899090.268892
-352396994.104120
-352515037.548802
-352885221.994911
-352049674.775934
-352605790.102516
-352103016.437798
-352056845.779085
-352039231.886931
-352520514.318411
-352042845.735954
-352036553.258631
-352513675.648758
-352013871.046135
-352406741.276674
-352422337.713223
-352408493.760944
-353034084.765525
-352744440.060504
-353330284.933842
-351949919.694512
