-17789809.676282
-17790840.559999
-17790841.756431
-18690833.533019
-17789809.676280
-17789117.348311
-17789809.676280
-17786472.033617
-17790841.756431
-18682935.411646
-18621479.503143
-17789809.676280
-17789809.676280
-17783688.835135
-17790840.559999
-17782440.690465
-17787269.452712
-17785370.515100
-17785370.515100
-17781842.714648
-17785370.515100
-17783688.835135
-18677024.375935
-17782440.690465
-17782440.690466
-17786933.694575
-18669492.236933
-17783688.835135
-17784331.247797
-17789809.676280
-18594272.495745
-17790840.559999
-17789809.676280
-18666659.337078
-17789809.676280
-17789809.676280
-17787732.590590
-17783684.033626
-17789117.348311
-17786933.694575
-17790840.559999
-17787269.452712
-17784331.247797
-18677551.230353
-17790841.756431
-17786358.148057
-17789117.348311
-17782440.690465
-17783684.033626
-17783684.033626
-18645622.028151
-17786358.148060
-18687569.787856
-17790841.756431
-17784331.247797
-17787732.590590
-17783684.033626
-17790841.756431
-17786472.033617
-17781842.714648
-17786358.148057
-18656699.931938
-17789117.348311
-18624313.036604
-17786358.148057
-17787732.590590
-17783688.835135
-17784331.247797
-18709747.592560
-17790840.559999
-17783684.033626
-18676636.651360
-17786561.046685
-17786358.148058
-17783684.033626
-17786561.046686
-17785370.515100
-17785370.515100
-18690550.223462
-17786561.046685
-17783688.835135
-17786933.694575
-17785370.515100
-17786561.046685
-17781842.714648
