-17154028.068957
-17206864.190657
-17143534.390592
-17221515.068888
-17197898.328435
-17268120.093165
-17177963.072800
-17079998.121720
-17206859.751850
-17221855.857265
-17187501.414098
-17168041.507942
-17201884.884643
-17201586.714651
-17272435.947001
-17226956.701405
-17227166.492698
-17179244.778121
-17151888.242920
-17080944.143791
-17202491.464017
-17185428.108882
-17189229.944968
-17163070.454135
-17278192.728367
-17212396.036615
-17278338.849901
-17190141.593641
-17224093.170886
-17210627.226472
-17190093.916755
-17152296.959024
-17072014.520464
-17130673.872929
-17202644.261310
-17053569.733633
-17180181.657304
-17155306.806791
-17226790.088904
-17188607.601123
-17158489.127692
-17257717.467643
-17206917.148684
-17077288.672431
-17234270.409509
-17210109.779057
-17210237.814065
-17121485.869380
-17066865.512751
-17080594.544365
-17206729.358346
-17186519.876807
-17218269.318050
-17224786.795949
-17207838.537208
-17236000.118899
-17247033.759605
-17207739.827593
-17118515.792458
-17082094.108574
-17132495.427344
-17174444.114727
-17192165.509692
-17122922.406837
-17274018.815652
-17138399.111027
-17186506.262988
-17181900.005641
-17117981.769983
-17217716.943798
-17120304.504374
-17237069.410501
-17204571.865796
-17219017.256030
-17135608.578653
-17096439.756586
-17225531.347169
-17061428.958566
-17218365.172311
-17172560.236806
-17172949.954488
-17160784.897068
-17188492.711039
-17215786.057733
-17185590.111082
-17317068.432035
-17160973.627644
-17178035.809892
-17199630.130788
-17184695.389742
-17194521.064397
-17064930.947818
-17193253.880824
-17221123.018745
-17190841.285030
-17062100.366492
-17152117.389894
-17169729.299675
-17138427.904332
-17180478.070337
