-16791722.193732
-16692976.169277
-16643847.973909
-16595303.867628
-16557045.360870
-16737916.672677
-16607713.623617
-16545066.151659
-16728228.496082
-16541264.515317
-16673765.352060
-16457647.512331
-16678377.073623
-16544114.226775
-16798599.162273
-16651990.882849
-16595265.341546
-16509004.026574
-16781064.228899
-16718845.732209
-16789334.507970
-16560627.450321
-16574249.666813
-16550710.545595
-16658176.985026
-16587627.381261
-16752260.114573
-16496794.930470
-16602864.691827
-16702914.371803
-16722878.108902
-16634922.379634
-16679444.293428
-16637606.952612
-16717636.578576
-16733804.542015
-16624608.061186
-16578200.810687
-16645982.020627
-16455197.698913
-16766946.109342
-16700947.036826
-16647527.263178
-16659440.224969
-16552026.277776
-16771379.715691
-16518517.030874
-16875082.145136
-16690416.078297
-16758778.852970
-16694001.115820
-16736947.028048
-16452267.862833
-16600090.250373
-16510903.607813
-16705368.529324
-16718028.903566
-16471323.731944
-16763897.393754
-16528249.501140
-16577241.883238
-16514794.307839
-16560095.422620
-16648756.003269
-16509580.665842
-16561914.192083
-16716277.597600
-16732305.634228
-16705712.242641
-16756640.604583
-16484006.192360
-16609345.331566
-16699823.263482
-16617220.025708
-16639465.268114
-16664410.784368
-16753588.068753
-16768198.865720
-16642059.816892
-16630513.121437
-16753987.846581
-16687123.958771
-16476185.967147
-16610516.904276
-16775041.021809
-16613416.481283
-16762711.110068
-16544303.325958
-16499893.861281
-16564413.748625
-16631116.745606
-16464552.380740
-16736249.785300
-16590610.650798
-16723052.717933
-16561760.425512
-16696259.277520
-16633515.194223
-16487213.415591
-16655420.552087
