-16090413.122338
-15964313.682825
-16040197.099251
-16033925.557828
-16102903.452862
-16110372.934496
-16124069.505806
-16155116.296797
-16076001.339918
-15958682.716499
-16144758.658350
-16203993.237321
-16198600.180115
-16142210.711067
-16086251.492446
-16055607.501955
-16274588.242572
-16070798.157775
-16360032.501774
-16164945.228379
-16158951.598948
-16186217.642016
-16042344.749802
-16092414.439435
-16253449.368151
-16125859.398689
-16155915.126272
-16048949.011012
-16247836.134511
-15973479.473989
-15978771.497934
-16331233.716063
-16215690.112818
-16024147.030626
-15990267.314586
-16281162.485349
-16211178.501790
-16236402.569967
-16147975.974215
-16247076.848794
-16287721.848518
-16094938.981832
-16332787.478126
-16204097.583953
-16311769.244280
-16145081.699137
-16107731.397581
-16069435.596728
-16099311.958822
-16380244.266255
-16016665.333909
-16184256.348606
-16280531.615231
-16042280.100545
-15993957.517924
-16083120.844405
-16290344.967693
-16326471.748579
-16104917.345574
-16071732.952360
-16168389.093893
-16187522.281348
-16194384.583174
-16291104.760973
-16144420.242957
-16212037.404081
-16030269.021899
-16076338.852753
-16239125.320577
-16264428.308444
-16147845.994574
-16149012.833536
-15975310.380833
-16195519.406949
-16222727.193760
-16070248.340601
-16207901.663193
-16399166.179511
-16171421.852821
-16313533.423081
-16309619.360049
-16131026.241018
-16175805.068935
-16001202.686972
-16198616.181162
-16093653.307883
-16030363.259700
-16076780.344712
-16177792.110927
-16251919.159897
-16239052.336040
-16360880.186807
-16276555.700782
-16196958.396483
-16139633.092082
-16253290.652006
-16156113.737723
-16041503.447367
-16173389.083202
-16019642.090199
