-15723869.032371
-15848967.338545
-15700428.017943
-15589647.291830
-15852713.779393
-15831793.887807
-15996653.634317
-15702741.229394
-15807110.944816
-15646896.583109
-15654946.834216
-15717322.756670
-15704762.707574
-15705305.842552
-15604237.450315
-15868368.304768
-15785741.464205
-15778155.680628
-15714801.059490
-15685638.326349
-15602729.632794
-15822429.044139
-15663783.765085
-15583296.347125
-15732922.052028
-15629880.380593
-15717947.634141
-15880924.821936
-15688279.721621
-15832487.871857
-15696611.147689
-15729859.414146
-15713476.091760
-15594237.684796
-15654532.683036
-15805953.464638
-15871854.557529
-15843990.370111
-15721454.131610
-15804448.788816
-15776750.895167
-15858828.241718
-15866152.033996
-15693723.085150
-15545165.651700
-15738164.769625
-15994646.736091
-15676643.913241
-15635685.799147
-15754301.959555
-15995066.404102
-15859781.574126
-15802482.604180
-15786239.781325
-15598817.053158
-15902662.881223
-15634901.071660
-15640789.009310
-15767824.468902
-15760275.205616
-15804065.379600
-15612962.367069
-15787083.052452
-15749136.282445
-15651126.381049
-15576568.842110
-15773712.556471
-15556999.745636
-15733823.366168
-15910017.454828
-15654602.979375
-15775152.666359
-15733686.284323
-15965582.328159
-15572696.724703
-15700615.731088
-15650763.891058
-15739724.654211
-15660204.684203
-15678331.914400
-15826362.808830
-15744860.047567
-15754653.965900
-15695842.623548
-15933506.191926
-15763197.814424
-15833202.131245
-15999203.891018
-15948944.348195
-15681759.195174
-15732038.653052
-15986018.432108
-15658302.051176
-15793500.057428
-15837555.003185
-15516781.638005
-15576609.389377
-15894100.101293
-15696111.059749
-15705994.735359
