-15366682.395887
-15362474.772190
-15443102.918063
-15386168.015774
-15467602.201871
-15284888.944176
-15395978.204354
-15316481.572521
-15333981.625870
-15396505.033615
-15373166.300265
-15306832.098260
-15314622.621058
-15468538.921386
-15319269.023833
-15367298.778380
-15369057.696882
-15384656.146125
-15421858.713826
-15432548.620432
-15213954.422699
-15324460.770199
-15219640.123970
-15180190.572497
-15294704.290758
-15242773.380608
-15391473.442080
-15355413.915932
-15168278.135396
-15553198.416279
-15192423.348046
-15183644.368856
-15146639.017055
-15092728.139985
-15493531.322526
-15355418.651231
-15330230.613255
-15164844.879815
-15207412.825622
-15416718.150622
-15488315.737607
-15445925.566201
-15377636.375714
-15382075.236640
-15513859.914915
-15181712.147334
-15462721.795007
-15174118.456770
-15281120.969234
-15385030.044987
-15284441.504726
-15273458.317402
-15333611.460993
-15369748.667402
-15401808.467864
-15327316.391373
-15276779.581216
-15487257.626658
-15318352.030830
-15346801.853723
-15484369.899168
-15322559.554841
-15283865.150536
-15268447.471522
-15165048.512422
-15277300.285263
-15382639.998810
-15336459.517152
-15260081.452420
-15307846.411922
-15498862.831189
-15241488.662611
-15268344.698039
-15414604.782402
-15337779.643712
-15367763.438627
-15369799.131070
-15432567.000578
-15278773.634077
-15348634.380277
-15364943.113761
-15482365.074339
-15333321.120724
-15190467.817197
-15235305.709141
-15315264.872124
-15069379.271824
-15431556.591115
-15384933.422294
-15295804.146870
-15176140.238561
-15183950.230481
-15436772.237850
-15094193.143300
-15371743.101127
-15489395.319586
-15157406.095898
-15281142.239077
-15166177.434655
-15430187.781012
