-15305761.292129
-14977545.479982
-15072601.119739
-14837431.808135
-14994421.599551
-14834283.165944
-14989475.295894
-15169373.447199
-14865588.065333
-14936594.789004
-15026155.511233
-14858656.291890
-15152205.718719
-14950639.568403
-14878064.412992
-15049081.493364
-15109048.959824
-15047653.110998
-14979530.081489
-14847380.863355
-14919938.337561
-15038299.701538
-14953720.002673
-14921024.393066
-15044340.999573
-15017033.853731
-14914408.789490
-15032412.909432
-14894971.968420
-15126138.723112
-15024040.303348
-14840747.111378
-14841607.895590
-15039158.434877
-14775036.674043
-14899775.051813
-15167280.148672
-15114040.227667
-14854361.662164
-14850524.346167
-14985540.811939
-14810412.264744
-15048356.531428
-15040982.772042
-15100130.833537
-14862054.784017
-15209368.821621
-14950980.354604
-14895093.495357
-15076961.771886
-14862500.891260
-15213658.997894
-15071737.085456
-14988804.442533
-15299257.322931
-15021400.833128
-14880456.161983
-14800601.658278
-15107051.227514
-15023052.537400
-15040849.892505
-15012908.090880
-15222297.090989
-15052268.182017
-15054572.190924
-14807427.174029
-15053547.079379
-14974507.894936
-15200740.630041
-15009815.686843
-15123121.653475
-14978789.461347
-14815063.064638
-15154744.778721
-15051316.874874
-14914080.922503
-14938482.453204
-14970227.456019
-14965575.749505
-14931818.700707
-15086388.776635
-14770299.315072
-14973562.324221
-15152535.108889
-15071538.618446
-15144249.070597
-15041123.673707
-15073473.547809
-15081002.783694
-15087695.770522
-14948163.827564
-15027872.819840
-14875291.665734
-14921020.127282
-14780940.936004
-15064321.637779
-14959597.280831
-15024980.209066
-14999282.924472
-15081775.512676
