-14842468.547881
-14636925.486507
-14642256.916815
-14657945.888397
-14772372.492118
-14778984.430053
-14665928.496914
-14647175.674366
-14669566.134465
-14547195.049703
-14633799.115286
-14638257.723494
-14740858.379190
-14675494.152649
-14710265.150990
-14486513.603415
-14734285.421519
-14695084.899406
-14500897.707988
-14616374.719416
-14517769.521157
-14671769.660217
-14554991.120726
-14591411.007214
-14699946.041483
-14720845.715276
-14544217.204179
-14742755.539373
-14703407.495565
-14612884.882672
-14911963.972753
-14773367.434007
-14744373.002612
-14749713.637237
-14909751.360760
-14659990.183000
-14675743.615933
-14590396.227092
-14632894.467253
-14544648.883381
-14522176.452455
-14544007.300022
-14634181.763282
-14630426.640686
-14729044.482034
-14618711.580800
-14530342.318383
-14832547.113752
-14561465.788405
-14536771.970702
-14641127.185121
-14637785.153455
-14430597.913869
-14751158.144134
-14744415.680407
-14749781.558173
-14513270.669695
-14621950.934129
-14932788.617887
-14737786.318139
-14531539.040428
-14838214.671454
-14782361.883129
-14650517.262415
-14548194.412030
-14801161.188510
-14577576.808169
-14683864.863907
-14693692.503082
-14754718.336045
-14543783.707977
-14672572.520738
-14623922.916392
-14766939.584537
-14868071.189261
-14811580.858848
-14644905.803224
-14751257.438519
-14660378.734081
-14694484.105971
-14596861.564929
-14647330.595411
-14711895.292347
-14674274.086478
-14663807.244145
-14717283.343650
-14707002.817598
-14575834.479573
-14488986.040061
-14520731.451030
-14719545.481016
-14704391.186238
-14659809.273904
-14593152.287351
-14815208.873773
-14841063.552422
-14806814.249451
-14769078.913801
-14678598.969571
-14527897.802995
