-59186684.903592
-59137560.295259
-59130270.222088
-59229594.271479
-59235413.704287
-59005775.165138
-59005580.496186
-59087826.312852
-59056632.324092
-58906196.110714
-59046946.105313
-59136693.167788
-58988493.681744
-58935984.591086
-59066779.407839
-59185731.469547
-58945902.677879
-59115902.134954
-59471664.140637
-59410516.367688
-58915411.156683
-59044968.311345
-58925461.041948
-59117697.395198
-59009251.947487
-58925497.450722
-58933521.255224
-59333750.087037
-58936297.162405
-59136455.761093
-59127144.704302
-59153907.119791
-59103071.477989
-59065000.665864
-59116434.175304
-59009212.180387
-59306926.805586
-59016958.969822
-58940401.570727
-59067312.341928
-58929890.801651
-58960257.220574
-59137564.715114
-59170158.515374
-59176248.332544
-58940402.530421
-59229426.647793
-59285719.615345
-58936292.604511
-59287631.754592
-59044974.127397
-59281261.858052
-59102656.136258
-59206133.713178
-59100545.575184
-59117105.297308
-59266839.478524
-59102221.007255
-59039018.972215
-59104015.834514
-59100722.331000
-58936292.176183
-59097785.562913
-59063750.046790
-59038194.951176
-59016690.095480
-59135542.069066
-58903506.178030
-58940406.863012
-58936296.936424
-59037910.319485
-59137915.289765
-59099236.025712
-58940304.062506
-58940524.119814
-59314637.433798
-58991569.839998
-58960023.151538
-59142522.377686
-58940532.819985
-59170564.930920
-59156681.991525
-59010929.440760
-59067216.715112
-59102590.210510
-58964882.830328
-59107221.343885
-58936293.956468
-59493592.958564
-59235409.398903
-58933829.829420
-59231335.561917
-58936292.270463
-59114157.703330
-59047110.191201
-59014526.716537
-58936299.032228
-59185731.931028
-58940400.321542
-59314853.834919
