-58124147.815453
-58153583.709716
-58247028.734759
-58061123.154338
-58072729.842603
-58195381.550743
-58217502.380607
-58187071.141686
-58120791.307780
-58138375.664164
-58242999.064155
-58184758.957671
-58171098.139079
-58144455.106654
-58192094.957690
-58073351.573637
-58326126.701031
-58171910.610012
-58144987.567983
-58256364.482725
-58349937.143390
-58050261.036047
-58056553.158766
-58107738.488597
-58178088.092137
-57946397.488784
-58410124.372672
-58132628.972655
-58154924.527441
-58349087.769059
-58116932.142355
-58227953.127899
-58109529.070667
-58063742.951523
-58170469.916311
-58060964.632829
-58393205.988473
-58431016.448106
-58360251.878917
-58289255.620216
-58114918.898773
-58082950.276907
-58287904.587465
-58120734.309020
-58231979.651395
-58221122.495221
-58054135.778998
-58060967.917256
-58030957.853909
-58123217.760778
-58341007.643823
-58304542.492157
-58140026.152235
-58074349.585015
-58166571.572892
-58143463.087640
-58116028.362038
-58315990.054237
-58116156.054949
-58249494.503732
-58100933.396842
-58077117.183322
-58105986.524727
-58111930.668127
-58287718.940865
-58318430.601043
-58074356.639872
-58311267.274242
-58292331.646821
-58150824.941158
-58157998.926640
-58116933.776130
-58249448.569364
-58562953.899307
-58074345.452289
-58194773.468622
-58223602.325787
-58057300.512059
-58170309.803014
-58221730.439407
-58057302.066837
-58302884.638322
-58158023.404634
-58131743.425288
-58140149.815472
-58060963.766848
-58064330.090454
-58422748.611653
-58289335.544183
-57946412.623472
-58055805.105820
-58388233.450784
-58059221.797279
-58182283.088475
