-119950919.031487
-118566651.615796
-119310255.839300
-119405492.749478
-119816826.815443
-118566651.366986
-119940590.844665
-118566658.592923
-119363338.688462
-119321600.814306
-119548198.154307
-119334555.236615
-118566659.496474
-119371214.859608
-119939946.752983
-119430729.766009
-119806139.277513
-119309233.507062
-119371234.846084
-121519422.036987
-119361351.284132
-119313812.442213
-119308457.387088
-120055286.393443
-119311347.299112
-118566663.468396
-119378836.431865
-119333734.822331
-119361353.877991
-119315690.625985
-120035613.136379
-119997781.718621
-120039204.121152
-119405089.765666
-118566653.866877
