-116187063.493246
-117422383.408723
-117187376.785461
-116183980.825060
-116143542.597494
-116102973.044650
-116147692.969317
-116147693.700449
-116079638.193619
-117241498.027942
-117442549.653245
-117329066.354174
-117383544.270309
-116178810.154125
-116184465.444787
-116148089.254149
-117441905.014842
-117267983.471682
-116187587.039795
-116147899.221985
-116079635.870361
-116079489.495419
-116143046.347543
-116147691.036743
-116192665.770408
-117938221.805303
-117285847.811378
-116186194.346150
-116169479.549541
-116113049.207271
-116079472.927150
-116183918.106586
-117246235.056875
-116115716.328614
-116186194.012647
-116166755.743988
-118079684.907362
-116338124.777660
-116080281.706293
-116090691.498854
-116102951.206390
-116191395.866798
-116102951.465141
-116196048.778876
-116548844.185245
-117366760.401922
-117385136.929912
-116079475.462468
-116347205.249138
-117197829.932174
-116166656.575625
-116091034.156008
-116090081.513488
-117608634.710724
-117542906.514391
-116180645.830193
-116339918.859238
-117205472.120459
-116171016.388051
-117182618.305466
-116183915.306934
-116098591.664060
-116143044.046938
-116187687.561373
-118149162.472461
-117436847.848761
-116103273.142067
-116169483.855991
-117145548.962308
-117226830.401323
-116168411.811964
-116187562.055488
-116191396.105850
-116090686.318958
-116079477.787252
-116435264.436631
-117148744.976587
-116186195.595057
-116329221.791225
-116090686.691640
-116204699.247111
-117223720.841377
-116143045.134502
-116080191.472287
-116098590.282634
-116080185.039078
-117211970.310211
-116080278.596368
-117998377.797979
-117981349.338994
-116102959.050245
-118074927.766304
-117589099.730556
-116115733.039220
-117223067.990567
-116090690.792155
-116178839.566588
-116116628.537154
-116096187.754747
-116174995.274118
