-114108144.087549
-114294948.461425
-114213213.493410
-113964390.417732
-114165155.903893
-114195453.156984
-114131086.833952
-114387567.457011
-114151390.957636
-114055499.143790
-114018215.090654
-114135400.373159
-114102723.191453
-114342863.265675
-114045078.499524
-113820522.873317
-114026778.286576
-114594040.472005
-114125810.920416
-114148825.387133
-114112548.432534
-113996767.074025
-114108916.843166
-114111223.924171
-114267442.869931
-114445431.665868
-114149690.384468
-114160993.068834
-115429309.344836
-114025360.856880
-114138947.211791
-114008826.089697
-113820584.203795
-114243269.409262
-114228725.646276
-114106145.779788
-115454028.025787
-114140054.626055
-113826295.660067
-114122232.041082
-114312346.340538
-115490697.452644
-115564507.012131
-114007902.923870
-114077658.777595
-113820538.913266
-113937089.164961
-114447060.794000
-114322966.536351
-114132126.159043
-114272462.705828
-114101545.634850
-114047200.981275
-114143250.610164
-114105925.233931
-114010730.350133
-115884876.073700
-113928837.984224
-114140110.406489
-114162239.330708
-114031815.682144
-113916250.802492
-115482455.033747
-114137561.288457
-115407217.360284
-114325977.638421
-114307839.828745
-114317355.547031
-114022221.061550
-114158325.114290
-114027403.072721
-114353494.483964
-114151383.854759
-114176762.473155
-114149334.689341
-114091290.062284
-114334139.765890
-113839996.583753
-114010326.510778
-114355815.574673
-114426092.974558
-114312460.032390
-114114759.090232
-113820531.511322
-114107538.767730
-114121941.247167
-114167702.755621
-113820614.939959
-113824464.059010
-114350745.057465
-114052542.850735
-114022651.300121
-114345767.829874
-114353371.593800
-114254686.323009
-114027839.817302
-114166091.943034
-114158240.628440
-114398289.470830
-114010334.704344
