-111783901.261261
-111868552.731515
-112294146.759011
-112200707.844939
-112688154.821969
-112581456.627944
-111950627.922384
-112343298.547220
-111893926.766865
-112185545.754819
-111828769.441318
-112147090.800753
-111890987.492800
-112386652.277538
-112320652.748584
-112128838.550225
-111983420.182561
-112153483.826290
-111846117.718419
-111861896.546924
-112225226.050872
-111862312.459267
-111850815.854505
-111886754.756098
-112079139.922328
-112443660.492882
-112552791.767290
-111874503.115538
-112426937.933594
-112415139.497561
-112324092.736790
-112276504.295050
-112085416.435745
-112494359.110324
-112084697.786033
-112182501.348047
-112341874.886402
-111885612.101434
-112518810.934878
-112164023.504957
-111886200.826163
-112464001.169886
-111922406.043623
-112271173.073754
-111996341.432533
-112382759.965795
-112326761.784424
-112156062.298858
-112015705.024895
-112087139.071725
-112157923.573014
-112408556.119965
-112342065.687804
-112208097.444614
-112556790.228276
-111839356.087739
-112211921.661321
-112454364.682990
-112212040.546498
-112317824.061769
-111874123.703820
-112396071.947668
-111856732.124257
-111876776.719396
-112217859.667964
-111872562.291049
-111862980.041641
-111787584.668192
-112081295.448988
-111795148.187230
-111884987.166613
-112163567.111472
-112316164.229737
-112537249.105695
-111883351.174537
-112047859.656505
-111875113.379974
-112178607.984216
-111771289.595610
-112372458.798680
-112471419.903992
-111854809.612418
-111865753.763981
-112376271.825784
-111945601.310393
-112487356.571149
-112314663.537229
-111940907.652056
-112391269.382320
-111873969.633907
-112401376.032778
-111828994.531314
-112228464.415255
-111887984.400003
-112374049.133301
-112401737.685070
-111936674.588833
-112259756.828371
-111968807.026915
-114315696.290948
