-111066729.611988
-110219903.189989
-110464454.144814
-110111877.314812
-110331850.909348
-110080421.712161
-110447714.231634
-110233434.846852
-109785384.057693
-110198523.477541
-110826200.320966
-109959451.282895
-109904810.994826
-109954224.462020
-110158994.497597
-110122597.413578
-110643229.780168
-110232547.981721
-110534597.827623
-110196040.258358
-109846057.263394
-110509893.766317
-109792246.177486
-109894439.117091
-110217856.129149
-110181528.729542
-110286817.412523
-110164046.706237
-110706971.309491
-110196878.158095
-109979628.987422
-109916405.007623
-110142091.089947
-110319133.554196
-110780400.034600
-110654997.060954
-110314641.174873
-110314191.996262
-110723757.506234
-109997590.108614
-110496566.176240
-110237034.222716
-109963539.537051
-110063353.094159
-110260971.602009
-110786994.840300
-110893206.335527
-110415665.986438
-110236554.987661
-110317358.951689
-110284616.282152
-110736276.227577
-109816287.916947
-110583618.799566
-109896090.550384
-110609764.304098
-110110696.196903
-110075944.096328
-109766850.305948
-110789287.175067
-110271527.910561
-110284144.726935
-110335075.116999
-110580354.097723
-109904828.623843
-110209454.149599
-110735080.575701
-109935621.020513
-110536915.070692
-110209739.254828
-109926670.663660
-110168279.674875
-110104674.706600
-110367884.242105
-109926246.639974
-110755630.708016
-109924906.475677
-110174654.978683
-110300972.092304
-110529568.773296
-110086386.390741
-110848714.013928
-110219702.424064
-110494269.469096
-110156851.550934
-110097326.006625
-110293640.660023
-110182049.209465
-109789593.490985
-110339606.699903
-110591407.426315
-110213351.084911
-110125532.335673
-109925987.578023
-109984734.318025
-110057482.248300
-110508284.887128
-110475531.652048
-109908033.142820
-110620673.283369
