-108817553.657845
-108401467.192809
-108902611.614679
-108808037.426591
-108281701.361253
-108488051.632905
-107909079.806075
-108466350.634677
-108162346.231182
-108920632.323221
-108662779.897670
-107933862.824471
-108140127.512758
-109077112.035028
-108642885.032327
-108235764.755189
-108321186.177277
-108944287.049296
-108771489.745647
-108382847.557287
-108550486.767463
-108309550.505906
-108388002.566935
-107966251.249675
-108308652.330680
-108531518.156190
-107930428.312720
-108650913.978706
-108357852.991215
-108411956.370895
-108726270.013743
-108334492.163906
-108214873.664326
-109190255.468472
-108726355.057856
-108380664.324758
-109491134.295228
-108475357.062979
-109156169.859838
-108606350.582985
-108360809.255102
-108008069.044500
-108443193.102574
-108324288.891628
-108725405.664693
-109012434.718703
-109117626.892663
-108696907.531403
-107933835.747616
-108751961.190511
-108569184.321275
-108382006.064406
-108794739.226741
-107986584.106252
-107930964.856597
-108280489.006428
-107967482.029263
-108424487.899601
-108622392.946880
-108396572.943036
-108520736.595181
-108474715.807011
-108333732.797735
-108544995.900486
-108243214.444227
-108994726.612281
-108402398.372735
-108294670.989063
-108238683.128017
-108379329.810761
-108776736.505607
-108539835.625069
-108794745.570476
-108130689.579111
-108652424.034000
-108770665.281644
-108362745.913114
-108434762.652076
-108698312.105439
-108680193.016385
-108301817.566955
-108547499.880731
-108852783.481124
-108335737.474675
-108205282.480961
-108521366.858185
-108665428.275325
-108323338.248184
-108449122.958518
-107990299.125315
-108538290.014662
-109272634.218979
-108057815.231160
-108221012.497838
-108227857.791189
-108619019.279113
-108069228.882513
-108883593.629719
-108263849.178193
-108998528.791660
