 12.588796  37.685824
  8.946876   4.251409
 16.650773  15.981180
 10.419284   4.050024
  0.023951  42.232829
 16.552308 -12.425461
  5.466317  44.716148
  8.417098  33.146542
  5.201306  20.399707
-31.439950  21.320661
 16.798784   1.932386
 -6.034453  38.901737
 13.468821  39.805754
 12.567194  19.286729
-24.230255  19.304312
 16.101360  29.046291
-12.849905  26.492390
 13.863438  23.522410
 -8.528530  33.212943
  8.089251  46.007833
-28.413084  24.737916
  8.569602  40.477094
 14.472744  14.142218
 -0.626293  20.799366
 15.991324   7.729396
  6.096355  -6.954324
 12.050485  10.931693
 15.712212  32.520888
 15.013426  14.570966
  0.539769  21.521065
-34.001267  22.682218
  7.256144 -11.430446
  7.655973  49.511507
 15.822328   8.694459
 15.566371  -6.738972
-14.365537  19.118156
  0.234853  38.595908
 -7.125699  27.896420
-16.358134  28.003492
-28.729209  18.001466
-23.983998  22.371791
  7.569245  13.977108
 10.997737  -2.101941
-15.512301  14.338772
  2.158952  23.987403
 15.480417 -12.993653
  5.860858  24.802372
