  91.493885 1678.035783
  61.254250 1678.595334
  90.421868 1678.215195
 108.579264 1676.034604
 106.779497 1677.403317
  77.141502 1668.451782
  79.007660 1675.621755
  87.185123 1673.177921
 135.028057 1677.797423
  82.825474 1679.424126
  76.049969 1678.559126
  69.374249 1673.985907
  94.303520 1664.121518
  86.655995 1675.631645
  91.861165 1675.131599
  97.166667 1678.677649
 111.158539 1673.356674
 101.416327 1674.151088
 121.251552 1676.806649
 122.627321 1678.125206
 108.919476 1670.766578
  73.486440 1669.986932
  77.284582 1669.181918
 113.910317 1681.594483
 126.328246 1677.818806
  50.361946 1670.250731
  64.329067 1680.142533
  70.122284 1675.902414
  53.686056 1677.082900
 116.980315 1680.054090
  81.656444 1676.455374
  67.858026 1679.026097
  79.406386 1672.149713
  67.731044 1683.463509
  64.911419 1677.179999
  90.603948 1678.132514
  69.556800 1676.667430
  90.394473 1684.919553
 101.918158 1682.419786
 122.016287 1680.398709
  82.712642 1680.815774
 109.390818 1676.037488
  98.661720 1678.547647
  74.470257 1680.125227
  57.851017 1676.880688
  56.571971 1677.393041
  71.182259 1675.477715
  59.906790 1677.656805
  73.660761 1676.396170
  78.251234 1668.279677
  77.036229 1674.020262
  61.662893 1677.886018
 100.818961 1672.874171
  78.493438 1677.457229
  59.221807 1674.017051
  94.698146 1673.398304
  76.729369 1674.577432
  77.440771 1680.970270
  84.767424 1681.044861
  82.901495 1684.016970
  60.780278 1670.761692
  71.917137 1672.563210
  77.949752 1676.598471
  71.402446 1682.541536
  64.267540 1679.650856
 128.002610 1677.386275
  65.342314 1674.853185
  73.451662 1676.546231
  72.221950 1679.902136
  68.258445 1674.640556
  83.431151 1675.360349
  55.869469 1673.153500
  56.028826 1677.326245
  58.899617 1675.732228
  63.486139 1676.537714
  60.517320 1672.989413
  84.954453 1673.991842
  66.933533 1677.726186
  79.750502 1678.327488
  66.087853 1671.551796
  66.350723 1679.291991
  78.147544 1677.654776
  71.049569 1672.682966
  82.514224 1667.704866
  66.328120 1674.600083
  43.702447 1677.528164
  76.071510 1678.534414
  67.200030 1670.333774
  51.859083 1673.939964
  88.546635 1676.364357
  81.164349 1673.626033
  69.517067 1677.607042
  96.014242 1680.894614
  82.702103 1676.170776
  85.615708 1675.577615
  48.282413 1673.745479
  78.783488 1671.711334
  72.400111 1680.361735
  89.055881 1679.638713
  92.684027 1678.882763
  86.390998 1682.208215
  72.583591 1675.725794
  86.508528 1676.972064
  85.257362 1680.543889
  70.473238 1676.525451
  70.087098 1678.602840
  91.200734 1684.039920
  70.845020 1681.640817
  57.799305 1668.909261
  59.994470 1676.054581
  39.721946 1673.343251
  66.340088 1666.273555
  74.755832 1673.556373
  66.248325 1680.283681
  55.100368 1681.483424
 101.690198 1678.089570
 108.219510 1681.865666
  92.413019 1676.892621
  77.084598 1679.912006
  85.201452 1677.973887
  71.898036 1682.797673
  98.626487 1672.671689
  86.711601 1676.659338
  53.169263 1675.537526
  62.608946 1677.530429
  73.806821 1673.729709
  75.936612 1676.509186
  67.866137 1674.114518
  81.055117 1676.610397
  80.982144 1671.082433
  76.796739 1680.185543
  81.777018 1675.763810
  78.332311 1677.646106
  80.375145 1678.535642
  93.264348 1677.377408
  81.399879 1672.401486
  89.807462 1670.827240
  72.271792 1683.289380
  56.297347 1678.579106
  66.112871 1677.235164
  60.737914 1680.843925
  96.958348 1675.182723
  81.268432 1671.932886
  79.266458 1676.364996
  71.565514 1674.016315
  74.956655 1673.953681
  54.481643 1681.171068
  70.750413 1678.527441
  73.779776 1674.298396
  84.094798 1673.405543
  86.108083 1679.651783
  94.576357 1674.254099
  75.490964 1676.814287
  84.056550 1680.676487
  81.829564 1681.455801
  56.730528 1667.860270
  94.383143 1679.607110
  49.577670 1678.673990
 100.436566 1677.814524
  76.172360 1674.336047
  79.750171 1675.954330
  73.574574 1676.957826
  77.720980 1672.471218
  69.732301 1677.577780
  76.020291 1669.129585
  64.593452 1668.030733
  55.384679 1678.742531
  48.479577 1678.091441
  53.523671 1671.955208
  75.651101 1678.301645
  65.480058 1676.106128
  66.566857 1673.799820
  67.646218 1677.339183
  91.846631 1676.806671
  94.280235 1680.916566
  61.078797 1682.302993
  66.833224 1676.501966
  73.626170 1675.519624
  48.614084 1669.285506
  80.413844 1671.583002
 101.760368 1672.433594
  78.679112 1667.911606
  68.319687 1679.188816
 116.172946 1676.298336
 131.615739 1676.646869
 107.603065 1680.826627
 106.791191 1670.073515
  51.300377 1677.698997
  62.014572 1675.179975
  79.289834 1679.439348
  91.646444 1679.413025
  51.545752 1675.859002
  82.974830 1677.138059
  69.022613 1675.601731
  55.819934 1669.887892
  82.315751 1667.981406
  61.132296 1667.284364
  47.850144 1677.825284
  76.315780 1674.599838
  76.306041 1679.508715
 105.119485 1678.418284
  83.660801 1679.345628
  88.092483 1672.197445
  80.318539 1678.479195
  90.725484 1674.238092
 113.237914 1680.401433
  86.906266 1678.301816
  65.803898 1676.546889
  55.860873 1676.001927
  88.667503 1674.130849
  59.367957 1679.503483
  43.312150 1673.219852
  62.227283 1673.492282
  81.537201 1677.783466
  67.695051 1679.666067
  62.578924 1678.312205
  90.149839 1676.672727
 102.100401 1677.321894
 100.269946 1681.540890
  75.212735 1679.818307
 104.860426 1678.956673
  79.733611 1679.069229
  56.981750 1673.394540
  88.882492 1677.225892
  78.150860 1679.798743
  86.966185 1674.257445
  57.284047 1676.623219
  74.090926 1675.622249
  78.350131 1673.215153
  60.569693 1676.677235
  73.228791 1673.682876
  90.833477 1681.390706
  81.493713 1678.065724
  99.039982 1679.341805
  88.524421 1680.227488
  69.646437 1676.548384
  83.087606 1677.345008
  69.537040 1669.620045
  79.904395 1680.691567
  71.515894 1677.562486
  85.180430 1675.490738
  68.886157 1673.331285
 112.428308 1673.875864
 106.662157 1680.178525
 115.367165 1676.938972
  86.269435 1678.138987
  84.222513 1679.472946
  63.173851 1680.622523
  70.109656 1672.274317
  74.431025 1674.739938
  97.521259 1675.903184
  61.932596 1672.656942
  70.121976 1674.202287
  77.141475 1680.544120
  60.523281 1676.403916
  84.636150 1676.984491
  96.011187 1678.924206
 111.154061 1671.587893
  70.311101 1678.508288
  59.353749 1673.586975
  95.368245 1675.277586
  65.530918 1675.604767
  57.676683 1678.470212
  70.503858 1676.288986
  81.437703 1674.920490
 113.682253 1672.590555
 122.010275 1679.153698
 120.273693 1680.251246
  53.880961 1680.378184
  73.868364 1672.108435
  61.299994 1675.171043
  71.657226 1681.319167
  98.193454 1679.413267
  89.033305 1672.099534
  72.056252 1679.625017
  67.673175 1676.165619
  88.378618 1675.988895
  83.705928 1680.358897
  98.068671 1680.630152
 125.936836 1680.616456
 133.480800 1677.676886
  99.350799 1680.922131
 100.044146 1677.643830
  69.000289 1678.513280
  70.408747 1676.526513
  71.343768 1676.671531
  76.807269 1681.172631
  59.757006 1674.826151
  64.697762 1671.172066
  92.480964 1677.070266
 122.827117 1677.150618
 146.086619 1676.640495
 119.733581 1671.911621
  71.851280 1676.102995
  50.850332 1677.685782
  76.753937 1673.842594
  76.964157 1669.997235
  76.864501 1681.039154
  89.183191 1677.310563
  70.522519 1677.551567
 104.483389 1673.384388
  58.408218 1673.418679
  68.965272 1681.258221
  83.208489 1677.305428
 111.204016 1682.535797
 103.081354 1673.776353
  82.387931 1673.398265
  72.676736 1671.004221
  85.690832 1678.917678
  96.779578 1676.259514
 104.915367 1679.368874
  95.515304 1677.685200
  64.654685 1679.122716
  88.535999 1683.813712
  82.810723 1679.361139
  83.957702 1679.082888
  80.873878 1675.623967
 105.356783 1680.019966
  57.943047 1680.713647
  67.861635 1676.488640
  90.527344 1679.574776
  51.648143 1678.920408
  33.855644 1676.418822
  50.308676 1677.685756
  81.195934 1671.834433
  94.119073 1677.832750
 117.837662 1682.678402
  77.994000 1678.865292
 110.864402 1676.082754
  93.571260 1680.002342
  81.433198 1681.534702
  74.745931 1677.548647
  78.404644 1676.199206
 108.768848 1680.685102
  81.444851 1678.843772
  69.547045 1674.837712
  92.534220 1667.380831
  76.842241 1677.788871
 107.670652 1673.789017
  83.801765 1672.321583
  47.950990 1681.858750
  86.988044 1681.713908
  81.439912 1679.346267
  60.321822 1680.334076
  67.297215 1675.460313
  69.743510 1672.533488
 115.174273 1674.409987
 101.115472 1678.046403
 108.685295 1677.411645
  82.906770 1667.534184
  83.235503 1681.514508
  82.887271 1670.426697
  75.986443 1679.872817
  87.615950 1677.305960
  83.059961 1678.411597
  77.771479 1680.161023
  77.527768 1676.816804
  76.600820 1674.358154
 110.538992 1680.998629
  65.932500 1676.916156
  94.933967 1679.085252
  80.890522 1680.464538
  64.552282 1675.524369
  91.726314 1677.374617
  69.519517 1669.753742
  47.445987 1675.999725
  80.207063 1673.131743
  54.664205 1674.093472
  93.261163 1677.648347
  91.108282 1677.604174
  98.945655 1673.440430
  84.014426 1678.829628
  60.035035 1680.942671
  93.810857 1680.964661
  94.164661 1677.824706
  68.030143 1676.485015
 107.715606 1677.048871
  59.697056 1675.348957
  51.340364 1676.662236
  74.175484 1673.749694
  84.920937 1673.763511
  83.397427 1673.955440
  97.576233 1674.094738
 122.435798 1679.633036
  95.343207 1676.291381
  89.290222 1679.823376
  77.921390 1677.642934
  77.066973 1675.181016
  88.957464 1680.167410
  58.572040 1676.947748
  75.298772 1681.298645
  71.183668 1679.871427
  79.066359 1675.030439
  78.807697 1681.929398
 105.682606 1672.961645
 105.702396 1674.286797
  69.293534 1673.531274
  74.921455 1675.406636
  66.278090 1683.530379
  99.325342 1679.542382
  65.179137 1679.345455
  69.454241 1678.558514
  64.395686 1678.113966
  79.338589 1671.840603
  59.257267 1678.363648
  66.928724 1679.547248
  59.572739 1676.119402
  44.643775 1677.966958
  74.594433 1672.015764
  70.026893 1672.577218
  68.571031 1675.735787
  69.511175 1682.933427
  65.705545 1680.308687
  74.814278 1685.413212
  78.558599 1680.002060
  40.827410 1678.281474
  59.202464 1678.712253
  86.997040 1677.691810
  82.743870 1680.150132
  88.085411 1681.364415
 100.106734 1674.001779
  96.851682 1684.300377
  91.176771 1682.456351
  81.277976 1680.651925
  67.924796 1673.809515
  89.216383 1676.658378
  95.241430 1679.837091
  74.737700 1679.597236
  92.365923 1673.186737
  73.009486 1671.003061
  74.561048 1671.948949
  71.385544 1678.714738
 106.640653 1680.973706
  79.712794 1677.881118
  79.439259 1678.552110
  44.766503 1681.740162
  75.038339 1678.694091
  83.232463 1683.373464
  66.640412 1686.014657
  66.562300 1673.119013
  82.177655 1679.406463
  57.921902 1681.267037
  79.479717 1676.839212
  68.721052 1673.468494
  77.993669 1669.255788
  80.300481 1675.468159
  53.868667 1665.897510
  36.969158 1675.569633
  59.563678 1676.048621
  75.736303 1672.683404
  77.280177 1677.753229
  79.783436 1676.593305
 103.473162 1683.622228
  87.299416 1680.388201
  90.706048 1680.267558
  64.470937 1678.507373
  65.296922 1678.915732
  72.277608 1678.863459
  66.552855 1678.399849
  66.334641 1673.908804
  57.554913 1670.727010
  74.177779 1673.296280
  77.552132 1677.113646
  70.935692 1684.159804
  92.620860 1685.749520
 104.805532 1673.720141
  80.956407 1683.500493
  65.558317 1681.150654
  57.616866 1679.182442
  68.252642 1681.899174
  81.119989 1675.397812
  73.335369 1671.226341
  60.835152 1675.388726
  59.864172 1671.273120
  74.563278 1677.912726
  69.163076 1676.010731
  97.830931 1672.531894
  69.420203 1672.178832
  51.867163 1671.465856
  76.861134 1678.594516
  74.176401 1676.471711
  74.062431 1672.776919
  80.345912 1671.127061
 105.848959 1678.625585
  92.715584 1676.317374
  61.149210 1672.506143
  80.899107 1674.260781
  57.477174 1679.370854
  59.137542 1678.768550
  81.609639 1672.798815
  60.823534 1675.450394
  60.057350 1675.350835
  47.316528 1668.135579
  75.242283 1675.234355
 103.111582 1675.509281
  88.279498 1675.366392
  95.889664 1675.373372
  70.806307 1674.480164
  90.557175 1674.548078
  82.388525 1678.078970
  86.515392 1679.620703
  85.038625 1675.240851
  96.020230 1680.283872
  93.974710 1680.291911
  99.438431 1675.684419
  88.247545 1671.680815
  34.542507 1670.748308
  51.989893 1669.883445
  77.428156 1668.464169
  69.571817 1672.899718
  53.135794 1679.979382
  54.413065 1676.665545
  86.030411 1678.267143
  99.294329 1673.691227
  74.722858 1673.438021
  65.218587 1680.340056
  80.596123 1675.449559
  82.524224 1677.232809
  70.205950 1681.793023
  80.619655 1677.091160
 102.808247 1675.808506
  90.070043 1682.033714
  95.631092 1678.732021
  88.525804 1683.385358
  81.768717 1676.119555
  79.046143 1678.063868
  55.232096 1673.192577
  75.822675 1671.553966
  71.532116 1675.183308
  58.407287 1674.613989
  52.756245 1676.857370
  59.008787 1675.554358
  73.579882 1675.250873
  82.125349 1680.196890
  95.263839 1678.125914
  64.896765 1674.941663
  84.075667 1670.291719
  63.942696 1675.430784
  68.481246 1677.300676
  68.608606 1678.345583
 119.837607 1676.566956
  81.212734 1678.103294
 132.731930 1678.105063
 100.282257 1676.771251
 115.803761 1672.417234
  64.663875 1676.862729
  66.258990 1674.209429
  60.182718 1666.693859
  65.043256 1675.905310
  99.272779 1675.075301
  95.320625 1674.060062
  87.154612 1676.580210
 107.205851 1672.576022
  77.074326 1678.430986
  78.681591 1679.002920
  74.086232 1678.510642
  55.635556 1677.274967
  67.574448 1680.109660
  91.037409 1680.392993
 108.408315 1681.191234
  57.618266 1677.278241
  68.887246 1678.885757
  67.464126 1677.021063
  78.157527 1682.712846
  53.629382 1669.493355
  69.744133 1674.645275
  87.569398 1682.175291
  69.284481 1678.683054
  52.491679 1674.537324
  78.816827 1676.645492
  80.228371 1676.701015
  70.601610 1681.504051
  75.189625 1682.291105
  77.292957 1678.526414
  44.125136 1670.898425
  67.168800 1676.708140
  82.838470 1681.908237
  75.527114 1675.658429
  68.361045 1678.382291
 103.794065 1677.289128
 111.743119 1671.004811
  97.585501 1677.580514
  90.665326 1674.132354
  44.389660 1677.966965
  75.587102 1676.609894
  96.097453 1681.588390
  89.402152 1677.598618
  65.288258 1684.733987
  59.955215 1675.115067
  57.219627 1674.326026
  70.034017 1673.584482
  61.292547 1665.866850
  79.688014 1678.643383
  57.852313 1668.877829
  65.710127 1676.781656
  70.774195 1673.223362
  61.956422 1672.709733
  74.982065 1672.067124
  67.397741 1671.736298
  57.407370 1673.558551
  83.134217 1668.177032
  51.879392 1670.512048
  86.763881 1679.091703
  80.918050 1673.506470
  92.983439 1677.413489
 114.309321 1680.084107
  96.996579 1675.171766
  63.667059 1675.605486
  58.775419 1680.158467
  54.765801 1672.542763
  75.658342 1674.383580
  79.960466 1680.350628
  60.438422 1680.952429
  64.474917 1674.780611
  77.236819 1674.837891
  99.473091 1678.553881
  93.153023 1670.982612
  78.504344 1674.344024
  81.071569 1665.243613
  67.065104 1673.025707
  72.435214 1677.274665
 114.429831 1674.568062
  75.141899 1674.283243
  53.583833 1678.759227
  55.631297 1670.069053
  53.651436 1676.713923
  70.040064 1673.398662
  56.236226 1669.139360
 101.640932 1669.490162
  98.545474 1671.118201
  94.340155 1673.204525
  61.294619 1673.187721
  61.709357 1669.900219
  85.555967 1675.874645
  78.708632 1676.549392
  58.789614 1680.499196
  88.684802 1673.402830
  74.904622 1681.884005
  85.895056 1679.224803
 106.227323 1676.709647
  68.139917 1670.730024
  88.566405 1673.033362
  66.830790 1675.478290
  79.397997 1676.257098
  85.289720 1677.794006
  96.048402 1672.755493
  89.659600 1676.218875
  77.662531 1682.170175
  95.884787 1674.749192
  81.058327 1676.124309
  47.417001 1676.513835
  55.821108 1677.467799
  66.384192 1675.737622
  78.085418 1670.932714
 110.940192 1668.992591
  91.480898 1678.380904
  59.584392 1673.896952
  85.059932 1673.702944
  54.488150 1677.740008
  93.576268 1680.478026
 112.595115 1676.448560
  91.856133 1680.847016
  85.889280 1672.663951
  57.647668 1679.412040
  58.373996 1668.014267
  77.594177 1677.406234
  74.553020 1677.663756
  58.328446 1676.169735
  80.664351 1679.726513
  99.716931 1674.025498
 107.802765 1674.675029
  50.842803 1674.195357
  50.440919 1679.575223
  93.054590 1672.615573
  55.946873 1673.390905
  64.190171 1679.023960
  82.966907 1675.777362
  78.889662 1685.781502
  71.574954 1683.842586
  47.109060 1676.510755
  87.915420 1677.586516
  73.941176 1681.285948
  88.088105 1685.707043
  65.677033 1684.141376
  85.643788 1672.874706
  54.496048 1676.536536
  67.687738 1682.488224
  76.554371 1684.168293
  63.451644 1685.618648
  52.508658 1681.321909
  70.805854 1682.467231
  91.249977 1681.598026
 119.946332 1678.173405
 126.408925 1682.207242
  79.780476 1677.167142
  74.789090 1682.402955
  82.981984 1683.601718
  66.180856 1678.887213
  88.603401 1685.602915
 106.807905 1681.101184
  72.564044 1684.715450
  81.861880 1679.082589
  87.570252 1685.017070
  79.549338 1684.845678
 111.335207 1677.948686
 106.196499 1681.086471
  48.527864 1682.304502
  72.222046 1677.239508
  54.653758 1681.603333
 103.758317 1686.051503
  47.316158 1670.396071
  45.697061 1676.101239
  74.057072 1680.065488
  55.058588 1676.412233
  89.850776 1682.953556
  60.621584 1683.095818
  61.127585 1677.771462
  71.948008 1683.080655
  90.865821 1679.590844
  59.952370 1672.500972
  60.266927 1672.130788
  55.440402 1671.010352
 110.309623 1672.223125
  85.160041 1670.812145
  59.695009 1681.534150
  80.740105 1682.639080
  45.247073 1678.663064
  65.519496 1685.460634
  58.502702 1678.806285
  42.320630 1680.892096
  55.035785 1679.470126
  41.177723 1670.744543
  47.755420 1677.917740
  87.552998 1679.964866
  78.113704 1667.931747
  77.046673 1678.253797
  77.295855 1673.692927
  88.404162 1678.487223
 110.516425 1677.891928
 100.569126 1675.323177
  81.825468 1673.936571
  60.787018 1677.334438
  50.252374 1677.841403
  52.417210 1678.553769
  50.009934 1677.897402
  78.875403 1684.409430
 100.081743 1673.844406
  65.852291 1681.415459
  59.978282 1678.430482
  55.092726 1682.093113
  86.029488 1683.375765
  79.194446 1677.894870
  48.855711 1680.667540
  61.290281 1677.533645
  59.090766 1680.844855
  51.377161 1671.986812
  67.090826 1675.277038
  42.272932 1668.917440
  47.891189 1676.036037
  60.634994 1678.178907
  71.683278 1676.286987
  77.389919 1672.815262
  57.293840 1679.029661
  96.811584 1677.297292
  55.392190 1678.281379
  90.458214 1679.708205
  87.329623 1678.895022
  84.058888 1679.182950
  78.735085 1677.498423
  62.590242 1683.747926
  76.177592 1676.146519
  79.913792 1681.367796
  97.570257 1674.034017
  71.255768 1683.210536
  66.019334 1682.129480
  60.071147 1679.878674
  72.179434 1678.045223
  74.341631 1683.616205
  72.296291 1682.389630
 118.930071 1681.932034
  69.932381 1673.165427
 101.657879 1684.823819
 102.515151 1682.682557
 128.717411 1682.603448
  72.187838 1685.249060
  43.252267 1675.336950
  63.445374 1682.935981
  71.994838 1679.502407
  75.072236 1671.145008
  60.442672 1673.985811
  85.995523 1675.467849
  63.264788 1677.184950
  76.140920 1681.586800
  53.772429 1679.679557
  59.980952 1670.268686
  80.950346 1676.562156
  91.875130 1669.063792
  93.123196 1677.075860
  75.845106 1671.290055
 106.914876 1673.539924
  82.083066 1679.109866
  68.489561 1676.844503
 100.432596 1676.728239
  70.674299 1679.066442
  73.046130 1677.165821
 102.705389 1678.634024
  89.108884 1675.956493
  92.600399 1676.009786
  63.526226 1674.555075
  80.734091 1678.773956
  98.144125 1672.860625
  77.233781 1681.495571
  87.357252 1676.084666
  72.330302 1678.679337
  80.381192 1678.729851
 111.686034 1677.139168
  97.810774 1680.226412
 104.315082 1668.078152
  49.008916 1678.017060
  82.465672 1674.449965
  96.310046 1678.851947
  88.867542 1681.562440
  73.796435 1676.035158
  97.887466 1680.733613
 107.130254 1679.906278
  56.845437 1674.494293
  74.170557 1672.981194
  80.441425 1672.273955
 101.578612 1675.555682
  82.377328 1675.453427
  69.851087 1675.537556
  72.455367 1675.541277
  83.545705 1674.143912
  77.802036 1678.011381
  43.440588 1673.217652
  75.680181 1676.784381
  99.833181 1678.729221
  81.203004 1669.488672
  53.014576 1676.677887
  84.764331 1674.800015
  63.134587 1673.052917
  70.055460 1675.306720
  76.343435 1674.885626
  68.526898 1673.288692
  74.870958 1674.124388
  88.047570 1671.595384
  69.908249 1670.655625
 101.275495 1679.781802
  86.144150 1677.891621
  48.923822 1677.795218
  56.096484 1676.133129
 110.468383 1676.673884
  88.216272 1677.184548
  67.820304 1677.777071
  85.133398 1677.094677
  73.330947 1674.090258
  70.852904 1676.133721
  76.669667 1677.097086
  80.112957 1671.430890
 102.921825 1672.386230
  90.174331 1677.808662
  96.320444 1678.496828
  81.702767 1678.420671
  96.988462 1675.362007
  79.246141 1670.672410
  78.560664 1678.598210
  96.743578 1682.016491
  72.874604 1677.381155
  78.589520 1679.809517
  94.505853 1672.757061
  70.831769 1680.650488
  92.510431 1680.886220
  78.689036 1670.891004
  97.147185 1674.429653
  65.216017 1675.187676
  95.719169 1680.888361
  58.550351 1671.025807
  70.044047 1673.838123
 125.331294 1677.757313
  70.533108 1680.795743
 106.307587 1681.028101
  64.354791 1679.451681
  74.189131 1682.201755
 104.452574 1677.262499
  66.614261 1679.350366
  63.412263 1674.878750
  81.571441 1681.690693
  70.393671 1677.839064
  81.821090 1675.510822
  48.724035 1669.494604
 109.198514 1681.537418
 131.394371 1678.157339
  85.268390 1677.955192
  53.815717 1676.061275
  95.819252 1676.328302
 101.602241 1679.188781
  70.875431 1675.291183
  92.245828 1681.310125
  70.572113 1681.052088
  66.026469 1670.361910
  74.280021 1676.690490
  62.555375 1679.260620
  57.336858 1675.152880
  61.131924 1676.771291
  54.998669 1677.940687
  80.013799 1679.217403
  94.668131 1671.978240
 106.160223 1683.920931
  99.775509 1681.309726
  76.659749 1677.879078
  82.622794 1677.400032
  59.095255 1676.616036
  59.529684 1679.748139
  67.237809 1680.339811
  58.782212 1676.892611
  75.287030 1676.729581
 118.015779 1680.864653
  75.189941 1680.830853
  94.664938 1677.263441
  99.593649 1673.140740
  65.487569 1679.987403
  64.539241 1676.624983
  86.075846 1674.882041
  81.954400 1676.596771
 100.722043 1669.511275
  88.754366 1673.945411
  57.807124 1678.089652
  66.571835 1674.431135
  66.778926 1673.893373
  69.514857 1672.652542
  66.990830 1661.572701
  77.936682 1676.176408
  59.885902 1675.158968
  71.618017 1671.006970
  79.910761 1674.062705
  65.258255 1678.124481
  47.911489 1679.342643
  70.241165 1676.974323
  63.395025 1678.898859
  72.812151 1678.858362
  71.666097 1675.995213
  60.385867 1670.654391
  86.698683 1677.695619
  62.463091 1675.349712
  75.028791 1676.921178
  42.597311 1669.566642
  74.229203 1674.707998
  71.024513 1678.502389
 106.249394 1683.664975
 137.011301 1678.705315
 112.046634 1679.238147
 109.406437 1674.025376
  89.774702 1672.142981
  85.424673 1677.481009
  86.545571 1680.491100
  77.657671 1678.325005
  67.337736 1678.021352
  83.891619 1682.690208
  69.615610 1677.975767
  49.974401 1678.366090
  60.418492 1676.560158
  91.703055 1673.068832
  78.670596 1671.588091
  87.864716 1668.544866
  79.649580 1672.363324
  67.847264 1672.144833
  99.633923 1682.440524
 108.528133 1672.640127
  92.153210 1677.484956
 103.537023 1677.493984
 100.079463 1672.660021
  64.338784 1675.465826
  81.725527 1670.810641
  64.987118 1670.486070
 110.630488 1672.015682
 109.741011 1677.257585
  76.423725 1684.541991
  83.465699 1675.587515
  75.169057 1675.804389
  95.711167 1680.009005
  85.721669 1677.144467
  85.616837 1676.489486
  63.400008 1676.122734
  55.905477 1676.646921
  90.016645 1681.329820
  83.210684 1678.028584
  85.589020 1677.584533
  95.275230 1678.848325
  78.894309 1677.078321
  82.867732 1679.570479
  56.788719 1674.502569
  35.125179 1677.286525
  78.639951 1676.088072
  60.801413 1670.766225
  53.051265 1679.359490
  92.209209 1675.858267
  89.713073 1670.898697
  98.338014 1671.916897
 121.447922 1679.060160
  66.667937 1679.365853
  82.158464 1677.546978
  97.018998 1671.805596
  77.547864 1674.977306
  62.696267 1672.827822
  79.274990 1667.953702
  65.876059 1681.282170
  53.323819 1677.052608
  48.655667 1678.351525
  65.245083 1676.353232
  79.667260 1678.112731
  76.840824 1679.983502
 101.445443 1678.905044
  50.882518 1676.097271
  74.237242 1670.338364
  44.471873 1675.814903
  75.017527 1671.508739
  52.437314 1680.988879
  85.349748 1677.272360
  87.968489 1674.917319
  55.933193 1672.257851
  59.796204 1680.906289
  67.551063 1673.528651
  50.100072 1675.884517
  77.094111 1678.328969
  68.488257 1675.940637
  45.560195 1676.785772
  60.845972 1675.144056
  64.292503 1677.586209
  76.819994 1675.124698
  68.442443 1676.412930
  75.898450 1673.879054
  70.843500 1676.338204
  79.781074 1679.079500
  94.218726 1676.077241
  90.200109 1678.641344
  62.282299 1668.195137
  48.800825 1673.164778
  77.507625 1676.359636
  61.211597 1680.545434
  77.677184 1677.085570
  48.770049 1672.417331
  68.584028 1672.198799
  91.700966 1672.107585
  97.303547 1680.358873
 126.121646 1678.031538
 107.928764 1681.889881
  56.634611 1678.865126
  80.207174 1671.877691
 120.314579 1670.848658
  79.657012 1678.627230
  64.657769 1678.294164
  87.432196 1676.821961
  74.753368 1676.790591
  99.903670 1677.540903
  56.523637 1676.015319
  73.455530 1679.125692
  89.751832 1672.336218
  97.389296 1667.654956
  67.050689 1672.086463
  55.846958 1675.309460
  46.729194 1676.357980
  79.234284 1673.546827
  68.754840 1679.709950
  68.983863 1667.555897
  62.127337 1672.340397
  79.009809 1668.217338
  77.951426 1674.344418
  68.319025 1676.889072
  71.734504 1670.498576
  69.390305 1671.301377
 109.587191 1679.317410
 140.183327 1672.145551
  88.027213 1678.463025
  69.794893 1668.485256
  62.672988 1679.849271
  61.011223 1680.487202
  53.396407 1677.864961
  58.579859 1681.866410
  60.875830 1674.398712
  62.708991 1681.058600
  92.610809 1675.881290
  89.380970 1682.636338
  76.155661 1674.510264
  85.338520 1679.620926
  69.505746 1673.064166
  70.288632 1676.967334
  91.358477 1681.763440
 100.416762 1671.681457
  92.423321 1681.015360
  97.727644 1682.000770
 116.949798 1674.542990
  66.682589 1682.094434
  57.726816 1677.264072
  58.582907 1676.605595
  79.719057 1674.496691
  96.010539 1675.734468
  61.144043 1678.129128
 109.626006 1683.649794
  85.402014 1674.561967
  80.492043 1679.157160
  89.960810 1680.859243
  65.676684 1673.963190
  90.220139 1675.443943
 104.954405 1680.796751
  74.348162 1682.296603
  58.909525 1676.129116
  65.385259 1685.232230
 120.405926 1676.371357
 103.895932 1671.409689
  67.191992 1680.254666
  49.155384 1674.566107
  61.435263 1680.993895
  63.551449 1678.081582
 107.257498 1678.013718
  87.076750 1679.731330
  59.553118 1681.265317
  82.163866 1676.374040
  66.921892 1680.079594
  46.057903 1674.053697
  85.567082 1677.610952
  84.273787 1682.790964
  45.655425 1675.966896
  57.379704 1683.052975
  75.924026 1677.411269
  97.037019 1675.368698
  64.465160 1677.138049
  99.809070 1674.089073
  85.911393 1677.044164
  76.847754 1678.406602
  73.845257 1675.211976
  42.630547 1670.756285
  83.647030 1672.259195
  67.817554 1678.327341
  45.513180 1677.294428
  85.858915 1674.523174
  55.329062 1677.391467
 106.490470 1681.542886
  75.605749 1684.237295
  75.697776 1684.407690
  83.237469 1677.731585
  95.151575 1677.396414
  90.025607 1676.081839
  73.807527 1674.613355
  98.244907 1680.785986
  89.941116 1676.572809
  62.572017 1678.328382
  65.731640 1679.297614
  76.662961 1676.704780
  94.983630 1674.217814
  58.222790 1670.705510
  99.681107 1675.291694
  71.539583 1675.102639
  67.242022 1676.271757
  68.551974 1676.870352
  66.312912 1669.830493
  88.777931 1679.433878
  74.989283 1679.008475
  96.610452 1677.780045
  70.097996 1679.494360
  59.812540 1677.190672
  70.025301 1677.108893
  78.745207 1673.419260
  57.745156 1679.098669
  58.668728 1680.823770
  76.563905 1674.781039
  86.337502 1677.768496
  69.748365 1680.516080
  87.054234 1680.106196
 110.338915 1670.092754
  61.346824 1671.222078
  65.366716 1673.468202
  67.091050 1674.225077
  81.152121 1677.893764
 117.326106 1676.596176
  73.111911 1679.110331
  64.968426 1671.242786
  33.183523 1672.082105
  52.374812 1675.366781
  63.122068 1682.252305
  73.986047 1669.234376
  60.155648 1674.228273
  55.667528 1677.175312
  65.413465 1677.781306
  59.176027 1678.743614
  86.832071 1675.615038
  80.739641 1676.484654
  77.807199 1672.708216
  77.944290 1676.147243
 118.318696 1680.467724
 100.426608 1679.834202
  74.111208 1668.022534
  92.393613 1678.321159
  72.167529 1670.525991
  73.568950 1676.636912
  77.236218 1679.839173
  72.148009 1676.314563
  70.013005 1683.164352
  57.578353 1680.849964
 126.483619 1679.472120
 100.132368 1675.508333
  76.294711 1673.274904
  86.374661 1677.587063
  78.421478 1680.067725
  57.808420 1679.235292
  82.792947 1678.193699
  57.789169 1682.825262
 118.922127 1678.322283
  66.041432 1687.492678
  85.481395 1674.772450
  40.865641 1679.623618
 124.730729 1674.060298
 104.233434 1676.429086
 126.717690 1676.041069
 130.526412 1680.964585
  76.852810 1676.514036
  80.779911 1681.275764
  72.464892 1678.001762
  78.056066 1677.220733
  98.709682 1678.518571
 108.855373 1675.017920
  72.349262 1674.704324
  98.755564 1680.149013
  82.381204 1681.919769
  80.583328 1678.321369
  95.642713 1676.699225
  77.470946 1677.143852
  85.217558 1674.349793
  77.853799 1677.366528
 101.757345 1680.568550
  84.578025 1679.801917
  78.960092 1677.897793
  57.874868 1682.524755
  87.332012 1679.103693
  86.095801 1674.758414
 106.534012 1675.419937
  82.990558 1679.851383
  55.075305 1675.957942
  74.231168 1673.825789
  74.462779 1670.062168
  67.425644 1679.718551
  89.310145 1673.512984
 108.630466 1675.488689
  66.427743 1668.525724
  73.458061 1678.113070
  72.022449 1673.339000
  60.772050 1670.894935
  76.789715 1676.280966
  58.635604 1678.293540
  78.960410 1676.704445
  61.715576 1678.652271
  54.067277 1677.323392
 107.910426 1674.914012
  93.751883 1679.729321
  69.379969 1670.379238
  81.699697 1675.973829
 118.818181 1673.529939
 114.356887 1670.642060
 108.930638 1667.939320
  93.217323 1671.456841
  79.267619 1671.577193
  77.233589 1678.870237
  67.983573 1679.422607
  84.417246 1675.908016
  81.168607 1677.128378
  79.206921 1679.089457
  83.900692 1682.152161
  87.819036 1681.158088
  64.887016 1682.921915
  62.356545 1680.098881
  48.398365 1679.339329
  70.493698 1682.020153
  81.290420 1683.152548
  61.123835 1679.737948
  89.578931 1681.171217
  62.637232 1680.359059
 106.681536 1676.689440
  42.760926 1670.636618
  68.835427 1673.518807
  48.679423 1674.828103
  59.566810 1674.269631
  90.758758 1675.861972
  80.404739 1669.821071
  64.612530 1676.790592
  69.895771 1681.975247
  97.403723 1681.713226
  91.207018 1674.690014
  79.654981 1671.010698
  60.373858 1674.339840
  47.030269 1679.842625
  53.164397 1675.631171
  51.212023 1670.317002
  66.791675 1680.371872
  95.915588 1675.993771
  92.244427 1674.864399
  54.924958 1676.222107
  65.703965 1673.624857
  71.917305 1670.676889
  75.678183 1682.757005
  87.604510 1673.019504
  97.686956 1678.933552
  98.768271 1677.871950
  92.853469 1678.368328
 107.614547 1681.068314
  76.630951 1680.052049
  85.648917 1678.127745
  73.381983 1680.185874
  47.561399 1670.454146
  63.556469 1672.559241
  47.420180 1678.949901
  85.499964 1678.621358
  79.994906 1678.391992
  68.025490 1676.826189
 113.375706 1675.278745
  96.360070 1683.191218
  93.663280 1674.707164
  65.145960 1681.194807
  65.496099 1673.909374
  79.818871 1675.516475
  79.513539 1671.943781
 106.467415 1678.911977
 129.429688 1676.463698
 101.887515 1675.395714
 104.944034 1677.776363
 106.496633 1680.187745
 115.465043 1670.264622
  64.382757 1677.577221
  74.192024 1678.943443
  67.410325 1678.242995
  82.447993 1674.863224
  75.735405 1681.525426
  68.905666 1673.637501
  84.706041 1681.629056
  98.554112 1672.556179
  84.055789 1679.473235
  87.451534 1678.386802
  50.693936 1681.773885
  68.884277 1672.124318
  83.561876 1672.777884
  74.262017 1678.671634
  97.092448 1675.524080
  89.291023 1672.001401
  88.248080 1673.132071
  90.224174 1668.311362
  76.773526 1670.179681
  48.407431 1674.186909
  67.848218 1673.168433
  71.112299 1676.711220
  48.585818 1671.539320
  98.868149 1679.615240
  62.487646 1674.640938
 122.723967 1671.199355
  79.724177 1668.794149
  62.729522 1671.270684
  84.788601 1678.913898
  95.128756 1679.910800
  70.511071 1675.816828
  76.894509 1680.543723
  53.587146 1678.586049
  55.573639 1675.608215
  71.610474 1675.980959
  96.038040 1678.818488
  71.307111 1676.684468
  49.143297 1679.043769
  93.435147 1680.787886
  94.627299 1677.248295
  62.245253 1675.313248
  54.545932 1675.760548
  72.393100 1675.524477
 104.430468 1671.210503
  94.962938 1680.102168
  76.858481 1667.406110
  74.417248 1682.603443
  72.149551 1678.069576
  64.710499 1670.989159
  84.608304 1672.915871
  79.020941 1674.138562
  66.987240 1680.364133
  70.095980 1675.347759
  70.326634 1675.676541
  55.342147 1680.647623
  93.557872 1676.374147
  74.556613 1679.680503
  67.377779 1675.783525
  81.989741 1675.339707
 105.083806 1681.016709
  92.306755 1672.062734
  79.119745 1672.252867
 108.861061 1676.281567
 111.245180 1671.176386
  94.045920 1677.021881
  74.884144 1680.277278
  65.125397 1679.685896
  47.606914 1674.031358
  79.622386 1674.657690
  75.381149 1680.328164
  65.655236 1678.045539
  60.909749 1678.770692
 104.948579 1679.616604
  69.337025 1677.034794
  65.842896 1677.948290
  84.466056 1677.249903
  71.506996 1679.341545
  61.802050 1670.515894
  98.918157 1674.224313
  79.412135 1674.324103
  43.776702 1676.165827
 106.294717 1675.857365
  59.333978 1681.901872
  62.445807 1682.465894
  43.929287 1676.253156
  63.887070 1676.050406
 104.706729 1682.403128
  59.773744 1677.474388
  59.672920 1682.377006
  67.971570 1673.827124
 101.235675 1680.234807
  72.504069 1672.527440
  88.158641 1673.975703
  95.244273 1678.441180
  84.598701 1676.318172
  69.570119 1677.254215
 102.232866 1679.224664
  83.834047 1676.452363
  71.282853 1676.153618
 110.781148 1679.265416
  81.728166 1675.970282
 105.552894 1677.900059
  88.336657 1675.871123
  95.062155 1682.022897
 115.380159 1679.520650
  87.379219 1677.264304
  74.441893 1674.796656
 105.093712 1677.825767
  86.885262 1681.421732
  77.234024 1680.429617
  58.420310 1676.711221
  59.709950 1672.750246
  74.933705 1679.794780
  86.997629 1681.556797
  89.471841 1674.730116
  77.582766 1677.307737
  76.730833 1677.360838
 108.894471 1671.831370
  87.546807 1674.124809
  40.973321 1676.533528
  56.901016 1677.337436
  91.663690 1677.234734
  91.359119 1677.813727
 104.037231 1680.185282
  75.357741 1679.099537
  92.548010 1677.168855
  86.899244 1673.387113
  80.386703 1680.936776
  67.849895 1677.720563
  82.235596 1674.289304
 103.496951 1679.018271
  91.797593 1676.641652
  54.409009 1672.353461
  71.472171 1679.802718
  61.733955 1682.107920
  85.900726 1677.902954
 121.565634 1674.363234
 107.027399 1676.358599
  83.121972 1673.415620
  79.503943 1674.572181
  81.203224 1681.658453
  67.128761 1678.828037
  76.318840 1681.241454
 120.180240 1679.586339
  94.106726 1680.389021
  78.017036 1673.192116
  91.147132 1674.738543
  98.398946 1678.535346
  80.973307 1677.623863
  56.027466 1665.756522
  89.313873 1679.855739
  46.113760 1679.388622
  86.527757 1674.010487
  80.048013 1675.734167
  84.471545 1678.178015
  64.363918 1681.575825
  59.989386 1672.255020
 102.780276 1672.937496
  83.229714 1674.742541
  68.641985 1679.869357
  60.097006 1675.697961
  61.626202 1675.612568
  66.411290 1678.642384
  96.159052 1670.055162
 116.191673 1672.397530
 108.458713 1677.113292
 109.610560 1679.536925
 110.794742 1671.914593
  87.179125 1678.072314
  60.257349 1672.408622
 103.181482 1674.548427
  83.753114 1683.411458
  89.575085 1683.504654
  50.834999 1682.150046
