  0.115182 565.102723
  0.112033 623.014414
  0.107911 557.255507
  0.104642 566.863181
  0.107392 682.885105
  0.111742 577.699376
  0.113590 543.672281
  0.122731 575.758755
  0.111209 609.025903
  0.116866 581.628897
  0.124388 576.590839
  0.126691 563.229693
  0.122149 550.450605
  0.121275 643.741433
  0.122876 621.992317
  0.119518 573.990665
  0.112354 659.595007
  0.115144 640.393766
  0.117690 531.307814
  0.117163 687.956135
  0.119245 595.286155
  0.119414 612.130535
  0.121887 555.080899
  0.113277 576.683481
  0.116758 607.559379
  0.125838 530.464687
  0.130397 576.859169
  0.121317 585.564041
  0.123586 554.353376
  0.129336 606.505786
  0.122032 566.743857
  0.111376 604.987797
  0.123430 545.219669
  0.117681 620.946233
  0.119836 682.588613
  0.125423 574.929961
  0.127486 589.627551
  0.123752 608.270926
  0.126789 543.495694
  0.123708 604.545463
  0.123583 614.536736
  0.125107 610.095703
  0.123053 648.793734
  0.121250 629.522576
  0.130619 605.831549
  0.127577 587.524413
  0.120896 575.062794
  0.112197 569.024546
  0.115020 547.794630
  0.117981 586.619161
  0.117436 577.976986
  0.112258 570.932278
  0.104172 601.135818
  0.113456 562.114086
  0.113557 580.324129
  0.117957 620.758253
  0.117666 574.522485
  0.121725 531.852439
  0.117375 634.468096
  0.126482 583.577971
  0.128394 552.232366
  0.119565 548.992271
  0.112463 542.006389
  0.121963 654.648486
  0.126248 585.047003
  0.115008 626.456223
  0.113877 644.971509
  0.125823 567.625599
  0.124421 620.655431
  0.124294 547.941337
  0.129777 636.611480
  0.115535 617.185957
  0.120439 608.624191
  0.124618 608.327302
  0.123274 569.579575
  0.124816 556.876417
  0.120155 542.175677
  0.125914 601.316212
  0.123738 596.303606
  0.123114 559.062091
  0.125945 592.027693
  0.127546 627.361940
  0.122935 557.212138
  0.130464 575.120050
  0.124611 605.421936
  0.120247 589.673231
  0.125996 588.476361
  0.112130 525.021804
  0.127473 630.633582
  0.127450 600.091354
  0.129975 578.033228
  0.121693 595.910915
  0.122247 642.110774
  0.119477 620.148402
  0.121703 545.248063
  0.114939 607.667562
  0.116524 548.043700
  0.117725 586.221436
  0.123307 535.425081
  0.119780 570.921005
  0.127961 653.403263
  0.128459 623.966956
  0.126164 615.329931
  0.119461 614.443414
  0.121232 554.380274
  0.120765 667.917796
  0.124686 627.467475
  0.125139 612.478750
  0.121321 582.205591
  0.123878 669.419055
  0.130287 608.262549
  0.117095 636.888071
  0.114723 592.529468
  0.120150 664.310206
  0.112586 609.349036
  0.114311 625.373059
  0.112630 620.089378
  0.112551 612.297234
  0.116916 593.931145
  0.112059 606.597705
  0.114326 681.349305
  0.114221 520.065168
  0.114284 589.287786
  0.115365 624.901540
  0.111493 600.413452
  0.110035 562.225827
  0.117894 564.434825
  0.117840 621.967830
  0.118998 614.667222
  0.120892 559.987602
  0.114129 603.725612
  0.120077 623.361263
  0.115955 634.371593
  0.109899 618.536283
  0.103625 626.063512
  0.108425 607.235244
  0.116324 579.163350
  0.109755 575.264045
  0.106099 565.901607
  0.105416 558.826359
  0.109012 621.891781
  0.123349 659.165793
  0.122410 588.732277
  0.118120 597.862888
  0.118538 618.156022
  0.110325 658.012019
  0.107764 591.661948
  0.106059 601.986984
  0.106100 642.938429
  0.109922 645.529632
  0.109406 605.393693
  0.106306 612.683486
  0.110078 599.614858
  0.109213 621.177753
  0.112455 617.881689
  0.107728 589.175350
  0.105046 639.399586
  0.103223 559.351908
  0.115324 638.991122
  0.122669 607.717227
  0.119406 581.303937
  0.120884 618.340204
  0.115285 598.050310
  0.124215 564.843424
  0.125525 606.778609
  0.131886 585.333633
  0.126358 602.199389
  0.119032 634.725506
  0.125066 519.602774
  0.118606 584.333048
  0.113443 578.057324
  0.115321 605.908463
  0.116023 637.242149
  0.108948 590.486330
  0.118846 610.253831
  0.124834 652.027115
  0.121521 574.839436
  0.120443 592.746839
  0.117541 500.888179
  0.122157 616.435915
  0.125193 534.548544
  0.121551 601.227771
  0.127321 593.334628
  0.120129 572.633488
  0.119458 587.013772
  0.121918 572.016014
  0.115114 569.743444
  0.127894 558.233057
  0.126117 524.680737
  0.124755 602.495278
  0.121761 699.621091
  0.123149 559.301366
  0.121861 589.700153
  0.121959 586.345605
  0.123721 546.648214
  0.118806 619.344451
  0.109152 600.826383
  0.114409 638.676268
  0.120917 533.295743
  0.109687 581.521901
  0.115746 583.519889
  0.121513 616.809018
  0.127116 584.588533
  0.123563 542.057487
  0.119595 547.420058
  0.122270 624.531100
  0.125838 576.799762
  0.125611 589.538582
  0.119413 530.027341
  0.116795 627.506340
  0.117797 639.399844
  0.130220 535.004979
  0.124791 559.599769
  0.124532 598.124999
  0.125761 637.235675
  0.123317 626.145142
  0.120264 643.187729
  0.123768 604.341966
  0.115027 573.309767
  0.119649 697.829507
  0.120365 630.854733
  0.115358 604.601261
  0.104935 615.065374
  0.105132 643.030688
  0.116101 591.699881
  0.117607 576.628621
  0.121752 598.619217
  0.124574 608.491996
  0.123497 524.221569
  0.118855 609.331931
  0.117762 612.590956
  0.112347 662.217525
  0.111001 587.790405
  0.103660 644.373825
  0.104689 658.688595
  0.106647 654.927465
  0.100356 563.808042
  0.105078 571.978546
  0.109226 588.456591
  0.106438 581.450044
  0.109759 573.215246
  0.114546 605.985480
  0.107936 610.286263
  0.105263 633.803375
  0.110477 643.722529
  0.115413 571.410437
  0.114640 595.025081
  0.116100 586.875963
  0.115768 564.911471
  0.110053 564.744340
  0.113916 668.515674
  0.116022 636.211931
  0.123692 688.018867
  0.122176 561.493058
  0.115041 630.972422
  0.118018 622.236417
  0.117252 594.067597
  0.115988 702.924121
  0.121288 558.368610
  0.124059 548.472339
  0.123405 588.323145
  0.117885 690.967972
  0.125898 610.341112
  0.124002 606.768932
  0.122041 585.621236
  0.118810 585.783529
  0.126044 619.530951
  0.122982 579.813530
  0.129942 627.468834
  0.126176 626.377967
  0.122650 556.925693
  0.124662 551.749445
  0.120171 586.003525
  0.121285 591.546793
  0.121510 610.692266
  0.119503 547.132467
  0.119849 542.795590
  0.116386 607.324499
  0.111883 644.423171
  0.114770 632.875125
  0.115181 664.417798
  0.112888 601.334170
  0.115546 540.991852
  0.122948 582.290302
  0.118177 573.947982
  0.107671 579.984546
  0.110855 603.933271
  0.113114 660.842237
  0.108867 527.851327
  0.117798 596.441874
  0.115701 586.160476
  0.116134 551.673671
  0.120613 605.972218
  0.122142 616.490602
  0.113438 626.641686
  0.119153 588.958402
  0.119271 610.883936
  0.119146 613.856365
  0.123223 595.793414
  0.120057 663.986395
  0.122287 643.172647
  0.123423 588.312053
  0.121361 619.800008
  0.121890 541.940930
  0.121689 579.573527
  0.117541 602.269430
  0.124597 565.833538
  0.122793 571.343804
  0.119224 620.009770
  0.122045 585.925948
  0.116544 593.460204
  0.118026 617.441510
  0.116748 584.280434
  0.111041 608.171093
  0.110081 662.484064
  0.108287 600.702380
  0.114854 590.182025
  0.124368 595.327010
  0.127005 591.993248
  0.121058 572.347467
  0.114322 562.329691
  0.119669 601.732529
  0.120823 578.192394
  0.111312 697.604570
  0.105966 543.668143
  0.106299 603.862700
  0.107845 565.870593
  0.116161 628.821871
  0.127540 564.918803
  0.121427 552.237149
  0.114363 600.878719
  0.119703 570.128787
  0.129096 606.009303
  0.124631 606.758256
  0.129888 591.606100
  0.118250 568.730957
  0.113499 540.147428
  0.106822 610.447365
  0.106243 585.225395
  0.112690 622.412088
  0.107828 632.939790
  0.106200 599.706092
  0.108825 567.686706
  0.112220 550.871261
  0.116017 574.941792
  0.113314 625.532520
  0.111491 586.154868
  0.118826 592.511143
  0.123692 683.431924
  0.124608 607.325929
  0.112613 612.416126
  0.112464 611.124428
  0.114403 608.187522
  0.115279 590.378417
  0.114631 639.141080
  0.119632 572.993923
  0.128986 658.386348
  0.129087 614.166878
  0.116673 579.143426
  0.117607 555.749590
  0.119165 590.602626
  0.112469 617.068302
  0.111915 589.243841
  0.103743 603.359021
  0.107131 618.128174
  0.117096 581.512653
  0.124272 574.366166
  0.117935 540.856145
  0.112886 636.876616
  0.118099 593.785858
  0.117099 586.069176
  0.114429 602.376764
  0.109231 618.555265
  0.107522 598.606163
  0.111743 601.361991
  0.107699 598.075732
  0.109551 552.007621
  0.109963 560.794248
  0.114367 571.949981
  0.103893 569.514475
  0.115284 671.628427
  0.123532 540.693488
  0.127535 579.218982
  0.125367 604.818025
  0.128074 646.623409
  0.120567 661.162250
  0.121258 600.928650
  0.121548 577.394054
  0.109149 596.140355
  0.113450 611.478309
  0.115009 668.320011
  0.109260 586.407130
  0.126773 614.120062
  0.123170 612.123579
  0.121661 563.164713
  0.122052 545.563883
  0.118445 675.528649
  0.117698 611.101335
  0.106937 659.712608
  0.114447 535.619678
  0.114900 600.709680
  0.117133 557.652415
  0.125478 576.654255
  0.113989 594.888904
  0.113565 596.590356
  0.105020 652.598899
  0.105358 572.308661
  0.112177 612.564559
  0.117400 593.332966
  0.125735 626.231704
  0.124315 625.838696
  0.121245 688.584267
  0.124594 592.328322
  0.125760 662.489022
  0.124144 658.545636
  0.124904 568.577047
  0.119745 694.433872
  0.124420 577.843648
  0.124179 646.484412
  0.117875 617.099297
  0.114708 584.785166
  0.109542 619.078010
  0.110884 624.309581
  0.113280 574.838444
  0.120416 606.476324
  0.114599 634.236129
  0.117038 617.181820
  0.114766 620.625384
  0.111071 615.016887
  0.110921 547.300859
  0.108007 548.014860
  0.106631 581.147382
  0.109636 620.803603
  0.105939 633.509466
  0.104115 645.830184
  0.115886 698.373529
  0.107258 631.101664
  0.122945 623.695805
  0.119316 633.237085
  0.117039 650.878334
  0.118120 621.918048
  0.124995 580.003315
  0.129882 582.508110
  0.118699 576.689056
  0.121645 536.943174
  0.115419 574.647868
  0.112232 605.335676
  0.111540 578.242683
  0.111560 654.035651
  0.110533 643.208859
  0.109369 546.579791
  0.113522 610.023910
  0.117623 553.317065
  0.114451 647.378909
  0.121265 618.712627
  0.126372 649.676006
  0.125815 536.847839
  0.122345 585.787643
  0.119434 614.862696
  0.125287 686.964443
  0.123329 546.567450
  0.125892 619.624840
  0.121567 604.031477
  0.122565 575.870490
  0.114836 591.027011
  0.115889 600.100411
  0.118053 577.251684
  0.121030 614.206757
  0.117110 617.351694
  0.122755 622.713555
  0.124505 622.053344
  0.127168 554.403771
  0.119043 588.611349
  0.129071 654.728165
  0.122837 549.351541
  0.122556 616.003668
  0.125999 579.772288
  0.126877 589.727908
  0.124700 550.411853
  0.115753 603.440101
  0.116017 586.523564
  0.124132 601.759854
  0.115668 595.807697
  0.116910 585.116401
  0.116494 598.583159
  0.120834 599.821477
  0.118046 522.495502
  0.120633 628.968878
  0.115132 620.370297
  0.109303 638.361095
  0.122835 561.601142
  0.112677 614.158060
  0.124497 579.355057
  0.126049 610.035768
  0.116657 561.999299
  0.117312 523.640895
  0.124151 602.539438
  0.114865 645.048581
  0.116027 625.339657
  0.124729 701.284826
  0.124570 593.363845
  0.125474 581.635853
  0.121977 620.578958
  0.124029 608.274193
  0.119581 671.229105
  0.115280 543.198252
  0.111161 596.793638
  0.125369 637.826285
  0.124598 577.940210
  0.122658 605.895429
  0.124678 597.160833
  0.117759 603.328571
  0.118902 642.347604
  0.121759 575.734214
  0.120523 578.219550
  0.127214 589.436876
  0.122642 606.054675
  0.116500 580.379087
  0.113227 579.281770
  0.111692 554.406370
  0.108510 606.995211
  0.108517 624.778399
  0.105657 603.339301
  0.114101 553.267871
  0.114973 721.938845
  0.112625 587.906664
  0.103108 561.508307
  0.108958 653.632645
  0.111040 580.849576
  0.112257 635.509832
  0.114056 615.484740
  0.118463 571.704498
  0.127085 540.563610
  0.130211 615.639785
  0.127446 571.553748
  0.118406 624.175777
  0.121671 590.220939
  0.120623 606.137435
  0.119579 604.081143
  0.126723 613.694322
  0.122027 619.603264
  0.124918 613.998548
  0.119354 560.838344
  0.122011 578.218564
  0.125173 573.858560
  0.120908 615.902284
  0.124600 557.874347
  0.126911 619.513423
  0.128889 540.833703
  0.125217 638.906531
  0.125038 586.047955
  0.114696 554.616173
  0.112145 595.604757
  0.111590 576.281981
  0.115815 549.202467
  0.109313 576.099496
  0.105717 633.623627
  0.108643 657.452637
  0.111374 630.477928
  0.110790 580.300535
  0.110997 607.652905
  0.105466 605.367044
  0.110938 623.141259
  0.110561 574.986593
  0.124033 532.219166
  0.119147 598.242317
  0.124928 617.438134
  0.124017 618.422895
  0.130358 652.959200
  0.118665 566.146618
  0.128756 580.904872
  0.121812 577.316714
  0.113746 587.438786
  0.127925 550.224182
  0.121688 630.571934
  0.119808 624.414557
  0.119996 607.087218
  0.121949 611.133183
  0.121990 558.750380
  0.120186 578.414705
  0.125304 628.057343
  0.128104 525.069003
  0.128241 697.097678
  0.126730 572.999411
  0.120878 602.295915
  0.122545 613.463652
  0.120028 534.359862
  0.114029 681.490058
  0.111741 626.670218
  0.119488 590.785832
  0.121142 584.220302
  0.123162 604.319626
  0.119631 590.861378
  0.110725 650.433600
  0.114738 593.272380
  0.117230 635.286953
  0.119774 577.669099
  0.121454 526.981681
  0.114213 614.913788
  0.118168 601.954040
  0.115379 598.082778
  0.110789 564.057433
  0.106677 606.343620
  0.104516 625.181575
  0.101857 600.695101
  0.101413 586.065794
  0.108659 549.680223
  0.114904 562.688505
  0.104859 564.339140
  0.103978 635.111409
  0.106309 611.377068
  0.113374 613.582535
  0.108394 594.021286
  0.119549 666.236969
  0.113065 583.889292
  0.116525 585.353546
  0.117168 537.240423
  0.118476 558.873431
  0.124873 576.883204
  0.112495 580.989664
  0.108199 633.345261
  0.108492 546.029429
  0.107213 594.950816
  0.117149 585.996294
  0.117155 643.597075
  0.110493 640.824256
  0.115442 617.614654
  0.114892 597.124986
  0.114562 558.321410
  0.106790 655.141508
  0.108758 590.110917
  0.105924 524.149596
  0.107607 678.653284
  0.105363 541.994776
  0.104973 558.570178
  0.111420 593.115901
  0.110120 568.557053
  0.114000 612.655880
  0.122861 605.999270
  0.121947 585.398645
  0.115886 654.567903
  0.119196 530.314931
  0.117275 618.399616
  0.122276 653.525603
  0.110117 635.393315
  0.110745 557.093588
  0.110046 542.379287
  0.109273 553.142012
  0.116384 658.597980
  0.115588 593.278134
  0.115653 589.474243
  0.127355 622.359962
  0.120667 602.253538
  0.120083 578.196304
  0.117937 677.087275
  0.115598 590.062205
  0.115329 691.772837
  0.119347 556.778557
  0.121817 621.045154
  0.128829 682.556032
  0.123008 618.611722
  0.120956 600.598053
  0.123422 580.222408
  0.125314 586.481440
  0.121108 576.460153
  0.126869 581.058881
  0.127741 609.683891
  0.127063 528.641848
  0.122078 661.123209
  0.125915 599.406635
  0.127280 627.993364
  0.125912 605.565046
  0.128620 567.935502
  0.123396 633.947965
  0.123145 627.308742
  0.122663 586.696973
  0.123149 548.690412
  0.130897 639.544766
  0.128130 561.368680
  0.122136 608.514429
  0.122327 575.357089
  0.117390 587.461002
  0.115901 646.950202
  0.116615 627.403998
  0.123244 530.231252
  0.116123 603.485971
  0.119060 639.913465
  0.120914 643.661929
  0.126032 596.032513
  0.121060 615.807302
  0.127833 687.277289
  0.125915 653.958783
  0.119372 594.537765
  0.119886 585.972738
  0.119145 548.697425
  0.115572 590.258222
  0.117400 623.512537
  0.111138 598.317090
  0.119170 670.570607
  0.120585 619.998863
  0.118757 646.662701
  0.119498 587.950285
  0.112036 570.239658
  0.109163 588.793642
  0.120058 636.713761
  0.116989 601.059434
  0.124391 552.492836
  0.130000 652.952326
  0.120151 584.259164
  0.121616 658.512751
  0.130101 626.814037
  0.126154 626.775433
  0.117961 581.740325
  0.113718 546.267740
  0.110650 622.526882
  0.113047 560.854420
  0.111230 616.258703
  0.106244 642.504066
  0.106992 695.820456
  0.107525 583.433971
  0.110474 557.411940
  0.109496 595.456815
  0.114133 570.555078
  0.117734 584.364234
  0.128853 589.774185
  0.120963 566.803372
  0.126033 640.044130
  0.121832 596.336814
  0.112737 561.840169
  0.128023 646.844650
  0.128348 593.236019
  0.121006 529.389518
  0.122029 612.782082
  0.117958 652.238502
  0.116193 584.547791
  0.106438 552.322320
  0.110669 672.545948
  0.115188 635.692089
  0.119853 652.286074
  0.120840 587.468009
  0.118457 552.532388
  0.121838 680.049770
  0.126702 599.417149
  0.130418 579.457489
  0.128036 615.865664
  0.120693 652.014233
  0.118834 544.856894
  0.126381 570.376258
  0.123244 585.786865
  0.126451 635.158709
  0.125543 622.836512
  0.128450 667.985078
  0.129194 624.587378
  0.123041 599.743703
  0.114034 594.931373
  0.113541 576.192419
  0.119301 592.450348
  0.117747 564.278198
  0.115378 558.818054
  0.118547 597.060721
  0.112010 562.628894
  0.107104 559.863159
  0.120105 618.009950
  0.116940 615.246309
  0.114540 611.503626
  0.116465 614.579396
  0.116020 562.556682
  0.117681 616.340947
  0.115744 618.664181
  0.116942 570.656701
  0.115759 581.895465
  0.115499 632.369143
  0.112577 602.842847
  0.109933 595.056527
  0.127982 611.858908
  0.127596 640.780481
  0.123093 585.292221
  0.110261 607.428478
  0.110230 660.022618
  0.119888 600.657990
  0.119720 563.339780
  0.119088 637.853541
  0.121465 580.559938
  0.130050 622.117168
  0.125892 649.299754
  0.130453 585.422032
  0.116638 633.890819
  0.120748 597.022601
  0.130597 566.247148
  0.126126 532.167093
  0.134183 634.208842
  0.126568 661.770016
  0.123777 598.287606
  0.129297 592.952213
  0.128784 638.462171
  0.130644 589.201196
  0.124368 637.950673
  0.127487 591.330134
  0.120031 559.517280
  0.116545 566.026491
  0.110019 634.493853
  0.112664 551.703780
  0.108768 586.987939
  0.108196 659.168054
  0.105778 608.522988
  0.105140 580.781745
  0.102212 596.959034
  0.109020 645.686637
  0.105057 602.286585
  0.108769 624.809319
  0.111741 547.840346
  0.119099 625.580205
  0.110739 602.901153
  0.107750 564.742679
  0.101340 595.549534
  0.114046 586.887747
  0.110272 580.357718
  0.117874 610.789107
  0.116146 599.325864
  0.112519 522.711451
  0.109499 605.064373
  0.112085 618.747478
  0.114031 619.079274
  0.122775 620.033056
  0.123514 603.650284
  0.124251 609.144349
  0.112076 548.566001
  0.110417 609.711037
  0.113425 554.741505
  0.115194 576.580245
  0.115699 600.636877
  0.118190 552.121727
  0.126036 580.278653
  0.126753 580.575011
  0.116701 648.942071
  0.119488 611.072504
  0.126618 632.901172
  0.119758 561.519325
  0.113681 549.257825
  0.116147 556.882091
  0.122328 608.805363
  0.119152 645.621329
  0.115763 677.958936
  0.121391 589.347298
  0.120555 534.572461
  0.128396 576.734792
  0.127086 625.924034
  0.114870 660.109200
  0.115251 628.309968
  0.122003 609.347540
  0.119156 554.527744
  0.113389 632.933003
  0.111892 595.915716
  0.124035 583.537729
  0.115811 622.468404
  0.113858 605.958134
  0.113428 593.416597
  0.122280 593.823913
  0.122311 524.830318
  0.122651 644.609645
  0.116708 582.605612
  0.113727 555.875983
  0.111731 638.563715
  0.113711 592.687038
  0.114943 577.250580
  0.114988 595.839913
  0.111642 600.944587
  0.106873 676.837616
  0.109314 578.319236
  0.115848 557.261221
  0.110254 615.329633
  0.112631 622.925880
  0.116702 544.850589
  0.117390 637.738079
  0.128079 611.104645
  0.118532 609.123389
  0.114893 562.159734
  0.117078 537.771737
  0.122712 560.669235
  0.119086 588.140516
  0.120299 657.093827
  0.114635 585.902864
  0.119706 592.224223
  0.115920 558.149083
  0.116872 627.088804
  0.116476 555.377335
  0.110665 586.239332
  0.107693 571.771633
  0.102789 617.194364
  0.110037 654.646706
  0.110820 642.782302
  0.112020 631.561980
  0.106562 563.182418
  0.119965 596.068842
  0.126553 615.283473
  0.122296 609.415313
  0.122969 633.032286
  0.124720 610.220380
  0.118862 617.281797
  0.117258 647.807403
  0.111709 573.954124
  0.112535 539.732664
  0.127167 628.114694
  0.116190 626.587189
  0.114763 552.247887
  0.111405 598.751532
  0.110656 656.653662
  0.110836 629.320969
  0.111169 628.147312
  0.111889 590.223963
  0.113327 603.900699
  0.113222 532.310154
  0.111492 553.933633
  0.118045 622.143045
  0.121616 579.713670
  0.117351 583.382812
  0.124199 604.914473
  0.121401 647.412213
  0.125340 592.332997
  0.118364 577.857738
  0.112252 580.817094
  0.119690 575.861333
  0.111857 553.931073
  0.109569 592.198263
  0.105834 503.157345
  0.106629 538.047048
  0.119386 624.585180
  0.124133 569.779017
  0.124494 626.728766
  0.123022 575.298666
  0.122788 563.846512
  0.117520 548.160950
  0.111482 630.361844
  0.107914 557.742271
  0.114872 654.472407
  0.108439 578.000928
  0.121219 666.169072
  0.126837 592.781109
  0.119157 622.337800
  0.108653 629.406117
  0.110913 579.294826
  0.107763 649.793774
  0.115138 623.261817
  0.118006 632.576989
  0.121917 587.331147
  0.122457 603.982733
  0.109871 659.007346
  0.120323 647.483821
  0.118033 622.263788
  0.114201 571.070557
  0.107941 589.551181
  0.112596 550.181518
  0.114605 586.954147
  0.111047 577.165729
  0.108906 630.383612
  0.106133 587.988519
  0.109460 603.605545
  0.111041 585.776098
  0.104070 576.566442
  0.107777 577.124625
  0.109852 698.453261
  0.110583 621.842369
  0.110594 541.631020
  0.105311 642.295527
  0.108082 586.985503
  0.106293 528.814911
  0.104033 605.447152
  0.105573 587.926927
  0.109439 629.228636
  0.113901 639.871192
  0.109817 522.289346
  0.107537 553.061974
  0.109769 638.208352
  0.099812 589.262309
  0.102507 536.249446
  0.102158 557.741076
  0.105768 621.072013
  0.107410 597.107525
  0.109545 597.297738
  0.113579 580.385014
  0.109973 615.781421
  0.110221 615.274494
  0.109155 584.485449
  0.110208 572.608077
  0.109063 572.885151
  0.112157 650.850298
  0.119454 578.511549
  0.115185 573.156549
  0.114109 575.510651
  0.113418 624.648944
  0.129526 575.029484
  0.125497 621.408586
  0.114018 607.261792
  0.112647 653.381975
  0.112877 590.154757
  0.112796 629.706653
  0.125596 565.153267
  0.128989 587.598768
  0.123321 584.844583
  0.122231 598.978122
  0.123739 617.091844
  0.122959 603.297523
  0.119224 593.830009
  0.123732 566.570555
  0.120237 579.233960
  0.110476 574.082206
  0.116088 593.948242
  0.112607 594.717039
  0.105066 621.009838
  0.105353 604.525165
  0.106787 632.069347
  0.115318 610.774736
  0.116796 544.965170
  0.114436 582.328548
  0.110283 536.330938
  0.121661 602.666408
  0.114257 639.821840
  0.117847 676.297601
  0.115376 584.332105
  0.126445 625.702442
  0.118469 557.496848
  0.116421 592.529500
  0.118915 620.423774
  0.121581 611.941577
  0.119145 624.150731
  0.112475 602.958610
  0.117522 572.681212
  0.117942 625.862004
  0.119215 546.447550
  0.123543 561.925445
  0.119369 609.622607
  0.124146 601.610663
  0.119217 630.660667
  0.117591 594.265367
  0.114306 606.035656
  0.113711 618.657846
  0.120358 611.169597
  0.115849 610.385258
  0.118305 605.282699
  0.110305 627.312638
  0.115549 647.182893
  0.119129 567.554788
  0.117167 572.286934
  0.119929 637.774640
  0.120912 555.761290
  0.124181 573.084440
  0.117818 629.865429
  0.117328 550.543942
  0.113666 545.112108
  0.119257 599.167467
  0.125005 567.199860
  0.125603 564.388939
  0.121746 556.077732
  0.119509 599.445440
  0.127733 594.176229
  0.123864 603.661603
  0.120798 561.860622
  0.116073 613.644474
  0.114096 545.782549
  0.128848 613.746081
  0.123437 580.181394
  0.119441 543.629154
  0.116401 651.071707
  0.111201 571.884124
  0.116650 527.918064
  0.107371 536.633198
  0.114790 603.835223
  0.109001 557.546269
  0.117440 551.888150
  0.120053 592.735781
  0.122678 611.223041
  0.124754 584.571661
  0.125899 610.946764
  0.121880 533.184338
  0.110608 573.143220
  0.107252 625.748062
  0.108629 575.449884
  0.113536 610.328040
  0.116903 607.722488
  0.128282 609.150193
  0.113100 630.957857
  0.109839 573.032594
  0.110975 562.853616
  0.118859 558.144598
  0.124623 592.473448
  0.124094 590.031341
  0.119939 646.122633
  0.119727 636.220392
  0.125798 670.392216
  0.120313 571.186057
  0.119190 634.571247
  0.123187 637.500554
  0.126415 593.327866
  0.125557 570.434208
  0.127329 564.805019
  0.119414 612.354234
  0.121112 594.990756
  0.121451 670.635353
  0.127561 532.821657
  0.125754 581.762315
  0.120213 538.101471
  0.114768 607.318491
  0.114733 623.947357
  0.119454 601.334837
  0.120459 553.646225
  0.126050 584.947005
  0.124940 597.597459
  0.125871 591.067390
  0.127315 633.390719
  0.123142 592.829950
  0.121947 581.056385
  0.124270 586.052230
  0.123751 639.264209
  0.112062 625.684717
  0.114383 602.333318
  0.121965 624.769755
  0.122644 532.475677
  0.121314 633.585702
  0.122789 667.115620
  0.121331 623.857352
  0.120413 629.679928
  0.119263 598.462634
  0.130241 609.613353
  0.122733 639.379357
  0.120065 580.920948
  0.123191 603.932319
  0.113918 693.685279
  0.121449 589.634908
  0.123484 635.605090
  0.129625 615.369183
  0.127283 612.487496
  0.117495 572.641309
  0.114669 644.532777
  0.108309 564.600793
  0.113825 536.800015
  0.111291 592.857773
  0.106664 611.586930
  0.106840 598.177328
  0.107544 580.151081
  0.101808 607.412425
  0.102978 565.025693
  0.111130 584.258235
  0.108176 609.489653
  0.115218 613.569417
  0.121543 592.963129
  0.119069 614.203117
  0.119567 594.596595
  0.113325 556.966593
  0.115843 596.393169
  0.116765 590.662925
  0.114746 588.407906
  0.115715 557.428743
  0.109902 588.103008
  0.107468 602.668102
  0.104540 570.359221
  0.109226 625.100109
  0.113666 539.187165
  0.110923 550.767758
  0.119260 591.540092
  0.108553 582.415469
  0.106011 618.044422
  0.121960 603.360326
  0.120743 636.384466
  0.125111 562.074567
  0.127054 597.780606
  0.122951 551.946374
  0.125084 616.549899
  0.122154 567.751019
  0.121931 587.376414
  0.118406 535.924405
  0.130700 605.711739
  0.130951 606.974105
  0.130731 604.743185
  0.125859 562.948787
  0.117013 595.572755
  0.111570 653.273550
  0.115041 632.970094
  0.110579 617.190546
  0.108514 667.369338
  0.115953 572.537171
  0.117382 606.535505
  0.119951 592.539082
  0.117079 603.594430
  0.119018 586.508562
  0.120913 659.297753
  0.123335 587.532191
  0.113941 593.789734
  0.107189 534.080471
  0.115946 572.019541
  0.114853 683.997155
  0.118577 489.621027
  0.123760 603.962521
  0.126066 628.190555
  0.122208 561.577670
  0.128602 622.693644
  0.117337 651.196005
  0.119933 622.289420
  0.112203 574.360938
  0.119355 546.526600
  0.125200 595.524800
  0.122275 601.155891
  0.119189 599.920851
  0.115185 642.400275
  0.115047 624.434812
  0.118619 606.632338
  0.112588 627.080455
  0.115731 614.565491
  0.116241 621.338508
  0.112260 625.962475
  0.121118 586.034920
  0.122262 554.725800
  0.124168 635.517842
  0.123088 573.408220
  0.127597 659.562032
  0.121245 564.628097
  0.126251 603.947072
  0.122221 627.373092
  0.131371 571.207472
  0.128427 575.931984
  0.132304 579.360397
  0.129646 568.463870
  0.130375 566.970736
  0.122180 606.599680
  0.125984 644.299990
  0.125476 602.782700
  0.126352 613.009739
  0.124993 536.202364
  0.125914 592.508091
  0.124817 679.269466
  0.119072 595.397371
  0.118336 566.506017
  0.120239 618.043870
  0.119380 618.589740
  0.118749 504.251598
  0.124744 561.978747
  0.126129 601.141531
  0.126412 540.917255
  0.117474 582.842952
  0.120473 540.609399
  0.121715 597.021925
  0.126728 532.830889
  0.119773 546.231869
  0.119222 556.865130
  0.112617 583.232779
  0.117493 613.654979
  0.112772 560.051566
  0.110556 604.372749
  0.113298 609.022196
  0.106912 568.334136
  0.106151 650.089008
  0.109247 629.180683
  0.107510 539.971064
  0.113671 597.431220
  0.112720 598.116259
  0.107120 581.924338
  0.107542 513.788207
  0.103395 678.883265
  0.110805 594.796339
  0.112134 584.036344
  0.108681 585.102848
  0.108053 671.651790
  0.109367 569.950271
  0.111327 575.299454
  0.120021 606.843415
  0.118648 586.049004
  0.117706 604.457546
  0.118015 538.899948
  0.122718 643.191546
  0.124875 618.842465
  0.123639 614.023383
  0.112582 635.656017
  0.111201 631.764103
  0.117464 635.928007
  0.127563 561.255225
  0.121028 580.126496
  0.122490 577.440005
  0.120486 554.158197
  0.120936 628.891199
  0.119265 633.338320
  0.123336 616.992247
  0.127679 647.624087
  0.126822 600.100014
  0.125362 589.884555
  0.128612 608.665019
  0.123580 630.650866
  0.122143 604.723842
  0.124509 608.181802
  0.124153 640.894612
  0.115165 669.636710
  0.117209 617.303788
  0.113719 532.290248
  0.125434 600.921494
  0.119583 554.270610
  0.114784 574.719584
  0.122727 596.428043
  0.120234 549.467242
  0.117322 622.737241
  0.119800 570.707526
  0.110873 556.229839
  0.107652 570.006014
  0.109769 545.612701
  0.111922 616.878655
  0.114427 592.263470
  0.115805 639.779795
  0.113882 620.245326
  0.123109 605.317357
  0.127026 541.912664
  0.120276 529.780072
  0.116933 636.685823
  0.128642 587.811029
  0.121614 700.090570
  0.120594 654.730979
  0.121515 603.645995
  0.127508 575.448843
  0.124236 527.985423
  0.115690 596.041752
  0.125750 576.656198
  0.120189 552.531179
  0.117834 632.945230
  0.121362 580.908758
  0.120515 521.176615
  0.122427 574.603793
  0.123235 619.488649
  0.111192 655.962749
  0.107453 562.795699
  0.106437 572.808479
  0.116096 573.820872
  0.121622 592.117131
  0.123592 574.724100
  0.125299 590.815404
  0.118839 563.796433
  0.110434 574.505795
  0.113672 552.901652
  0.107389 610.773964
  0.114908 605.184904
  0.106149 643.730464
  0.104001 612.547743
  0.104525 523.593600
  0.100127 579.105190
  0.102212 593.715698
  0.102072 617.121272
  0.105371 553.948627
  0.105092 583.073995
  0.106558 557.460819
  0.117946 576.440886
  0.125347 514.702035
  0.123630 598.877804
  0.125757 583.883890
  0.123560 622.986256
  0.117933 517.928492
  0.117766 556.231906
  0.117991 570.094223
  0.112952 512.292127
  0.110779 580.874642
  0.107408 622.820436
  0.107311 611.896115
  0.109115 574.834315
  0.105641 621.405109
  0.110752 572.569291
  0.101834 559.997438
  0.104927 609.644952
  0.101954 561.933770
  0.104811 580.966986
  0.104139 642.040420
  0.103873 585.455480
  0.104576 560.281218
  0.106161 581.589918
  0.109739 571.587856
  0.120580 555.723164
  0.123341 608.651374
  0.120000 520.639919
  0.116245 632.596566
  0.116980 584.108979
  0.119669 542.881300
  0.117487 640.733591
  0.111411 549.779171
  0.111207 581.563356
  0.108555 550.368787
  0.118088 580.404628
  0.113249 588.361457
  0.114005 586.673472
  0.118203 623.849236
  0.111293 618.885379
  0.110256 556.330023
  0.112762 601.414534
  0.119016 585.972968
  0.125088 598.178143
  0.126238 648.751184
  0.123393 621.871143
  0.121044 618.369029
  0.122014 585.904837
  0.115967 594.889220
  0.127310 601.430662
  0.121588 618.511638
  0.124471 564.957395
  0.122157 583.057090
  0.126120 584.733097
  0.125918 585.337032
  0.118877 604.737090
  0.112489 549.028691
  0.106286 668.060850
  0.107171 611.250576
  0.101702 630.057221
  0.105631 610.354497
  0.108796 581.597314
  0.114577 622.338710
  0.118028 620.968338
  0.124307 579.429837
  0.119630 633.979551
  0.119787 593.985320
  0.115226 567.313521
  0.111464 587.650643
  0.116958 622.984478
  0.103468 638.854379
  0.108045 588.294372
  0.108189 616.346730
  0.106028 513.901950
  0.109127 596.978373
  0.118318 579.826137
  0.116546 581.777315
  0.119491 634.105685
  0.118564 601.991439
  0.113378 613.304237
  0.115374 560.237229
  0.115939 553.791250
  0.115278 592.865629
  0.119041 618.516281
  0.123376 573.011696
  0.114000 614.247791
  0.115691 585.359874
  0.115777 589.611869
  0.117389 597.577300
  0.114185 589.658548
  0.118785 602.438653
  0.116407 607.237072
  0.113758 575.917658
  0.112491 526.160951
  0.109726 596.174620
  0.108602 629.173123
  0.107166 532.728496
  0.107288 600.384753
  0.107446 604.175181
  0.109514 601.973043
  0.116243 615.218021
  0.123060 596.672979
  0.124324 582.190104
  0.123352 553.731697
  0.125448 539.538637
  0.125143 639.763033
  0.124129 619.057723
  0.123715 580.298371
  0.121457 664.614442
  0.116126 608.691367
  0.112337 597.741455
  0.112256 583.299383
  0.117053 625.031573
  0.118669 619.271268
  0.116216 646.209357
  0.107599 633.440833
  0.107924 646.119885
  0.118465 614.729057
  0.118486 634.035479
  0.122898 608.945996
  0.126083 585.230999
  0.120820 570.626494
  0.122041 606.896831
  0.118964 551.424123
  0.124421 582.543057
  0.118693 600.364669
  0.119835 581.684760
  0.115205 532.942025
  0.113030 532.776912
  0.113290 553.696235
  0.119139 584.728543
  0.121192 658.332983
  0.121265 644.615245
  0.116702 660.366664
  0.113037 604.959372
  0.122697 580.916246
  0.125551 608.744922
  0.130000 664.412756
  0.118095 526.931002
  0.122552 631.197039
  0.123619 585.592698
  0.115561 590.613769
  0.106973 624.663498
  0.108439 555.076417
  0.111151 584.778230
  0.108488 529.494806
  0.113515 620.219759
  0.126014 573.285054
  0.121977 607.486694
  0.121002 586.888817
  0.114745 591.337506
  0.110941 552.454865
  0.109185 596.732287
  0.114809 638.178912
  0.113669 591.285966
  0.116132 648.917776
