-0.369540  1.097753
-0.580428  1.368733
-0.543290  1.248017
-0.480821  1.450699
-0.355298  1.648292
-0.366244  0.813396
-0.147134  0.921520
-0.047126  1.193875
 0.129943  1.103478
-0.050965  0.681519
 0.042841  1.009899
-0.125343  0.900269
 0.097757  1.110291
 0.222047  0.964001
 0.306257  0.746899
 0.446509  0.856015
 0.446696  0.732551
 0.221341  1.280215
 0.149035  1.178375
 0.019680  1.143391
-0.213801  1.167984
-0.014199  1.458095
 0.211194  1.176109
 0.134448  1.171177
 0.267673  1.237448
 0.203609  1.864890
 0.353572  0.903061
 0.420955  1.430081
 0.259365  2.003229
-0.194008  1.491177
-0.202249  1.154111
-0.257969  1.529960
-0.293614  1.165352
-0.427797  0.926659
-0.356022  1.015674
-0.273867  1.330977
-0.271607  1.464581
-0.391080  1.331577
-0.503325  1.151698
-0.323784  1.888411
-0.256300  1.369371
-0.314621  1.211406
-0.428807  0.719464
-0.405626  0.694275
-0.500158  1.577176
-0.245624  1.380237
-0.237867  0.922260
-0.431615  0.965081
-0.367085  0.842253
-0.526341  1.192052
-0.567149  1.147880
-0.638671  1.904824
-0.437570  1.104321
-0.355437  1.776959
-0.453023  0.998174
-0.607881  1.393411
-0.767303  0.941665
-0.661928  0.892285
-0.523735  2.916420
-0.397845  1.288849
-0.355086  0.635606
-0.391121  0.616921
-0.603614  0.924138
-0.474784  0.956535
-0.383413  1.759357
-0.355711  4.290857
-0.490117  1.938113
-0.308660  0.882224
-0.373241  1.330527
-0.352824  1.948306
-0.501462  1.698081
-0.691568  1.366357
-0.530934  1.221603
-0.194736  2.910628
-0.258632  1.251916
-0.277850  1.146415
-0.192665  1.277905
-0.101609  1.340453
-0.152176  1.063106
-0.234257  1.033074
-0.260026  1.046850
-0.100998  0.870831
-0.046269  1.682955
 0.053099  0.725405
-0.035960  1.470313
-0.191448  1.219874
-0.174151  2.443584
-0.120416  1.407395
-0.031784  0.667119
-0.006267  1.785429
 0.148064  1.553232
 0.267675  2.469772
 0.185946  1.896929
 0.385722  0.903020
 0.139569  3.592126
 0.050841  2.006438
 0.001637  1.295994
 0.039901  1.299875
-0.029005  0.884282
-0.228263  0.884677
-0.198676  2.754830
-0.269584  1.185194
-0.336165  1.300689
-0.352311  1.123747
-0.354827  2.731416
-0.187102  2.356502
-0.014698  1.762526
-0.037665  0.876789
-0.285918  0.769180
-0.050806  0.859489
-0.246135  3.253866
-0.309840  2.415040
-0.276017  0.770056
 0.221402  1.517605
 0.164642  1.346756
 0.219614  1.190189
 0.228459  1.487958
 0.156760  1.121098
 0.173179  0.759055
 0.234747  0.987226
 0.344583  1.083979
 0.137655  1.164992
 0.102820  1.292821
 0.053492  1.020897
-0.145939  1.599672
-0.128939  1.719293
-0.216721  1.016588
-0.156478  1.081551
-0.204361  0.930542
-0.036437  1.070867
-0.231796  1.904811
-0.195244  0.638372
-0.031518  1.936772
-0.073388  1.009593
 0.191113  1.503545
 0.140219  1.634484
 0.192026  0.971125
 0.047557  1.054589
-0.027057  1.750039
-0.234566  0.928509
-0.106782  1.094916
 0.005264  1.069925
 0.212287  1.816987
 0.074636  1.606118
-0.366863  0.930641
-0.472697  1.554338
-0.269148  1.082074
-0.220935  1.112038
-0.260476  0.958400
-0.402085  1.115598
-0.461774  0.959608
-0.545450  1.101643
-0.656027  0.929330
-0.573285  1.466745
-0.383264  2.328494
-0.513662  1.454590
-0.352951  1.754022
-0.318084  1.774098
-0.097546  1.895217
-0.110048  0.821703
 0.034944  1.319156
 0.193931  0.793778
-0.001776  1.058496
 0.033401  1.846385
-0.142221  1.574381
 0.008397  1.458083
-0.055007  0.817428
-0.073455  0.690651
-0.053626  1.051888
-0.189510  2.042674
-0.184296  0.629364
-0.000516  1.208891
 0.056286  1.534045
 0.051033  1.453190
 0.079046  1.013007
 0.067223  0.782329
-0.000690  0.970230
 0.095152  0.857993
 0.230414  0.877151
 0.164909  1.709730
 0.448191  0.896763
 0.394342  1.227760
 0.169745  1.145695
 0.283550  1.909058
 0.548459  1.367492
 0.299929  1.811578
 0.205345  1.141248
 0.234878  0.500241
 0.452326  1.038140
 0.146187  2.887516
 0.164447  1.266772
 0.239057  2.257617
 0.185214  1.115052
 0.151381  0.982642
-0.051405  0.797951
 0.139616  0.884914
 0.085659  1.703619
 0.364561  1.081301
 0.347485  1.619336
 0.392442  1.386699
 0.233957  1.065749
 0.212610  1.993002
 0.244365  1.151007
 0.286490  0.889609
-0.069410  1.876583
-0.104484  1.438832
-0.227185  1.182391
-0.179825  0.986320
-0.178731  1.244753
-0.198530  2.003129
-0.343984  0.849663
-0.093623  1.607307
-0.120639  1.161362
-0.275516  1.309557
-0.336961  1.562809
-0.335645  1.833189
-0.282152  1.976779
-0.378136  0.919675
-0.397627  1.310973
-0.489042  1.357866
-0.533681  1.424692
-0.679376  1.009240
-0.649776  0.882181
-0.509379  1.368942
-0.531655  0.899010
-0.649618  1.875067
-0.633293  1.235080
-0.643617  1.056132
-0.563427  4.667491
-0.520337  2.481008
-0.463728  0.937285
-0.536571  2.083687
-0.593787  1.395068
-0.584611  1.087334
-0.760200  1.706128
-0.630826  1.046295
-0.563003  1.374545
-0.540363  2.071633
-0.653819  1.501349
-0.701303  1.303030
-0.660542  0.601064
-0.570992  1.329017
-0.428635  2.002316
-0.170489  1.205788
-0.199065  0.724567
-0.365790  1.659840
-0.451825  0.967677
-0.370251  1.018364
-0.559469  0.763024
-0.638709  3.222469
-0.745850  2.154746
-0.603000  0.955337
-0.764383  1.820227
-0.727026  1.442980
-0.712172  1.770863
-0.713053  1.896137
-0.734172  0.797522
-0.786082  1.749628
-0.563169  2.468263
-0.577299  0.976030
-0.513892  0.961565
-0.452643  1.718333
-0.418438  1.121626
-0.632091  1.583940
-0.518795  1.492121
-0.402745  1.571048
-0.448082  0.954104
-0.473557  2.186339
-0.457196  1.488041
-0.537044  1.627786
-0.262991  1.336128
-0.192597  1.052829
-0.160389  1.227049
-0.540756  1.219990
-0.439236  1.603642
-0.507203  1.414800
-0.500801  2.211337
-0.655275  1.521713
-0.770895  1.684906
-0.591261  0.998492
-0.712412  1.678739
-0.557460  1.382912
-0.732155  1.481795
-0.626698  0.903753
-0.484476  1.894846
-0.681644  1.229426
-0.637076  1.303598
-0.185392  1.992705
-0.019492  1.081758
-0.102869  1.385473
-0.027491  1.687601
-0.001742  0.831512
-0.262524  2.140146
-0.298033  0.662927
-0.392523  1.318759
-0.234865  1.440129
-0.312203  1.513147
-0.402866  1.089441
-0.447312  1.309955
-0.347833  1.493968
-0.399509  1.093912
-0.567719  1.444570
-0.623871  1.162287
-0.450696  1.682723
-0.354789  1.837716
-0.051170  1.076661
 0.116066  0.876305
 0.309936  1.510589
 0.098668  0.791451
 0.193170  2.696242
-0.063746  1.777072
-0.187681  0.758252
-0.004311  1.870461
 0.117816  0.953081
 0.001387  0.838270
-0.043330  0.597477
-0.054803  1.173946
-0.074837  2.792583
-0.167143  1.761753
-0.357260  0.853469
-0.395237  2.380663
-0.440903  1.253414
-0.468918  1.908007
-0.421860  1.970542
-0.546972  1.017280
-0.602838  2.128425
-0.378959  1.574817
-0.128516  0.734645
-0.061178  2.209736
-0.278329  1.002100
-0.366920  1.531418
-0.369382  1.067902
-0.168709  1.267025
-0.139266  1.028595
 0.069783  1.362764
-0.046530  1.397380
-0.244289  0.875391
-0.342158  2.237560
-0.379512  1.719447
-0.159222  1.753384
 0.022800  1.571579
-0.086888  1.313779
-0.295099  1.651027
-0.391277  1.340595
-0.307263  0.923345
-0.119313  1.336459
 0.188595  1.712422
 0.080536  1.290988
-0.058092  0.671539
 0.054193  1.705223
-0.093566  1.060433
-0.375366  1.822595
-0.447129  0.828599
-0.462005  1.096302
-0.404174  1.152741
-0.334793  1.627190
-0.554589  1.521387
-0.725738  1.431908
-0.680289  4.013492
-0.378011  2.167370
-0.587084  4.051950
-0.714158  2.393213
-0.719484  1.588930
-0.822608  2.141868
-0.746580  2.719869
-0.700361  1.904983
-0.388783  2.007419
-0.631270  1.078990
-0.563554  4.445078
-0.623177  0.694320
-0.604845  1.499309
-0.677092  0.965422
-0.597221  1.451382
-0.693839  1.031082
-0.590282  0.941498
-0.520441  0.975074
-0.229321  3.612724
-0.409349  1.829442
-0.545727  0.794648
-0.285380  1.075505
-0.049982  1.021564
-0.136297  0.833591
-0.121616  1.022776
-0.180327  0.572923
-0.403873  0.911650
-0.338907  2.055006
-0.605231  1.607876
-0.634420  0.736876
-0.656813  1.921471
-0.719160  1.046781
-0.615001  1.574973
-0.674365  1.391356
-0.630078  1.464671
-0.538671  1.424635
-0.577458  1.308566
-0.487726  1.901383
-0.336667  1.424504
-0.261281  1.880844
-0.391796  3.516890
-0.581433  1.048007
-0.473815  0.756678
-0.539411  1.503334
-0.483300  0.957845
-0.560000  1.766528
-0.607623  0.718086
-0.613684  0.747182
-0.576276  0.726784
-0.334929  0.912410
-0.348967  0.986604
-0.275821  1.193050
-0.078483  1.182502
-0.096136  1.346248
-0.115824  1.228023
-0.025724  1.537985
-0.076659  1.882415
-0.131982  1.337997
-0.171467  0.810192
-0.208594  1.662803
-0.430055  1.164106
-0.228779  1.869004
-0.388702  2.000681
-0.413384  1.626046
-0.395697  0.965495
-0.313581  1.515496
-0.055573  1.362051
-0.150826  1.798149
-0.333068  1.023358
-0.458366  0.885987
-0.500866  1.974581
-0.332457  1.734006
-0.421537  0.896069
-0.376830  2.179422
-0.339689  1.630984
-0.497243  1.102043
-0.539995  1.460538
-0.489664  1.315490
-0.538242  1.402843
-0.369122  1.247907
-0.060107  1.044669
-0.022932  1.352621
 0.061994  1.758814
-0.126859  0.710809
-0.162954  1.719916
-0.137312  1.081402
-0.150715  1.323000
-0.241821  2.735727
-0.395682  1.876099
-0.286325  1.542911
-0.486205  1.183177
-0.425897  1.093611
-0.580026  1.266191
-0.548191  2.228047
-0.501033  1.030603
-0.578335  1.210092
-0.192238  0.731414
 0.070320  1.621890
 0.157293  0.650274
 0.095506  1.011909
-0.031336  1.263801
 0.071060  2.046100
 0.156116  2.558247
 0.231561  0.975779
 0.470988  1.548468
 0.430475  1.726153
 0.302656  1.669600
 0.452300  1.222412
 0.376635  1.174761
 0.313487  0.696923
 0.159731  2.482774
-0.051455  1.614647
-0.157177  1.140451
 0.007254  1.601666
 0.107979  1.040780
 0.179186  1.173682
 0.241828  1.515584
 0.124236  0.841431
 0.232975  1.191002
-0.044720  1.246421
-0.129519  1.131702
 0.050985  2.748783
-0.093545  0.561889
-0.116483  0.923335
-0.223238  0.684241
-0.308000  1.763259
-0.338507  1.443848
-0.175707  1.141587
-0.174786  0.872676
-0.249706  1.224416
-0.317859  1.342947
-0.274756  0.974198
-0.246733  1.377647
-0.306630  1.276632
-0.187488  0.678960
 0.034646  0.684800
-0.135976  0.980909
-0.140758  0.699343
-0.026964  1.015656
-0.087962  1.300772
-0.039454  1.431654
-0.058511  1.393358
-0.192246  1.926323
-0.123926  2.459725
-0.409571  1.234530
-0.217200  1.735525
-0.309962  0.563739
-0.199661  0.626821
-0.214940  1.000833
 0.001073  0.743685
-0.204091  0.894434
-0.260447  1.150900
-0.049136  1.950124
-0.089845  0.794589
-0.155559  1.764258
-0.298805  0.899974
-0.287093  0.746146
-0.393307  1.175284
-0.364505  2.064223
-0.358133  0.979208
-0.165374  1.346594
-0.286526  1.116744
-0.472124  0.723384
-0.425326  1.566333
-0.330892  0.789835
-0.104830  1.203997
-0.272890  1.167775
-0.165714  1.503673
-0.369841  1.231416
-0.373809  1.552484
-0.259219  0.803026
-0.338758  1.213868
-0.364440  1.807286
-0.550791  1.009074
-0.248411  1.308282
-0.138124  1.576041
-0.180718  1.238832
-0.039105  1.390191
-0.089555  1.256562
-0.151941  1.698173
-0.185371  1.585754
-0.120159  0.649820
-0.021446  1.634767
-0.050955  2.610057
-0.262417  1.314318
-0.362818  1.503778
-0.258712  1.141346
-0.197668  0.848792
-0.196216  0.869341
-0.379407  0.955357
-0.130300  1.053921
-0.210742  0.821609
-0.511275  1.990730
-0.518008  1.633743
-0.657473  0.888401
-0.714592  1.377899
-0.577471  0.649067
-0.622198  1.443621
-0.445654  0.957451
-0.397618  1.611086
-0.362204  1.382181
-0.526369  1.183615
-0.539885  0.846217
-0.466850  1.429237
-0.447261  0.972623
-0.612457  1.532029
-0.528867  1.027992
-0.523853  1.974426
-0.300909  1.254573
-0.365358  1.855830
-0.644438  3.269424
-0.637626  0.611088
-0.612430  1.049446
-0.605266  1.308638
-0.516266  1.262513
-0.676110  0.768707
-0.634943  1.903543
-0.708608  1.117470
-0.895635  1.167083
-0.877302  1.312362
-0.749472  1.205525
-0.785394  1.003029
-0.670441  1.232927
-0.660211  1.102420
-0.685614  1.253008
-0.601069  1.118909
-0.366457  1.111104
-0.223042  1.674841
-0.397846  0.959107
-0.333626  0.791404
-0.331415  0.992166
-0.271972  1.210615
-0.040807  1.289438
 0.139392  0.884078
-0.059675  0.825101
-0.274728  0.979735
-0.196970  0.835524
-0.366953  0.900555
 0.032000  1.239231
 0.007638  0.702277
-0.261030  1.510091
-0.304853  1.581633
-0.370250  0.861802
-0.413659  1.701106
-0.424190  1.306650
-0.163091  0.849179
-0.191014  1.100098
 0.021614  1.465407
-0.070726  1.833920
-0.189612  1.049711
-0.150575  0.872537
-0.634519  0.920636
-0.526492  1.360221
-0.350949  1.323842
-0.167725  1.967115
-0.098326  1.732360
-0.106333  2.068571
-0.195554  0.476651
-0.239872  0.628940
-0.106028  1.148902
-0.304881  1.215799
-0.448047  1.551312
-0.563813  0.796634
-0.701648  0.904676
-0.613570  0.919723
-0.396288  1.669177
-0.334718  1.322375
-0.440139  1.442596
-0.333059  0.686660
-0.406409  0.751213
-0.415989  0.955559
-0.398499  1.021869
-0.414589  2.051669
-0.206501  1.390759
 0.014958  1.113561
-0.132334  1.082855
-0.147266  1.771182
-0.037053  0.805701
-0.048118  1.120293
-0.112899  1.418687
-0.048770  2.057005
-0.180424  1.273947
-0.112611  1.261613
-0.145437  0.719875
-0.035023  0.771423
-0.013034  1.054915
-0.245360  1.233296
-0.224642  1.508197
-0.157892  0.908514
-0.081588  0.894551
-0.074176  0.810966
 0.121472  1.085893
-0.074849  1.214319
-0.087142  1.513896
-0.173184  1.037961
-0.144132  0.930861
-0.085369  1.330337
-0.056406  1.256536
-0.174534  1.005005
-0.112485  1.384451
-0.140823  0.699789
-0.199255  1.238365
-0.191538  1.639018
-0.199110  1.182390
-0.087774  0.638842
 0.010702  1.165835
 0.131809  0.725583
 0.006726  1.665857
-0.047953  2.039050
-0.025239  1.574130
 0.023418  1.074975
 0.229452  2.959085
 0.204620  1.243057
-0.079853  0.928797
 0.133290  1.363309
 0.201823  1.917624
 0.287541  1.644823
 0.312883  1.043147
 0.329938  1.484036
 0.316896  1.584036
 0.207780  1.587509
 0.359170  0.949836
 0.079431  1.882712
 0.107889  1.268501
 0.044761  1.635431
 0.470099  0.772388
 0.175252  0.893370
-0.128598  0.670561
 0.183593  1.395768
 0.247656  2.476185
 0.389913  1.365320
 0.405749  1.486134
 0.330769  0.719477
 0.365635  1.173073
 0.438542  1.547300
 0.631795  0.697037
 0.565718  0.843429
 0.706850  1.141185
 0.725575  1.838193
 0.368646  1.143789
 0.393782  1.099351
 0.081619  1.012390
 0.170503  2.283962
 0.182057  0.907628
 0.080597  0.992763
 0.206708  0.931925
 0.378536  1.020465
 0.106759  0.952606
 0.311706  1.222639
 0.194952  1.059735
 0.363290  2.042724
 0.315936  1.109403
 0.576442  0.748252
 0.567957  0.927028
 0.427335  0.949179
 0.645257  1.237731
 0.639481  0.851725
 0.609129  1.363937
 0.573451  1.446474
 0.382229  0.893298
 0.253875  1.178542
 0.110320  1.832545
 0.213280  1.009059
 0.181867  1.408781
 0.186893  1.296688
 0.304275  0.758131
 0.254798  1.279097
 0.084168  1.559351
-0.028282  1.591211
 0.048524  1.396380
-0.008375  0.972763
-0.140977  1.065391
-0.228809  1.279496
-0.025903  0.975691
-0.027118  0.775110
-0.269086  0.987044
-0.369338  0.523893
-0.402192  2.014487
-0.409943  1.035142
-0.339272  0.608067
-0.203302  1.007168
-0.296038  0.724645
-0.238638  0.928129
-0.426750  1.625790
-0.673750  1.054100
-0.534320  0.752304
-0.653485  0.973576
-0.596875  2.233475
-0.627856  0.661190
-0.205174  1.257265
-0.323618  0.911282
-0.346723  0.928232
-0.493080  0.569074
-0.490235  1.780805
-0.538222  1.234968
-0.549514  1.589434
-0.718148  1.812584
-0.652763  0.827905
-0.471539  1.959298
-0.450896  1.401084
-0.409952  0.994047
-0.076568  1.250844
-0.129511  1.886754
-0.131757  0.649424
-0.135853  1.475363
-0.060067  0.747281
 0.316973  1.072450
 0.137557  0.936733
 0.357989  1.045033
 0.628016  1.064795
 0.689234  1.384343
 0.673989  0.817019
 0.480323  0.979908
 0.426835  1.024258
 0.602801  0.817882
 0.350274  2.856881
 0.566373  1.025611
 0.615560  1.591321
 0.410305  0.895005
 0.468780  1.132889
 0.454097  0.742526
 0.342248  1.046896
 0.170268  1.296496
 0.004060  0.854981
-0.145072  0.899176
-0.081376  1.430467
 0.071668  1.170152
-0.071448  1.221605
-0.129025  1.423686
 0.041825  1.140503
 0.105734  0.673445
-0.115998  0.873854
-0.289615  0.868398
-0.285035  0.983379
-0.294543  0.967064
 0.054774  1.031250
-0.016143  1.039212
-0.124096  1.207309
-0.119596  0.705780
-0.233523  0.690903
-0.082193  1.015025
-0.380070  0.967160
-0.483837  1.203380
-0.535022  1.254966
-0.522520  0.991333
-0.472881  0.656775
-0.605948  1.194894
-0.550897  1.560296
-0.564650  1.534458
-0.605425  2.003314
-0.411574  1.314068
-0.605417  2.372980
-0.617070  1.435510
-0.556264  0.901056
-0.575658  0.828343
-0.484956  1.612578
-0.625432  0.930103
-0.628142  1.247385
-0.555897  1.225231
-0.362936  1.248452
-0.424260  0.864361
-0.245028  1.236188
-0.188184  0.954944
-0.578443  2.133191
-0.582415  1.208039
-0.485354  0.839509
-0.188154  2.197520
-0.314268  0.814928
-0.479381  1.052775
-0.516532  0.890213
-0.407099  1.569748
-0.420602  0.904693
-0.401808  1.061073
-0.430883  1.743625
-0.540033  1.489768
-0.612026  1.122778
-0.487683  0.934797
-0.498203  1.442923
-0.442490  1.577831
-0.422610  0.837804
-0.174415  1.270245
-0.126319  0.942003
-0.244439  1.679915
-0.204553  0.888499
-0.125697  1.258587
-0.241408  0.652896
-0.095873  0.869222
-0.047617  0.656302
 0.223048  2.594311
 0.146913  1.192653
 0.121510  1.235706
 0.041511  1.258898
 0.302766  0.765267
 0.538379  2.068959
 0.380561  1.138731
 0.182276  1.193285
-0.175138  1.788920
-0.165160  0.662348
-0.092199  1.543379
 0.031770  2.852597
 0.000247  2.479032
-0.024359  1.540593
-0.017602  1.591671
 0.042437  1.541948
-0.149296  0.975539
-0.169394  0.990514
 0.099270  0.810919
 0.232800  1.238154
 0.226940  1.683252
 0.153735  1.719300
 0.190846  3.297583
 0.158293  1.733395
 0.162267  1.215155
-0.070173  2.013313
-0.204797  0.806077
-0.058016  0.609295
-0.129875  1.700514
 0.018761  1.284569
-0.028774  1.228366
 0.048044  1.364780
-0.040941  1.564190
 0.063568  1.241732
-0.092207  1.283963
-0.261883  0.969320
-0.372811  1.412967
-0.375178  2.192891
-0.210354  1.504724
-0.288219  1.004973
-0.428971  1.015761
-0.614715  1.795909
-0.431289  2.058597
-0.440105  0.924765
-0.456267  1.359416
-0.583888  1.439973
-0.746051  0.767274
-0.593001  0.864402
-0.620437  1.347885
-0.594625  2.176341
-0.562543  2.283244
-0.354977  1.114205
-0.491811  3.677137
-0.385406  1.286521
-0.426464  1.719054
-0.447557  1.570497
-0.481092  1.456321
-0.506433  1.975642
-0.518362  1.312266
-0.524431  1.132994
-0.628596  1.285777
-0.515780  2.211020
-0.661889  1.421639
-0.432819  1.229956
-0.275117  0.890060
-0.334253  1.474739
-0.157973  1.748624
-0.175372  1.215972
-0.290419  1.066969
 0.021381  1.106323
 0.177426  2.506627
 0.048412  1.581422
-0.016526  1.216298
-0.376940  1.209438
-0.455561  1.604957
-0.018726  1.768491
-0.149556  1.209060
-0.268217  1.353150
-0.240677  1.537799
-0.300925  1.825343
-0.461251  1.231466
-0.554220  0.803303
-0.578464  1.119198
-0.660876  1.396549
-0.253213  0.939310
-0.397821  1.102853
-0.371510  1.377272
-0.455698  0.919835
-0.340583  1.177690
-0.448166  1.639970
-0.252550  0.825122
-0.121519  0.668567
-0.164493  1.476107
-0.016118  1.136443
 0.197187  1.480877
 0.145940  1.589902
 0.086459  1.237487
-0.030949  1.356427
 0.050673  1.729847
 0.214824  1.029557
-0.101671  1.542212
-0.233525  1.186793
-0.321136  1.058319
-0.316481  1.145614
-0.289761  1.262954
-0.167285  1.504882
-0.041381  2.050835
-0.139396  1.739355
-0.175965  1.782132
-0.331603  0.783673
-0.427931  1.474059
-0.267200  2.418120
-0.493865  1.548136
-0.253733  1.343242
-0.041855  1.348639
-0.177189  1.031459
-0.041144  0.635894
-0.038306  0.662450
-0.115949  1.923365
-0.034645  1.037000
-0.125750  0.837698
-0.287096  1.072570
-0.129774  1.722515
-0.156427  1.238756
-0.247569  0.885887
-0.180693  1.486342
-0.035709  1.852888
-0.257050  1.611410
-0.270860  1.299369
-0.348525  0.821094
-0.187592  1.040233
-0.201136  1.187843
-0.284853  1.347708
-0.339577  1.265646
-0.382281  1.117721
-0.348146  0.893027
-0.590407  1.912406
-0.584773  2.670680
-0.594409  2.399052
-0.555786  1.713583
-0.252068  0.974854
-0.025488  1.622665
-0.113378  1.141334
-0.159632  1.042288
 0.000227  2.361218
-0.052081  2.077305
-0.081183  1.501344
-0.088563  1.169670
-0.179555  2.255827
-0.194264  0.955184
-0.005957  1.551742
-0.019587  1.191644
-0.121488  1.152778
-0.081326  2.205633
 0.062335  2.032251
 0.134227  1.050254
-0.081616  1.672348
-0.225619  1.210097
-0.287346  0.986661
-0.253283  1.245537
-0.137270  1.026965
-0.291212  1.045061
-0.267645  0.948793
-0.404002  1.744067
-0.348425  2.351552
-0.319648  2.311127
-0.359526  1.452538
-0.374110  0.403155
-0.388917  0.739190
-0.494756  1.235256
-0.382040  1.081912
-0.474889  0.722853
-0.721956  1.713318
-0.480115  1.201751
-0.311922  1.439431
-0.103627  1.128838
-0.008644  1.693861
-0.003561  1.151747
-0.065191  1.437616
 0.037540  1.176828
 0.050257  1.258549
 0.158863  0.954017
 0.050874  0.729178
-0.035175  2.987518
 0.248914  1.130803
 0.018638  1.055788
-0.130102  1.196891
-0.162463  1.529885
-0.188824  1.266612
-0.370764  1.181692
-0.164714  0.692130
-0.140131  1.272930
-0.365236  0.944174
-0.354616  1.342806
-0.570381  1.260935
-0.323976  1.321215
-0.405406  1.142527
-0.404862  1.943457
-0.197944  0.937496
-0.049786  1.211364
 0.006076  0.995246
-0.003438  0.657983
-0.193588  0.985831
-0.356332  1.214865
-0.330003  1.253088
-0.213265  2.339275
-0.188867  1.216079
-0.207660  1.106414
-0.244804  1.296614
-0.145900  1.282579
-0.384991  0.981129
-0.412703  1.206838
-0.371727  1.209377
-0.373636  0.991737
-0.309984  0.685744
-0.257856  0.961610
-0.199708  1.224537
-0.435519  1.170438
-0.614784  1.275491
-0.674740  0.960498
-0.287227  0.809245
-0.181493  1.266755
 0.079055  1.415561
 0.054731  1.094438
 0.241501  1.087078
 0.124454  0.956676
 0.278207  1.169149
 0.281435  1.120159
 0.250313  0.814705
 0.289198  1.200775
 0.103848  0.936702
 0.006543  0.673015
 0.018218  0.881814
-0.081445  0.857813
-0.071587  1.916183
-0.291974  0.917440
-0.209307  1.707108
-0.257749  1.153674
-0.340016  1.383696
-0.404112  1.169003
-0.554023  2.551309
-0.399304  1.329740
-0.283350  1.229866
-0.355022  1.922491
-0.208966  1.179310
-0.368120  0.922334
-0.448065  0.891544
-0.508698  1.469861
-0.402159  1.170920
-0.328091  0.825078
-0.245922  1.866549
-0.173486  1.295917
-0.095325  1.158999
-0.214392  1.785402
-0.272263  1.520949
-0.358064  1.397468
-0.716906  1.525299
-0.514443  0.899559
-0.452827  1.036181
-0.549786  0.751956
-0.559690  1.077520
-0.600039  1.150011
-0.662267  1.179145
-0.504387  1.020637
-0.456611  1.972162
-0.613060  1.512310
-0.268920  1.330600
-0.229463  1.545081
-0.162461  1.072509
-0.103045  1.806640
-0.159480  1.250111
-0.177384  1.819379
 0.066922  1.159769
 0.025718  1.622294
-0.018069  1.164958
-0.076310  1.842042
-0.177896  0.570101
-0.416826  1.263611
-0.466898  1.697831
-0.395628  1.217663
-0.165628  0.965793
 0.064399  0.637893
 0.266518  1.558486
 0.431441  0.725579
 0.585850  3.026308
 0.584896  1.484750
 0.321521  1.021405
 0.057642  1.218751
-0.033194  1.696586
-0.117284  0.842917
-0.152328  1.694218
-0.043156  1.881398
 0.008411  2.152787
 0.236708  1.036546
 0.064475  2.096151
 0.053485  0.699684
-0.052583  1.339387
 0.055036  0.856472
 0.178721  2.082862
-0.135287  1.251040
-0.050570  1.239194
-0.210369  1.973221
 0.044261  0.538128
 0.009881  1.171486
-0.102782  4.729779
 0.042721  0.767096
 0.159116  1.485342
 0.041486  1.324565
 0.056698  0.523649
 0.295569  1.329040
 0.288227  0.787844
-0.005738  2.965983
 0.141648  1.611580
 0.120916  3.862079
 0.230017  1.619693
 0.029341  1.220433
-0.059173  0.675920
 0.113986  2.098538
 0.013550  1.621810
-0.016348  1.313164
 0.013798  0.956558
 0.005512  0.843425
-0.389802  1.130696
-0.522626  0.984791
-0.581062  1.294265
-0.351022  0.901825
-0.592679  0.991504
-0.524073  0.866366
-0.499888  1.618020
-0.599937  1.494782
-0.504594  1.113904
-0.346605  1.253431
-0.270053  0.900380
-0.347902  0.906759
-0.137568  1.587321
-0.299348  1.719274
-0.242055  0.752010
-0.013946  0.692198
-0.065793  0.683086
-0.170733  1.139790
-0.249369  1.111139
-0.135220  1.140389
-0.190366  0.809145
-0.145309  1.618910
-0.304673  1.178347
-0.061793  0.619389
-0.105517  1.587777
 0.011535  0.851503
-0.053808  2.785409
-0.116681  1.221338
-0.136334  0.940663
-0.118370  0.874310
-0.455893  0.943027
-0.286358  1.010194
-0.374455  1.495046
-0.547650  2.418185
-0.338122  2.628555
-0.284154  1.475438
-0.304302  2.230088
-0.423421  1.466355
-0.585827  1.104800
-0.440081  0.940631
-0.395635  0.852205
-0.283165  1.631450
-0.071889  0.791174
-0.136373  0.953314
-0.182858  1.377785
-0.027006  2.104132
 0.075393  1.104847
 0.013282  1.620211
-0.000675  1.400310
-0.109628  1.424471
-0.411125  0.996817
-0.571014  0.928767
-0.569639  1.238984
-0.276516  1.155555
-0.346882  0.445521
-0.520944  1.339631
-0.553650  1.646872
-0.451118  1.400228
-0.247551  0.733934
-0.362310  2.212182
-0.399687  1.110956
-0.330205  1.082124
-0.301291  0.834612
-0.209761  1.921768
-0.280258  2.352117
-0.339927  1.155686
-0.276609  0.883667
-0.157202  0.881292
-0.180666  1.284508
-0.194776  0.870143
-0.349784  1.203108
-0.507730  3.309567
-0.540711  1.578194
-0.720057  1.802701
-0.725836  1.009459
-0.607563  1.131452
-0.539171  0.737994
-0.647439  1.645089
-0.578711  0.936588
-0.479938  1.008647
-0.442805  1.079251
-0.473091  0.807054
-0.394897  1.335730
-0.496196  1.213560
-0.453253  1.284306
-0.594109  1.402483
-0.594226  0.789702
-0.549286  0.713890
-0.721775  1.269948
-0.551257  0.605472
-0.450734  1.216247
-0.317092  0.967097
-0.103940  1.142151
-0.086636  0.679432
-0.006236  0.735249
 0.236611  1.475515
-0.076552  1.352770
-0.149212  0.893644
-0.068765  1.596391
-0.070893  0.863652
-0.030725  0.952247
 0.009807  1.019148
-0.202321  1.468658
-0.264879  1.616359
-0.153646  0.813164
-0.268098  0.901288
-0.190349  0.751558
-0.256070  0.909416
-0.127846  1.009961
-0.283280  1.392166
-0.460474  0.635570
-0.359257  1.151887
-0.405957  0.808873
-0.513861  1.408035
-0.289569  1.464440
-0.095032  1.310255
-0.119311  1.008037
-0.097168  0.992319
-0.118352  0.804941
-0.271507  0.673347
-0.389031  1.232913
-0.440291  1.214489
-0.401147  0.937931
-0.368353  1.588048
-0.573540  1.108200
-0.545965  2.126812
-0.614993  1.035028
-0.528371  0.807698
-0.537904  0.840832
-0.485566  1.083012
-0.623839  1.547472
-0.598697  2.843858
-0.719337  1.143237
-0.649523  1.085955
-0.468149  1.364521
-0.613404  1.399895
-0.582901  2.111679
-0.599039  0.858639
-0.493575  1.294106
-0.412904  1.096939
-0.524677  1.347302
-0.427027  1.040644
-0.474546  0.854360
-0.547198  1.034317
-0.445496  2.369849
-0.266731  1.665957
-0.270186  0.889072
-0.325947  0.562283
-0.203884  0.912050
-0.101417  1.400132
-0.069108  1.478074
-0.086226  1.111118
-0.108295  1.530124
-0.269088  1.415532
-0.344542  0.871095
-0.457761  0.699783
-0.238198  1.287872
-0.254849  1.093707
-0.281145  1.729371
-0.150542  0.903408
-0.022996  2.371585
-0.091594  0.954159
 0.026448  4.452531
-0.190362  1.078624
-0.257595  1.019215
-0.379788  1.635295
-0.284560  1.821729
-0.564410  1.582270
-0.281749  1.100479
-0.650984  1.496977
-0.595868  2.280778
-0.734718  1.520850
-0.930861  0.950292
-0.517437  2.217136
-0.664331  0.784511
-0.587683  0.737484
-0.451380  1.039915
-0.465773  1.193444
-0.268081  1.141639
-0.259787  1.334787
-0.127838  2.220723
-0.183417  1.268464
-0.145886  0.954971
-0.008969  0.760497
-0.216858  1.686334
-0.158022  1.047528
-0.219028  0.995601
-0.001163  0.996758
-0.100069  0.971823
-0.103311  0.846883
 0.040121  1.055284
-0.072248  1.949190
-0.088957  1.581478
-0.157204  1.484219
-0.338652  2.768152
-0.462737  1.871007
-0.684446  3.319830
-0.847585  1.585907
-0.650424  1.117048
-0.225655  0.771811
-0.155879  0.690597
 0.119813  1.134647
 0.187554  1.378014
 0.092832  1.434726
-0.083428  0.988472
-0.180781  1.176538
-0.137145  1.628987
-0.244925  1.681744
-0.296571  2.694474
-0.339637  1.283377
-0.336502  1.771382
-0.389664  0.883683
-0.485214  1.662696
-0.494075  1.518320
-0.686199  2.447721
-0.304879  0.573854
-0.319807  1.127008
-0.251911  0.932108
-0.082807  1.249252
-0.162249  1.772684
-0.119038  1.744562
-0.103683  1.376001
-0.197659  2.399994
-0.079556  1.482189
-0.253004  1.036393
-0.193613  0.856322
-0.252996  0.990100
-0.304553  0.772525
-0.375071  1.115766
-0.605451  1.802907
-0.346401  1.021125
-0.303671  1.708884
-0.400513  2.034335
-0.298457  1.332156
-0.218284  1.251257
-0.136742  1.414727
-0.325356  1.588190
-0.430441  0.697203
-0.296328  0.923107
-0.355991  1.036195
-0.356580  2.043502
-0.455089  1.083550
-0.520937  1.133785
-0.387348  0.877840
-0.172356  1.219313
-0.262036  2.200996
-0.377573  1.043766
-0.420209  0.757926
-0.469594  0.611497
-0.308664  1.336348
-0.353709  1.903221
-0.251257  1.587560
-0.254548  2.073679
-0.440163  0.804343
-0.340660  0.745476
-0.309361  1.347334
-0.512665  0.951647
-0.531724  0.864201
-0.631496  1.097558
-0.469043  1.233113
-0.529223  1.347207
-0.662937  0.670925
-0.636038  1.040394
-0.752736  1.255799
-0.450718  2.632885
-0.305064  1.723216
-0.038380  2.047656
-0.086259  1.817183
-0.066659  0.959394
-0.043818  0.924976
 0.000405  1.459395
 0.031798  1.224094
-0.055349  1.614356
 0.035128  1.342641
 0.000032  2.068051
-0.040175  1.725174
-0.245879  1.380619
-0.178993  1.493712
-0.108312  0.950544
-0.180720  0.689294
-0.325085  1.027580
-0.306574  1.542157
-0.334223  1.066524
-0.342003  1.030049
-0.280556  1.762032
-0.210946  0.789037
-0.240665  2.663554
-0.196196  1.126293
-0.118317  1.151593
-0.223986  1.424551
-0.400753  0.830711
-0.491725  2.478338
-0.395566  1.221729
-0.364056  1.062145
-0.416318  1.828685
-0.022154  0.864953
-0.093937  0.849143
-0.145274  1.367931
-0.204348  1.460329
-0.100053  1.462986
-0.345638  1.068659
-0.179803  1.732577
-0.044905  1.177863
-0.119264  2.700153
-0.180436  1.878739
-0.406012  1.382742
-0.410493  1.404987
-0.330357  1.232115
-0.339489  0.572902
-0.621770  0.633287
-0.573392  1.348041
-0.595319  1.590056
-0.445414  1.570085
-0.543531  1.337544
-0.452590  2.261148
-0.451220  0.663992
-0.331491  1.379798
-0.332817  1.228204
-0.121861  1.040180
-0.231727  1.088485
-0.526721  1.311641
-0.527248  1.281659
-0.320343  3.145957
-0.389616  1.031757
-0.232324  1.708645
-0.223790  1.142913
-0.411827  1.162739
-0.497475  1.134598
-0.545504  1.293092
-0.362529  1.212238
-0.244019  0.985183
