0.000000 0.018797
0.000000 0.024179
0.000000 0.020723
0.000000 0.014320
0.000000 0.023054
0.000000 0.048799
0.000000 0.012227
0.000000 0.020562
0.000000 0.013498
0.000000 0.044979
0.000000 0.033294
0.000000 0.045264
0.000000 0.015654
0.000000 0.010299
0.000000 0.019869
0.000000 0.017572
0.000000 0.022208
0.000000 0.019557
0.000000 0.010691
0.000000 0.015138
0.000000 0.017642
0.000000 0.017549
0.000000 0.032772
0.000000 0.023003
0.000000 0.013687
0.000000 0.016880
0.000000 0.020548
0.000000 0.023208
0.000000 0.026070
0.000000 0.013021
0.000000 0.017241
0.000000 0.038496
0.000000 0.048584
0.000000 0.023910
0.000000 0.048196
0.000000 0.017202
0.000000 0.025042
0.000000 0.017916
0.000000 0.016901
0.000000 0.018042
0.000000 0.014712
0.000000 0.012883
0.000000 0.014412
0.000000 0.017412
0.000000 0.027706
0.000000 0.030764
0.000000 0.020067
0.000000 0.020391
0.000000 0.026444
0.000000 0.021464
0.000000 0.027495
0.000000 0.021612
0.000000 0.019438
0.000000 0.019715
0.000000 0.026084
0.000000 0.020357
0.000000 0.026711
0.000000 0.038298
0.000000 0.017545
0.000000 0.028644
0.000000 0.026716
0.000000 0.059203
0.000000 0.025241
0.000000 0.034760
0.000000 0.040959
0.000000 0.019082
0.000000 0.025094
0.000000 0.025463
0.000000 0.039109
0.000000 0.038869
0.000000 0.030828
0.000000 0.027091
0.000000 0.033057
0.000000 0.045979
0.000000 0.064374
0.000000 0.062668
0.000000 0.012960
0.000000 0.029743
0.000000 0.030235
0.000000 0.026752
0.000000 0.017700
0.000000 0.018415
0.000000 0.039350
0.000000 0.024394
0.000000 0.024058
0.000000 0.075642
0.000000 0.028870
0.000000 0.015889
0.000000 0.037234
0.000000 0.025816
0.000000 0.045060
0.000000 0.025354
0.000000 0.019381
0.000000 0.027258
0.000000 0.009058
0.000000 0.053898
0.000000 0.020330
0.000000 0.023075
0.000000 0.021829
0.000000 0.031422
0.000000 0.014543
0.000000 0.026539
0.000000 0.018361
0.000000 0.015560
0.000000 0.021094
0.000000 0.022792
0.000000 0.018554
0.000000 0.019147
0.000000 0.022253
0.000000 0.049850
0.000000 0.041254
0.000000 0.023217
0.000000 0.041121
0.000000 0.042378
0.000000 0.026425
0.000000 0.022582
0.000000 0.016699
0.000000 0.018870
0.000000 0.040127
0.000000 0.017002
0.000000 0.019078
0.000000 0.015641
0.000000 0.020405
0.000000 0.028525
0.000000 0.036588
0.000000 0.020327
0.000000 0.080030
0.000000 0.020095
0.000000 0.036185
0.000000 0.037172
0.000000 0.034134
0.000000 0.010551
0.000000 0.017454
0.000000 0.036608
0.000000 0.020756
0.000000 0.026187
0.000000 0.018763
0.000000 0.031222
0.000000 0.034117
0.000000 0.019690
0.000000 0.030808
0.000000 0.015989
0.000000 0.018961
0.000000 0.020299
0.000000 0.040330
0.000000 0.014466
0.000000 0.075452
0.000000 0.032776
0.000000 0.035697
0.000000 0.015843
0.000000 0.024702
0.000000 0.018721
0.000000 0.027887
0.000000 0.021045
0.000000 0.019489
0.000000 0.066884
0.000000 0.023840
0.000000 0.029260
0.000000 0.015808
0.000000 0.016905
0.000000 0.026274
0.000000 0.015455
0.000000 0.017875
0.000000 0.017009
0.000000 0.020584
0.000000 0.043959
0.000000 0.036316
0.000000 0.026455
0.000000 0.042653
0.000000 0.032654
0.000000 0.026165
0.000000 0.047466
0.000000 0.018361
0.000000 0.017670
0.000000 0.025545
0.000000 0.025496
0.000000 0.044550
0.000000 0.018315
0.000000 0.097293
0.000000 0.019927
0.000000 0.018720
0.000000 0.028355
0.000000 0.016642
0.000000 0.017071
0.000000 0.016131
0.000000 0.013555
0.000000 0.015116
0.000000 0.041337
0.000000 0.029335
0.000000 0.027000
0.000000 0.015398
0.000000 0.047444
0.000000 0.017768
0.000000 0.024184
0.000000 0.023253
0.000000 0.020902
0.000000 0.022406
0.000000 0.024721
0.000000 0.019558
0.000000 0.027787
0.000000 0.014521
0.000000 0.029120
0.000000 0.042057
0.000000 0.030274
0.000000 0.015831
0.000000 0.028326
0.000000 0.020615
0.000000 0.046891
0.000000 0.038515
0.000000 0.036633
0.000000 0.028701
0.000000 0.056916
0.000000 0.034634
0.000000 0.018883
0.000000 0.033000
0.000000 0.046085
0.000000 0.020117
0.000000 0.013786
0.000000 0.018344
0.000000 0.031167
0.000000 0.016713
0.000000 0.040371
0.000000 0.044902
0.000000 0.016272
0.000000 0.015202
0.000000 0.022829
0.000000 0.036019
0.000000 0.018088
0.000000 0.016813
0.000000 0.025566
0.000000 0.021592
0.000000 0.019847
0.000000 0.030681
0.000000 0.020008
0.000000 0.028276
0.000000 0.015406
0.000000 0.020735
0.000000 0.032666
0.000000 0.034909
0.000000 0.020718
0.000000 0.027427
0.000000 0.036296
0.000000 0.022147
0.000000 0.015343
0.000000 0.011972
0.000000 0.012483
0.000000 0.022287
0.000000 0.021359
0.000000 0.038776
0.000000 0.019199
0.000000 0.025267
0.000000 0.042915
0.000000 0.036164
0.000000 0.016289
0.000000 0.048167
0.000000 0.025717
0.000000 0.016877
0.000000 0.014664
0.000000 0.027164
0.000000 0.032013
0.000000 0.022025
0.000000 0.017600
0.000000 0.037443
0.000000 0.021729
0.000000 0.021340
0.000000 0.024836
0.000000 0.011688
0.000000 0.019494
0.000000 0.040513
0.000000 0.021862
0.000000 0.016632
0.000000 0.020337
0.000000 0.024688
0.000000 0.016016
0.000000 0.057446
0.000000 0.033025
0.000000 0.017321
0.000000 0.022956
0.000000 0.029241
0.000000 0.013346
0.000000 0.018676
0.000000 0.012019
0.000000 0.016783
0.000000 0.022542
0.000000 0.026239
0.000000 0.049700
0.000000 0.020328
0.000000 0.030129
0.000000 0.032626
0.000000 0.024144
0.000000 0.016873
0.000000 0.013849
0.000000 0.013330
0.000000 0.029732
0.000000 0.055994
0.000000 0.021436
0.000000 0.017243
0.000000 0.023961
0.000000 0.021607
0.000000 0.031569
0.000000 0.021214
0.000000 0.022808
0.000000 0.021720
0.000000 0.016003
0.000000 0.017799
0.000000 0.020457
0.000000 0.042231
0.000000 0.030095
0.000000 0.022437
0.000000 0.017121
0.000000 0.012609
0.000000 0.023368
0.000000 0.018603
0.000000 0.015593
0.000000 0.017370
0.000000 0.023483
0.000000 0.024974
0.000000 0.022497
0.000000 0.039018
0.000000 0.049388
0.000000 0.022917
0.000000 0.023487
0.000000 0.015989
0.000000 0.055918
0.000000 0.023962
0.000000 0.016163
0.000000 0.017989
0.000000 0.030539
0.000000 0.015203
0.000000 0.028058
0.000000 0.014309
0.000000 0.034949
0.000000 0.027308
0.000000 0.013885
0.000000 0.025699
0.000000 0.025830
0.000000 0.026731
0.000000 0.027040
0.000000 0.018695
0.000000 0.015936
0.000000 0.015613
0.000000 0.016168
0.000000 0.016236
0.000000 0.025599
0.000000 0.062619
0.000000 0.025465
0.000000 0.016235
0.000000 0.019990
0.000000 0.021085
0.000000 0.015409
0.000000 0.019079
0.000000 0.022137
0.000000 0.016915
0.000000 0.033731
0.000000 0.023296
0.000000 0.030671
0.000000 0.019359
0.000000 0.015570
0.000000 0.019867
0.000000 0.018065
0.000000 0.023036
0.000000 0.017837
0.000000 0.047671
0.000000 0.021082
0.000000 0.016368
0.000000 0.066878
0.000000 0.030608
0.000000 0.028152
0.000000 0.020182
0.000000 0.021908
0.000000 0.014938
0.000000 0.013049
0.000000 0.018356
0.000000 0.018295
0.000000 0.020491
0.000000 0.034418
0.000000 0.019017
0.000000 0.050877
0.000000 0.022734
0.000000 0.030239
0.000000 0.028163
0.000000 0.022930
0.000000 0.019580
0.000000 0.015470
0.000000 0.018484
0.000000 0.020409
0.000000 0.019158
0.000000 0.026753
0.000000 0.023177
0.000000 0.058657
0.000000 0.029779
0.000000 0.029720
0.000000 0.035281
0.000000 0.020560
0.000000 0.016616
0.000000 0.022823
0.000000 0.045325
0.000000 0.031113
0.000000 0.040141
0.000000 0.018548
0.000000 0.014317
0.000000 0.037919
0.000000 0.025824
0.000000 0.015327
0.000000 0.020726
0.000000 0.037617
0.000000 0.049741
0.000000 0.027783
0.000000 0.014759
0.000000 0.057320
0.000000 0.022836
0.000000 0.037275
0.000000 0.022217
0.000000 0.042708
0.000000 0.036554
0.000000 0.104218
0.000000 0.025544
0.000000 0.012543
0.000000 0.044172
0.000000 0.012464
0.000000 0.016434
0.000000 0.012409
0.000000 0.021433
0.000000 0.021943
0.000000 0.031056
0.000000 0.016513
0.000000 0.021475
0.000000 0.009437
0.000000 0.019672
0.000000 0.030194
0.000000 0.019311
0.000000 0.020571
0.000000 0.013417
0.000000 0.016510
0.000000 0.021959
0.000000 0.034142
0.000000 0.020825
0.000000 0.023708
0.000000 0.024371
0.000000 0.021036
0.000000 0.023610
0.000000 0.020690
0.000000 0.029338
0.000000 0.024233
0.000000 0.032119
0.000000 0.028498
0.000000 0.034498
0.000000 0.046726
0.000000 0.039516
0.000000 0.027977
0.000000 0.032734
0.000000 0.038181
0.000000 0.021770
0.000000 0.017994
0.000000 0.016159
0.000000 0.028821
0.000000 0.030712
0.000000 0.023341
0.000000 0.041623
0.000000 0.045038
0.000000 0.013875
0.000000 0.032031
0.000000 0.015636
0.000000 0.077841
0.000000 0.018983
0.000000 0.020265
0.000000 0.066336
0.000000 0.041859
0.000000 0.069329
0.000000 0.032794
0.000000 0.022627
0.000000 0.031284
0.000000 0.036489
0.000000 0.033317
0.000000 0.013870
0.000000 0.020213
0.000000 0.017856
0.000000 0.028197
0.000000 0.026493
0.000000 0.017964
0.000000 0.019946
0.000000 0.031023
0.000000 0.023737
0.000000 0.023770
0.000000 0.019901
0.000000 0.021874
0.000000 0.020340
0.000000 0.028551
0.000000 0.016648
0.000000 0.016924
0.000000 0.114834
0.000000 0.015821
0.000000 0.028907
0.000000 0.035338
0.000000 0.012964
0.000000 0.019001
0.000000 0.016659
0.000000 0.035516
0.000000 0.013835
0.000000 0.022183
0.000000 0.022357
0.000000 0.017807
0.000000 0.025425
0.000000 0.020020
0.000000 0.012589
0.000000 0.028638
0.000000 0.052095
0.000000 0.060054
0.000000 0.021395
0.000000 0.039314
0.000000 0.034660
0.000000 0.042820
0.000000 0.015718
0.000000 0.014872
0.000000 0.023329
0.000000 0.042756
0.000000 0.031197
0.000000 0.017209
0.000000 0.014462
0.000000 0.028225
0.000000 0.012417
0.000000 0.023079
0.000000 0.016784
0.000000 0.014076
0.000000 0.019468
0.000000 0.045372
0.000000 0.040830
0.000000 0.013671
0.000000 0.036757
0.000000 0.047196
0.000000 0.055621
0.000000 0.036673
0.000000 0.038573
0.000000 0.020022
0.000000 0.014734
0.000000 0.023876
0.000000 0.022838
0.000000 0.016888
0.000000 0.036978
0.000000 0.045455
0.000000 0.014780
0.000000 0.016977
0.000000 0.012487
0.000000 0.012451
0.000000 0.013781
0.000000 0.033243
0.000000 0.020995
0.000000 0.038278
0.000000 0.014425
0.000000 0.010026
0.000000 0.022871
0.000000 0.018634
0.000000 0.023218
0.000000 0.028434
0.000000 0.028559
0.000000 0.013894
0.000000 0.036571
0.000000 0.034694
0.000000 0.013986
0.000000 0.017669
0.000000 0.072162
0.000000 0.018935
0.000000 0.028843
0.000000 0.031122
0.000000 0.031352
0.000000 0.029652
0.000000 0.017563
0.000000 0.029764
0.000000 0.029360
0.000000 0.015467
0.000000 0.023384
0.000000 0.028532
0.000000 0.022182
0.000000 0.032518
0.000000 0.032016
0.000000 0.030864
0.000000 0.017167
0.000000 0.040320
0.000000 0.017473
0.000000 0.018250
0.000000 0.012004
0.000000 0.022035
0.000000 0.016319
0.000000 0.034976
0.000000 0.022377
0.000000 0.022516
0.000000 0.017284
0.000000 0.025154
0.000000 0.047149
0.000000 0.019224
0.000000 0.022852
0.000000 0.022254
0.000000 0.022337
0.000000 0.019655
0.000000 0.041787
0.000000 0.018689
0.000000 0.019717
0.000000 0.034857
0.000000 0.040612
0.000000 0.021625
0.000000 0.021111
0.000000 0.058871
0.000000 0.016813
0.000000 0.019072
0.000000 0.015535
0.000000 0.020040
0.000000 0.021237
0.000000 0.064743
0.000000 0.022980
0.000000 0.034473
0.000000 0.025313
0.000000 0.024300
0.000000 0.024492
0.000000 0.034752
0.000000 0.037159
0.000000 0.022432
0.000000 0.019100
0.000000 0.016875
0.000000 0.018197
0.000000 0.055912
0.000000 0.030166
0.000000 0.020064
0.000000 0.018112
0.000000 0.027004
0.000000 0.064720
0.000000 0.037209
0.000000 0.026960
0.000000 0.037787
0.000000 0.027573
0.000000 0.025400
0.000000 0.016656
0.000000 0.024246
0.000000 0.020671
0.000000 0.018238
0.000000 0.038874
0.000000 0.019100
0.000000 0.019968
0.000000 0.014985
0.000000 0.019576
0.000000 0.029989
0.000000 0.023475
0.000000 0.015354
0.000000 0.037039
0.000000 0.017704
0.000000 0.016325
0.000000 0.012295
0.000000 0.018728
0.000000 0.023283
0.000000 0.017745
0.000000 0.014694
0.000000 0.019159
0.000000 0.024194
0.000000 0.029417
0.000000 0.018701
0.000000 0.013269
0.000000 0.031500
0.000000 0.040243
0.000000 0.025560
0.000000 0.049842
0.000000 0.017955
0.000000 0.026828
0.000000 0.019265
0.000000 0.022631
0.000000 0.025498
0.000000 0.033981
0.000000 0.013765
0.000000 0.032585
0.000000 0.020626
0.000000 0.027045
0.000000 0.013016
0.000000 0.027101
0.000000 0.024009
0.000000 0.027950
0.000000 0.022011
0.000000 0.018441
0.000000 0.040233
0.000000 0.014632
0.000000 0.009635
0.000000 0.020414
0.000000 0.044715
0.000000 0.023137
0.000000 0.043266
0.000000 0.015282
0.000000 0.039743
0.000000 0.027559
0.000000 0.055206
0.000000 0.028095
0.000000 0.022558
0.000000 0.018496
0.000000 0.056158
0.000000 0.022259
0.000000 0.023233
0.000000 0.014170
0.000000 0.015354
0.000000 0.022146
0.000000 0.031121
0.000000 0.023935
0.000000 0.022760
0.000000 0.023096
0.000000 0.026242
0.000000 0.039667
0.000000 0.022572
0.000000 0.012822
0.000000 0.023565
0.000000 0.020198
0.000000 0.012618
0.000000 0.040996
0.000000 0.023932
0.000000 0.036717
0.000000 0.013423
0.000000 0.023409
0.000000 0.022772
0.000000 0.028629
0.000000 0.031642
0.000000 0.025141
0.000000 0.033795
0.000000 0.031065
0.000000 0.020366
0.000000 0.024060
0.000000 0.026610
0.000000 0.020081
0.000000 0.023503
0.000000 0.018865
0.000000 0.014106
0.000000 0.086385
0.000000 0.019223
0.000000 0.038282
0.000000 0.035800
0.000000 0.016408
0.000000 0.022702
0.000000 0.024626
0.000000 0.029816
0.000000 0.041045
0.000000 0.022631
0.000000 0.032907
0.000000 0.039343
0.000000 0.020039
0.000000 0.019503
0.000000 0.016189
0.000000 0.013599
0.000000 0.038421
0.000000 0.023189
0.000000 0.037016
0.000000 0.027772
0.000000 0.045160
0.000000 0.016890
0.000000 0.013676
0.000000 0.014129
0.000000 0.037079
0.000000 0.027624
0.000000 0.032141
0.000000 0.018276
0.000000 0.033846
0.000000 0.026422
0.000000 0.050483
0.000000 0.026508
0.000000 0.032166
0.000000 0.025402
0.000000 0.092099
0.000000 0.044921
0.000000 0.027045
0.000000 0.026586
0.000000 0.028823
0.000000 0.028149
0.000000 0.045577
0.000000 0.028451
0.000000 0.028202
0.000000 0.020827
0.000000 0.017579
0.000000 0.027973
0.000000 0.021019
0.000000 0.025038
0.000000 0.022006
0.000000 0.020734
0.000000 0.023912
0.000000 0.035553
0.000000 0.015230
0.000000 0.023635
0.000000 0.027324
0.000000 0.015758
0.000000 0.026387
0.000000 0.017652
0.000000 0.014688
0.000000 0.011432
0.000000 0.018336
0.000000 0.065788
0.000000 0.049549
0.000000 0.030364
0.000000 0.023259
0.000000 0.026974
0.000000 0.024731
0.000000 0.042330
0.000000 0.014911
0.000000 0.058604
0.000000 0.034570
0.000000 0.015835
0.000000 0.017774
0.000000 0.027591
0.000000 0.029349
0.000000 0.014693
0.000000 0.029078
0.000000 0.021314
0.000000 0.020210
0.000000 0.015141
0.000000 0.012076
0.000000 0.015122
0.000000 0.027577
0.000000 0.023039
0.000000 0.021829
0.000000 0.016766
0.000000 0.016044
0.000000 0.030211
0.000000 0.019661
0.000000 0.027319
0.000000 0.021798
0.000000 0.010784
0.000000 0.020701
0.000000 0.009844
0.000000 0.023794
0.000000 0.030843
0.000000 0.019348
0.000000 0.019072
0.000000 0.013078
0.000000 0.020161
0.000000 0.022313
0.000000 0.021666
0.000000 0.027639
0.000000 0.018354
0.000000 0.013262
0.000000 0.036625
0.000000 0.022025
0.000000 0.024858
0.000000 0.017345
0.000000 0.042638
0.000000 0.096179
0.000000 0.018677
0.000000 0.014746
0.000000 0.017404
0.000000 0.031522
0.000000 0.021821
0.000000 0.037916
0.000000 0.021029
0.000000 0.019734
0.000000 0.039201
0.000000 0.029266
0.000000 0.020963
0.000000 0.027614
0.000000 0.018039
0.000000 0.019586
0.000000 0.032503
0.000000 0.040430
0.000000 0.017283
0.000000 0.026742
0.000000 0.020517
0.000000 0.026642
0.000000 0.024599
0.000000 0.028839
0.000000 0.028797
0.000000 0.023084
0.000000 0.018371
0.000000 0.026711
0.000000 0.013035
0.000000 0.014053
0.000000 0.018033
0.000000 0.014893
0.000000 0.024759
0.000000 0.020591
0.000000 0.018246
0.000000 0.019059
0.000000 0.018448
0.000000 0.014329
0.000000 0.034566
0.000000 0.047395
0.000000 0.025807
0.000000 0.026265
0.000000 0.018464
0.000000 0.057485
0.000000 0.031146
0.000000 0.014288
0.000000 0.016198
0.000000 0.022594
0.000000 0.058587
0.000000 0.023257
0.000000 0.020992
0.000000 0.028947
0.000000 0.031922
0.000000 0.014370
0.000000 0.032587
0.000000 0.017779
0.000000 0.051960
0.000000 0.016645
0.000000 0.023595
0.000000 0.015734
0.000000 0.043606
0.000000 0.022739
0.000000 0.030386
0.000000 0.032994
0.000000 0.023496
0.000000 0.033780
0.000000 0.015748
0.000000 0.032315
0.000000 0.030151
0.000000 0.049039
0.000000 0.037227
0.000000 0.012213
0.000000 0.019115
0.000000 0.015946
0.000000 0.025182
0.000000 0.021727
0.000000 0.022337
0.000000 0.019315
0.000000 0.029283
0.000000 0.026161
0.000000 0.037144
0.000000 0.011549
0.000000 0.031344
0.000000 0.019359
0.000000 0.018835
0.000000 0.021509
0.000000 0.013370
0.000000 0.025860
0.000000 0.028659
0.000000 0.021843
0.000000 0.038321
0.000000 0.024861
0.000000 0.041351
0.000000 0.016645
0.000000 0.030022
0.000000 0.034944
0.000000 0.043594
0.000000 0.020471
0.000000 0.045223
0.000000 0.025988
0.000000 0.021511
0.000000 0.020319
0.000000 0.026112
0.000000 0.039624
0.000000 0.017913
0.000000 0.031146
0.000000 0.031157
0.000000 0.032641
0.000000 0.035618
0.000000 0.017206
0.000000 0.046648
0.000000 0.023414
0.000000 0.121267
0.000000 0.019415
0.000000 0.019200
0.000000 0.014541
0.000000 0.010680
0.000000 0.013490
0.000000 0.021371
0.000000 0.037688
0.000000 0.022564
0.000000 0.013682
0.000000 0.024237
0.000000 0.030789
0.000000 0.024567
0.000000 0.018002
0.000000 0.028503
0.000000 0.022183
0.000000 0.015751
0.000000 0.030975
0.000000 0.017939
0.000000 0.013809
0.000000 0.022897
0.000000 0.019550
0.000000 0.018545
0.000000 0.017779
0.000000 0.011309
0.000000 0.013569
0.000000 0.031235
0.000000 0.022784
0.000000 0.056729
0.000000 0.016995
0.000000 0.015812
0.000000 0.022035
0.000000 0.037292
0.000000 0.019830
0.000000 0.019746
0.000000 0.026825
0.000000 0.032717
0.000000 0.016015
0.000000 0.054900
0.000000 0.021011
0.000000 0.039804
0.000000 0.023725
0.000000 0.015492
0.000000 0.017137
0.000000 0.015635
0.000000 0.048412
0.000000 0.125361
0.000000 0.023005
0.000000 0.027111
0.000000 0.023447
0.000000 0.021885
0.000000 0.023333
0.000000 0.010407
0.000000 0.016855
0.000000 0.018002
0.000000 0.024092
0.000000 0.033517
0.000000 0.020846
0.000000 0.043403
0.000000 0.014218
0.000000 0.036957
0.000000 0.071143
0.000000 0.032964
0.000000 0.042058
0.000000 0.014878
0.000000 0.022700
0.000000 0.025753
0.000000 0.043512
0.000000 0.034723
0.000000 0.044117
0.000000 0.046346
0.000000 0.028980
0.000000 0.015961
0.000000 0.023304
0.000000 0.035136
0.000000 0.018524
0.000000 0.038487
0.000000 0.050727
0.000000 0.021485
0.000000 0.033500
0.000000 0.064782
0.000000 0.030258
0.000000 0.040946
0.000000 0.020839
0.000000 0.033772
0.000000 0.037636
0.000000 0.033230
0.000000 0.021420
0.000000 0.015359
0.000000 0.040182
0.000000 0.018945
0.000000 0.041757
0.000000 0.036402
0.000000 0.046477
0.000000 0.039417
0.000000 0.024333
0.000000 0.016599
0.000000 0.028978
0.000000 0.021618
0.000000 0.011218
0.000000 0.019587
0.000000 0.012249
0.000000 0.027279
0.000000 0.015905
0.000000 0.019281
0.000000 0.020324
0.000000 0.015717
0.000000 0.020096
0.000000 0.022115
0.000000 0.049717
0.000000 0.020586
0.000000 0.025553
0.000000 0.020393
0.000000 0.030477
0.000000 0.025123
0.000000 0.036774
0.000000 0.014127
0.000000 0.037013
0.000000 0.033726
0.000000 0.031892
0.000000 0.021473
0.000000 0.023134
0.000000 0.026706
0.000000 0.023780
0.000000 0.021412
0.000000 0.015247
0.000000 0.014579
0.000000 0.022915
0.000000 0.026944
0.000000 0.027813
0.000000 0.020515
0.000000 0.038311
0.000000 0.024543
0.000000 0.026486
0.000000 0.047180
0.000000 0.015434
0.000000 0.012381
0.000000 0.029767
0.000000 0.018385
0.000000 0.024779
0.000000 0.020027
0.000000 0.025672
0.000000 0.014684
0.000000 0.014593
0.000000 0.026243
0.000000 0.017999
0.000000 0.028257
0.000000 0.066949
0.000000 0.016048
0.000000 0.013496
0.000000 0.015193
0.000000 0.026408
0.000000 0.020651
0.000000 0.015248
0.000000 0.033137
0.000000 0.026126
0.000000 0.021898
0.000000 0.016270
0.000000 0.016691
0.000000 0.023099
0.000000 0.022194
0.000000 0.014051
0.000000 0.014738
0.000000 0.016875
0.000000 0.023451
0.000000 0.031112
0.000000 0.026226
0.000000 0.023216
0.000000 0.015147
0.000000 0.019323
0.000000 0.027410
0.000000 0.029372
0.000000 0.047794
0.000000 0.027972
0.000000 0.017717
0.000000 0.018709
0.000000 0.043782
0.000000 0.020579
0.000000 0.021488
0.000000 0.019710
0.000000 0.037023
0.000000 0.022121
0.000000 0.022171
0.000000 0.018835
0.000000 0.018637
0.000000 0.092608
0.000000 0.023561
0.000000 0.041333
0.000000 0.032209
0.000000 0.012504
0.000000 0.015209
0.000000 0.011715
0.000000 0.012859
0.000000 0.022872
0.000000 0.013206
0.000000 0.017936
0.000000 0.018057
0.000000 0.017820
0.000000 0.013947
0.000000 0.018787
0.000000 0.018050
0.000000 0.033977
0.000000 0.019635
0.000000 0.020223
0.000000 0.053080
0.000000 0.015862
0.000000 0.019865
0.000000 0.030375
0.000000 0.035070
0.000000 0.028144
0.000000 0.040964
0.000000 0.034577
0.000000 0.014838
0.000000 0.026978
0.000000 0.036909
0.000000 0.034109
0.000000 0.018150
0.000000 0.038651
0.000000 0.025787
0.000000 0.024492
0.000000 0.032305
0.000000 0.063082
0.000000 0.013158
0.000000 0.024010
0.000000 0.026540
0.000000 0.017726
0.000000 0.028378
0.000000 0.015317
0.000000 0.022756
0.000000 0.020892
0.000000 0.028716
0.000000 0.028999
0.000000 0.034636
0.000000 0.024515
0.000000 0.020069
0.000000 0.021565
0.000000 0.023625
0.000000 0.027289
0.000000 0.050447
0.000000 0.013750
0.000000 0.028925
0.000000 0.028870
0.000000 0.024262
0.000000 0.015787
0.000000 0.022748
0.000000 0.019459
0.000000 0.013987
0.000000 0.035948
0.000000 0.027328
0.000000 0.022706
0.000000 0.021183
0.000000 0.034975
0.000000 0.036412
0.000000 0.011783
0.000000 0.014576
0.000000 0.025572
0.000000 0.017064
0.000000 0.025724
0.000000 0.037374
0.000000 0.017668
0.000000 0.036854
0.000000 0.019895
0.000000 0.022316
0.000000 0.025894
0.000000 0.125728
0.000000 0.012523
0.000000 0.011048
0.000000 0.018289
0.000000 0.011428
0.000000 0.019412
0.000000 0.020892
0.000000 0.015341
0.000000 0.025285
0.000000 0.012393
0.000000 0.015583
0.000000 0.021677
0.000000 0.015023
0.000000 0.020754
0.000000 0.020872
0.000000 0.015286
0.000000 0.031690
0.000000 0.021935
0.000000 0.025290
0.000000 0.021748
0.000000 0.023602
0.000000 0.028294
0.000000 0.041345
0.000000 0.062090
0.000000 0.019158
0.000000 0.014143
0.000000 0.017856
0.000000 0.033246
0.000000 0.022332
0.000000 0.029522
0.000000 0.029611
0.000000 0.022580
0.000000 0.020284
0.000000 0.022203
0.000000 0.040326
0.000000 0.019546
0.000000 0.062829
0.000000 0.024483
0.000000 0.029366
0.000000 0.013657
0.000000 0.037780
0.000000 0.030000
0.000000 0.018817
0.000000 0.024488
0.000000 0.028117
0.000000 0.016836
0.000000 0.014421
0.000000 0.011217
0.000000 0.011557
0.000000 0.011192
0.000000 0.032750
0.000000 0.029819
0.000000 0.017592
0.000000 0.012564
0.000000 0.011272
0.000000 0.027506
0.000000 0.022767
0.000000 0.017287
0.000000 0.032403
0.000000 0.042949
0.000000 0.025740
0.000000 0.015403
0.000000 0.024215
0.000000 0.036100
0.000000 0.032201
0.000000 0.017246
0.000000 0.016672
0.000000 0.044800
0.000000 0.034144
0.000000 0.063960
0.000000 0.037539
0.000000 0.016920
0.000000 0.023833
0.000000 0.034781
0.000000 0.027912
0.000000 0.014194
0.000000 0.023824
0.000000 0.024721
0.000000 0.033102
0.000000 0.026604
0.000000 0.032038
0.000000 0.052958
0.000000 0.043256
0.000000 0.031415
0.000000 0.016504
0.000000 0.027709
0.000000 0.022924
0.000000 0.023778
0.000000 0.034792
0.000000 0.021605
0.000000 0.014715
0.000000 0.010772
0.000000 0.017616
0.000000 0.022767
0.000000 0.019098
0.000000 0.022449
0.000000 0.026553
0.000000 0.039787
0.000000 0.031716
0.000000 0.026728
0.000000 0.016338
0.000000 0.017774
0.000000 0.029245
0.000000 0.015480
0.000000 0.012539
0.000000 0.016360
0.000000 0.037936
0.000000 0.024054
0.000000 0.028809
0.000000 0.030440
0.000000 0.019038
0.000000 0.016552
0.000000 0.014531
0.000000 0.032161
0.000000 0.017735
0.000000 0.023812
0.000000 0.027659
0.000000 0.015231
0.000000 0.020708
0.000000 0.022727
0.000000 0.023601
0.000000 0.028485
0.000000 0.019108
0.000000 0.015510
0.000000 0.045892
0.000000 0.022717
0.000000 0.030845
0.000000 0.032731
0.000000 0.029969
0.000000 0.018209
0.000000 0.014410
0.000000 0.018728
0.000000 0.025489
0.000000 0.015667
0.000000 0.025446
0.000000 0.022271
0.000000 0.019703
0.000000 0.017607
0.000000 0.026019
0.000000 0.014420
0.000000 0.023071
0.000000 0.013836
0.000000 0.023535
0.000000 0.020481
0.000000 0.017461
0.000000 0.018998
0.000000 0.025822
0.000000 0.014473
0.000000 0.026713
0.000000 0.138128
0.000000 0.015543
0.000000 0.020246
0.000000 0.028434
0.000000 0.058366
0.000000 0.014493
0.000000 0.019877
0.000000 0.044645
0.000000 0.045720
0.000000 0.028100
0.000000 0.017633
0.000000 0.019181
0.000000 0.016761
0.000000 0.024824
0.000000 0.027075
0.000000 0.021129
0.000000 0.019070
0.000000 0.063650
0.000000 0.027490
0.000000 0.021807
0.000000 0.041579
0.000000 0.069867
0.000000 0.016307
0.000000 0.018672
0.000000 0.034395
0.000000 0.030989
0.000000 0.018272
0.000000 0.019080
0.000000 0.023504
0.000000 0.020488
0.000000 0.020156
0.000000 0.018608
0.000000 0.020169
0.000000 0.057101
0.000000 0.188889
0.000000 0.014267
0.000000 0.014052
0.000000 0.016715
0.000000 0.034485
0.000000 0.018331
0.000000 0.021557
0.000000 0.035256
0.000000 0.015024
0.000000 0.036638
0.000000 0.020336
0.000000 0.014379
0.000000 0.019029
0.000000 0.041552
0.000000 0.015558
0.000000 0.019886
0.000000 0.024423
0.000000 0.044552
0.000000 0.054992
0.000000 0.014079
0.000000 0.025581
0.000000 0.030362
0.000000 0.026431
0.000000 0.019669
0.000000 0.023526
0.000000 0.019715
0.000000 0.021528
0.000000 0.020137
0.000000 0.026518
0.000000 0.015968
0.000000 0.020155
0.000000 0.035092
0.000000 0.021954
0.000000 0.026557
0.000000 0.011793
0.000000 0.020892
0.000000 0.015059
0.000000 0.017745
0.000000 0.025697
0.000000 0.043074
0.000000 0.016884
0.000000 0.028086
0.000000 0.020136
0.000000 0.020563
0.000000 0.021869
0.000000 0.026916
0.000000 0.030178
0.000000 0.013435
0.000000 0.018895
0.000000 0.025264
0.000000 0.022263
0.000000 0.015278
0.000000 0.061033
0.000000 0.043334
0.000000 0.014026
0.000000 0.015466
0.000000 0.015223
0.000000 0.016408
0.000000 0.018333
0.000000 0.038884
0.000000 0.009141
0.000000 0.023830
0.000000 0.024093
0.000000 0.017931
0.000000 0.014937
0.000000 0.033519
0.000000 0.028017
0.000000 0.020517
0.000000 0.013416
0.000000 0.015429
0.000000 0.013907
0.000000 0.016198
0.000000 0.017203
0.000000 0.024800
0.000000 0.019221
0.000000 0.052231
0.000000 0.016675
0.000000 0.015396
0.000000 0.019335
0.000000 0.023320
0.000000 0.021392
0.000000 0.023188
0.000000 0.074844
0.000000 0.033455
0.000000 0.026687
0.000000 0.019222
0.000000 0.021648
0.000000 0.020951
0.000000 0.039818
0.000000 0.048560
0.000000 0.021059
0.000000 0.025747
0.000000 0.029219
0.000000 0.024001
0.000000 0.019174
0.000000 0.028029
0.000000 0.022574
0.000000 0.016084
0.000000 0.022062
0.000000 0.011996
0.000000 0.020623
0.000000 0.021774
0.000000 0.045663
0.000000 0.011219
0.000000 0.028297
0.000000 0.024323
0.000000 0.023974
