 13.180346 -12.457121
 -4.533240  29.903608
-18.611728  20.647834
 -7.346738  37.339573
-13.480109  30.490993
-10.527828  39.887992
-20.823648  22.118250
 13.075252 -15.398377
 12.288679  30.244370
 10.974288  14.533594
  8.142195 -10.999919
 -3.103314  33.592111
-16.315799  32.271338
 15.954661  15.640180
 16.129456  21.525437
 10.892669  23.698466
  5.458876  30.143842
-19.241269  34.278689
-27.194804  26.590692
-18.881075  22.500944
-11.466915  32.686295
 10.283800 -11.825120
  1.506687  38.115274
-29.283256  21.711771
 -2.271749  29.715698
-24.925122  28.512767
-17.151994  16.026363
 12.000327   9.366742
 13.939716  41.455021
-16.618513  22.118970
-31.079514  29.172069
-26.531860  22.888571
 15.881265  35.720013
-16.324163  23.659879
 -0.518496  31.146196
 10.705161  12.654032
  4.247601  16.967895
 15.833855  10.250482
  2.470987  22.219444
 -2.913023  20.996249
  4.235989  45.398562
 11.316257   8.361873
 15.726001  13.325111
 14.049585   5.224697
 14.100704  30.415111
  3.530956  29.436720
  4.319437  25.017426
 16.176306  -7.579914
-16.662974  16.384143
  8.875735  36.320239
 11.039286  31.660243
