 1.122749
-1.794797
-0.086861
-1.477382
 1.950313
 1.004880
-0.147932
-1.466853
-0.067006
 0.316214
-1.274688
 0.345211
-1.747996
-0.474383
 1.658044
 0.570954
-0.861059
 1.395462
-1.072364
 1.917191
-1.616346
 1.017933
-1.727575
 1.104680
-1.359854
-1.960539
 1.847458
 1.683916
 0.576467
-0.851017
 0.584635
-0.827888
 0.050054
-0.327820
 1.453760
 0.839926
-0.428840
-1.357571
-0.317375
-1.762341
-0.387558
 0.497280
-1.426306
 1.379901
-1.429867
 0.166565
 0.567387
 0.279518
-0.485079
 1.504655
-0.282688
