    0.132821 12591.425178
    0.132886 12855.788731
    0.133147 12727.857828
    0.133306 12455.334463
    0.134002 12145.022300
    0.134601 13146.001845
    0.134935 12583.126505
    0.134720 12365.142872
    0.134357 11924.001716
    0.135032 12235.140722
    0.134741 12966.967254
    0.135053 12501.171567
    0.135101 12933.545535
    0.135994 12841.075759
    0.135343 12713.155346
    0.136219 13470.425064
    0.134866 12810.435623
    0.135459 13362.183420
    0.134834 12587.069510
    0.135319 12286.569027
    0.135342 12636.427805
    0.136486 13013.276546
    0.135898 13207.234197
    0.135546 12921.451334
    0.135228 13284.510098
    0.134188 12424.070151
    0.134130 12200.124163
    0.132738 12086.261503
    0.133513 12870.197262
    0.133679 12956.957031
    0.134013 12266.163619
    0.134125 12699.061053
    0.133147 12159.289273
    0.132381 13035.802434
    0.132870 12989.355353
    0.132974 12175.464038
    0.132998 13231.730855
    0.132992 13056.290588
    0.134357 12661.465829
    0.133057 12308.604508
    0.132421 12185.485185
    0.132183 12116.250897
    0.132357 12576.005760
    0.133661 12454.001869
    0.132571 12150.809114
    0.133692 12563.294846
    0.132894 12575.987509
    0.133358 13564.954740
    0.133286 12328.089209
    0.133219 12251.701734
    0.133624 12865.301053
    0.134020 12764.624408
    0.134659 12000.849794
    0.133788 13209.289437
    0.134771 12439.688337
    0.135270 12509.390097
    0.134680 12407.656775
    0.135090 13239.799403
    0.133776 12667.509766
    0.133341 12140.827927
    0.133040 12469.787067
    0.133611 12971.616728
    0.134492 12680.374610
    0.134251 11967.046584
    0.132871 12376.823490
    0.132378 12545.143265
    0.133078 12838.455332
    0.133358 12788.919507
    0.132214 12547.697794
    0.131561 13452.151757
    0.131491 12820.816351
    0.131740 13048.437452
    0.131496 13016.490058
    0.131377 12736.592623
    0.131076 12899.849086
    0.131226 11725.153990
    0.130404 12992.926746
    0.130754 12396.965049
    0.130799 12916.901677
    0.131752 12249.324784
    0.132740 12499.036221
    0.133430 12375.781126
    0.132358 12866.665269
    0.131983 12837.589744
    0.131551 12816.532091
    0.132170 11749.212591
    0.132554 12350.594915
    0.131951 12389.827949
    0.131985 12760.609838
    0.131239 12693.348374
    0.131151 12318.303139
    0.130971 12315.045164
    0.130289 12748.419082
    0.130370 11866.377188
    0.131494 12572.182566
    0.131611 13458.559023
    0.131682 12437.770067
    0.130866 12936.774081
    0.130019 11811.769964
    0.131338 13086.838020
    0.131251 12835.409100
    0.131643 12434.047802
    0.132499 12687.796052
    0.130180 12726.861017
    0.130578 12862.004557
    0.132401 12912.132887
    0.131169 12991.697674
    0.131451 12795.939556
    0.131652 12931.030885
    0.131981 12467.906170
    0.132059 12743.928564
    0.132031 12838.708980
    0.131635 12867.842190
    0.132197 12926.828779
    0.132077 13256.631647
    0.131865 11804.660721
    0.131497 12253.640775
    0.131183 12703.460547
    0.131177 13313.724719
    0.129837 12760.514455
    0.129463 11970.257641
    0.129538 12400.516174
    0.129892 12368.058936
    0.131495 12737.299161
    0.133038 12382.550748
    0.132707 12235.807717
    0.131979 12633.369839
    0.131739 12643.749864
    0.131406 12989.363369
    0.129919 13153.630367
    0.129612 12894.423444
    0.130168 13356.490360
    0.130451 12994.567432
    0.130130 12828.676106
    0.130173 12821.630522
    0.129229 13071.391273
    0.130193 12415.219328
    0.131667 12577.473873
    0.130736 12924.078029
    0.131837 12908.185813
    0.131735 12978.922411
    0.132451 12728.712630
    0.132001 12762.639202
    0.132226 12774.828691
    0.132233 12538.269611
    0.131390 11924.916073
    0.131624 13191.575611
    0.131671 12510.866070
    0.131750 13887.244590
    0.132052 11815.514071
    0.132628 12899.103206
    0.132438 12763.508325
    0.132727 12623.042722
    0.131259 12871.826843
    0.130955 13239.460215
    0.132821 12650.452745
    0.133036 13237.700797
    0.132125 12106.646379
    0.132753 12919.361860
    0.133998 12436.131623
    0.134115 13488.883663
    0.133078 12549.520314
    0.131990 12455.115056
    0.133000 12896.475845
    0.132807 12733.552510
    0.133105 12880.703357
    0.134287 11942.205214
    0.133787 12661.944122
    0.133062 12779.297864
    0.132449 11923.988701
    0.132045 12917.680668
    0.132231 12576.875495
    0.131769 12794.251503
    0.131497 12575.610671
    0.132183 11962.771856
    0.131626 12297.982935
    0.130995 12679.989845
    0.131059 12842.293916
    0.131754 12313.697751
    0.132179 11906.422015
    0.133484 11886.840504
    0.133762 12639.779760
    0.134070 12377.551356
    0.134691 12043.048678
    0.134830 11904.574207
    0.134217 12817.865508
    0.133370 12233.750332
    0.133871 12150.628064
    0.133909 12023.574974
    0.133738 12496.205448
    0.133441 12297.962762
    0.133337 12717.119562
    0.132316 12027.821782
    0.132534 12440.624345
    0.132992 13248.220815
    0.132525 13162.236997
    0.132696 12454.226695
    0.132738 12851.693429
    0.132385 12854.858912
    0.131608 12106.687501
    0.132917 12821.852641
    0.132273 12643.342613
    0.131733 12808.170161
    0.129978 12562.524677
    0.130662 12653.491979
    0.131281 12478.683026
    0.130341 12212.296730
    0.131248 12412.753886
    0.130438 12604.782648
    0.130003 12328.868628
    0.129627 12329.519686
    0.129175 12430.409949
    0.130305 12384.667798
    0.129560 12567.247776
    0.129957 12127.172652
    0.130272 12629.395843
    0.130242 13008.064119
    0.129288 12546.580275
    0.128738 12276.059432
    0.129426 13078.198946
    0.130531 12576.890781
    0.129893 12366.786133
    0.130072 12713.121490
    0.129988 13113.941793
    0.130141 12905.012046
    0.130018 12477.190238
    0.128694 12715.627735
    0.128847 12963.894626
    0.128965 13020.566426
    0.129786 13060.603497
    0.130902 12396.589516
    0.130930 12237.679761
    0.130474 12243.644477
    0.130257 12795.503729
    0.130985 13118.643551
    0.131242 12109.901249
    0.131135 12819.978389
    0.130532 13240.497307
    0.129985 12884.161755
    0.129884 12603.610269
    0.129620 12858.291552
    0.130803 13586.693360
    0.130402 12592.822761
    0.130238 12575.997462
    0.132044 12120.185161
    0.131597 12151.072672
    0.131775 12641.421188
    0.133075 12603.448076
    0.132584 12936.140921
    0.133279 13005.639469
    0.133165 13205.742533
    0.133142 13239.875228
    0.132540 12280.357460
    0.133068 12383.703375
    0.132278 13789.683317
    0.132141 12755.214872
    0.131572 13568.191190
    0.132287 12303.118041
    0.132399 12059.458908
    0.132585 12838.724831
    0.132425 13090.615683
    0.132059 13117.436633
    0.132055 12317.615002
    0.131456 12575.676674
    0.130958 12448.769012
    0.129954 12319.731215
    0.129230 12062.435155
    0.129869 12128.025070
    0.129134 12764.037183
    0.129485 13059.996606
    0.129704 12282.767651
    0.129032 13046.366953
    0.129546 13299.235223
    0.129536 12517.820189
    0.130389 12514.132378
    0.130905 13841.778520
    0.131459 13072.002343
    0.130996 13426.506290
    0.132101 12474.109768
    0.132994 12439.359942
    0.133393 12574.868856
    0.132627 13209.404094
    0.132775 13218.512828
    0.134611 12373.455045
    0.134989 12916.514071
    0.135145 12776.663269
    0.135306 13096.288327
    0.136036 12740.535895
    0.136020 12259.130536
    0.137027 13049.293142
    0.136868 12432.542597
    0.137063 12266.680411
    0.138041 12478.952268
    0.138567 13279.987993
    0.138244 12104.053655
    0.137362 12889.546251
    0.137514 13076.295621
    0.138319 12445.942396
    0.138602 12361.642384
    0.138608 13440.189708
    0.138692 12343.275866
    0.139053 12979.538160
    0.139948 12812.046507
    0.140147 12840.557811
    0.140679 12422.644440
    0.141246 12464.032000
    0.141061 12751.148934
    0.141850 12483.843511
    0.141191 13055.439204
    0.141291 13384.915968
    0.141305 12645.249768
    0.142568 13566.563883
    0.143628 12618.886090
    0.143464 13259.316149
    0.144361 12017.741870
    0.144343 12563.823187
    0.145603 12940.605795
    0.145892 12343.505212
    0.146754 12736.809605
    0.146364 12952.761499
    0.145250 12568.335865
    0.144237 12778.670311
    0.145069 12686.453506
    0.146574 12749.328775
    0.147267 12179.535277
    0.148541 12438.902327
    0.147308 12785.867140
    0.146884 12623.841194
    0.146216 12493.528641
    0.145874 13804.800547
    0.145177 13020.507402
    0.146320 12345.386531
    0.146359 12889.845053
    0.148622 12755.841899
    0.148720 13254.874827
    0.146630 13093.341546
    0.145061 13071.655587
    0.145523 12134.006377
    0.144179 13233.421960
    0.143520 12952.242462
    0.143144 12986.193394
    0.143041 12463.563678
    0.143756 12738.881209
    0.144781 12476.025069
    0.143560 12480.196368
    0.143619 13184.601407
    0.144240 12376.269135
    0.144070 12352.698079
    0.143542 12324.293347
    0.143871 13309.132662
    0.143422 12746.440197
    0.143418 12161.966967
    0.142559 13103.492104
    0.141343 11531.089276
    0.140946 12710.628083
    0.141490 13792.866654
    0.140918 13430.998348
    0.141145 12837.284962
    0.139193 12606.491850
    0.139870 13180.241324
    0.139604 12692.277523
    0.139820 12096.323203
    0.139683 12144.430104
    0.139950 12525.146935
    0.139396 12972.609308
    0.139144 12885.827459
    0.140331 12494.920468
    0.140242 13105.760972
    0.139014 12383.951302
    0.142354 13046.823189
    0.142606 12287.138037
    0.142726 12167.067114
    0.142362 13017.759589
    0.141997 12984.613036
    0.140942 12457.284873
    0.139756 12752.864534
    0.140453 12847.219859
    0.141251 13439.947801
    0.141112 12778.892309
    0.141905 12888.907548
    0.141525 12977.013910
    0.141787 12565.972152
    0.140336 12490.979028
    0.141885 12603.628369
    0.142583 12158.600369
    0.142497 12498.934239
    0.143842 12613.009893
    0.143483 13231.920152
    0.143154 13150.719027
    0.142752 11246.376093
    0.142353 13004.767115
    0.142540 13393.163510
    0.142627 12216.128749
    0.142491 12970.151878
    0.142723 12927.383969
    0.140514 13171.503868
    0.142637 12666.114003
    0.142613 13212.821101
    0.143644 12366.240577
    0.141749 12875.632832
    0.141970 13147.587164
    0.141950 12643.628303
    0.143125 12501.389855
    0.143961 12234.465015
    0.141564 12982.441760
    0.142050 12931.951925
    0.141804 12573.134248
    0.141965 12709.392562
    0.141575 12560.305255
    0.141579 13235.446249
    0.140868 13174.798460
    0.140690 12251.801470
    0.141337 12271.394724
    0.141167 13672.976845
    0.141510 12512.972517
    0.140824 12791.452979
    0.140254 12598.762426
    0.140781 12464.792916
    0.140323 12305.556284
    0.139037 12553.546128
    0.138896 12761.817435
    0.139443 12892.074674
    0.138426 12472.713083
    0.138323 12707.776290
    0.136954 12540.093508
    0.136363 12533.394605
    0.136456 12166.822685
    0.136035 12359.426859
    0.136197 12857.241960
    0.135167 13453.051041
    0.137070 13840.169305
    0.136817 11819.713667
    0.137077 13712.723044
    0.136943 12572.190735
    0.137696 12273.843185
    0.138843 12847.572875
    0.139334 12631.062287
    0.139512 12820.429097
    0.140498 11903.632198
    0.140547 12613.024613
    0.140219 12855.102858
    0.140997 12625.104136
    0.140718 12640.844347
    0.141203 13053.864422
    0.140600 12158.785582
    0.140695 12913.013178
    0.141089 12704.339531
    0.140227 12964.471929
    0.140325 12385.534282
    0.140299 12927.345320
    0.140661 12477.605435
    0.140799 12742.641441
    0.141167 11864.253806
    0.140491 12769.789984
    0.141248 12632.459330
    0.141844 13097.333952
    0.141848 12271.633563
    0.142625 12539.326037
    0.142073 12478.362211
    0.142207 12323.235257
    0.142886 11998.556776
    0.141799 12719.669637
    0.141551 12804.258962
    0.141478 12858.174592
    0.142790 12536.956087
    0.140833 12808.066108
    0.141411 12272.457035
    0.140761 12845.608100
    0.141097 12738.910038
    0.140879 12478.682011
    0.140725 12975.625972
    0.141998 12816.385017
    0.143408 12676.901013
    0.144006 12613.629178
    0.144480 13061.797807
    0.144382 12187.296765
    0.144784 12608.698007
    0.145755 12534.308982
    0.145740 12896.240096
    0.146604 13116.510336
    0.145520 12295.784567
    0.145010 13247.643049
    0.145615 13629.351514
    0.144439 12442.881811
    0.145830 12459.579119
    0.145108 13041.075521
    0.144216 12512.186663
    0.144578 12813.639863
    0.144210 12294.194897
    0.143976 12313.688342
    0.142838 12459.158030
    0.141753 12333.424625
    0.143191 12323.283784
    0.142880 12544.674542
    0.144355 12491.412295
    0.144676 12271.408091
    0.142694 12139.567723
    0.142837 11819.575076
    0.141956 12643.609833
    0.143249 12305.885787
    0.143092 11979.398522
    0.143103 12824.375275
    0.143450 11958.286558
    0.143099 13673.110549
    0.144527 12805.686192
    0.145685 12637.430334
    0.144942 12594.629114
    0.145288 12825.398074
    0.145333 12890.110201
    0.145743 12927.144176
    0.146077 12331.702620
    0.146071 12787.519371
    0.145561 12555.189203
    0.146175 12664.054541
    0.146093 13130.796075
    0.147236 12744.980488
    0.146389 12287.472241
    0.146693 12519.332394
    0.146823 13036.163922
    0.146237 13103.885898
    0.146971 12599.562733
    0.146250 11958.988845
    0.146326 12409.362435
    0.146695 12698.187937
    0.146714 13397.231649
    0.145993 13344.216990
    0.145843 12930.914446
    0.145527 12914.680985
    0.145670 12479.783524
    0.145837 13109.130369
    0.145735 12530.775144
    0.146021 12136.399537
    0.146815 12871.017181
    0.146303 12370.270693
    0.145625 14054.425588
    0.145031 12770.801757
    0.146903 13350.579768
    0.147317 12549.258589
    0.147224 11988.642696
    0.146724 12917.108422
    0.146559 12378.402937
    0.147053 12213.427979
    0.145630 12585.608604
    0.146221 12715.875696
    0.146269 12940.458438
    0.146274 12768.297460
    0.144265 12229.143739
    0.144477 13385.905348
    0.144847 11700.816917
    0.145317 13649.940206
    0.145256 12439.425784
    0.145530 13082.913033
    0.145487 12561.000727
    0.145072 12429.696223
    0.145241 12611.056407
    0.145770 12014.846727
    0.146359 12965.551051
    0.144450 12211.845252
    0.145241 12229.739542
    0.143940 12409.354022
    0.142783 12887.159271
    0.143548 12871.468035
    0.143775 13099.723152
    0.142389 12682.250199
    0.142894 12610.753903
    0.142409 13642.435744
    0.143040 12297.680277
    0.141264 13652.460314
    0.141021 12295.065735
    0.141296 13031.306884
    0.140738 13584.514965
    0.141347 12815.944447
    0.141288 12779.980346
    0.140675 12769.220822
    0.139427 12692.475235
    0.139416 12610.840875
    0.140067 12849.387340
    0.140033 12772.390615
    0.139141 11624.605614
    0.138966 12996.642268
    0.139740 12507.455101
    0.138648 12488.026361
    0.138652 12310.254008
    0.138251 12536.785744
    0.137718 11820.903923
    0.136806 12766.716771
    0.138373 12839.209386
    0.137039 12557.992621
    0.137451 12544.655939
    0.136672 12536.566304
    0.136642 12512.413628
    0.136379 12654.696819
    0.135851 12711.960094
    0.135480 12663.285839
    0.134826 12107.698064
    0.135630 11988.150183
    0.135435 12951.254874
    0.136100 12722.456840
    0.135866 12383.149951
    0.135572 11649.428727
    0.136066 12720.043172
    0.135974 12900.734075
    0.135260 12582.428585
    0.135147 12971.014832
    0.136697 12150.307823
    0.137037 12589.529209
    0.136471 13378.817154
    0.135675 12536.514071
    0.136442 12817.330047
    0.135800 12080.707808
    0.136115 13239.833277
    0.137521 12527.800987
    0.136527 11978.217269
    0.136461 12746.959046
    0.136524 12808.562084
    0.135748 11293.893376
    0.135849 12730.267686
    0.136128 12147.661526
    0.136432 12582.186761
    0.135789 12316.701943
    0.134352 12745.859143
    0.133486 12690.799692
    0.133012 12095.601646
    0.132626 11992.204680
    0.132821 12807.739995
    0.133700 11731.673510
    0.134539 13116.187047
    0.135396 12616.690885
    0.135030 13784.292461
    0.135753 12771.150906
    0.135081 12515.357292
    0.135554 12129.897650
    0.135196 12055.306205
    0.135423 13092.981481
    0.135264 12781.564910
    0.137719 12955.534164
    0.139344 12505.714520
    0.139708 12702.688496
    0.139296 11813.579068
    0.140197 12103.255711
    0.139790 13135.666504
    0.140376 12269.576436
    0.139461 12305.703577
    0.139759 12454.708258
    0.139842 12537.432523
    0.140414 13090.829655
    0.138832 12202.834842
    0.139372 12987.129484
    0.140550 12193.524967
    0.140633 12511.649247
    0.140646 12885.121728
    0.141829 12474.973004
    0.141281 12850.645306
    0.141929 12328.736592
    0.143119 12785.318804
    0.142335 12070.735593
    0.142897 12088.663336
    0.144998 13333.090022
    0.144989 13324.975854
    0.145181 12961.699610
    0.145569 12622.588356
    0.144976 12058.664274
    0.144799 13167.235242
    0.145600 12443.489161
    0.144600 12886.708606
    0.144427 13184.658535
    0.144238 12245.541387
    0.144601 12745.521266
    0.145724 12697.944802
    0.147532 12496.526190
    0.147870 13158.784696
    0.147150 13010.765669
    0.147352 13112.932872
    0.146814 12382.490587
    0.145425 12294.007244
    0.146427 12828.408022
    0.145219 12675.208429
    0.144915 12902.856828
    0.144194 12999.913828
    0.144980 12294.265425
    0.145229 13006.064495
    0.144168 12292.476417
    0.143560 12649.620286
    0.144326 12268.101624
    0.144814 12511.656444
    0.144075 12423.942020
    0.144347 13105.806450
    0.144983 13009.617569
    0.145375 12206.495045
    0.145523 11602.171162
    0.145556 13003.130761
    0.145059 12166.728070
    0.144989 13301.501611
    0.145781 12952.884010
    0.145388 12493.853535
    0.144728 12767.814972
    0.144143 13355.429806
    0.144257 13342.655151
    0.144230 12648.089665
    0.144585 12487.019619
    0.142959 12832.656233
    0.143338 12555.240896
    0.142831 12322.340589
    0.142929 12694.908355
    0.144068 12895.823075
    0.143801 12743.282085
    0.143506 12910.625017
    0.144927 12678.566531
    0.143379 12839.953036
    0.143631 13133.512198
    0.142656 12385.686649
    0.143858 12916.639745
    0.146277 12103.724788
    0.144685 11863.555404
    0.146080 13500.531076
    0.145257 13344.890077
    0.147300 12486.033462
    0.147118 12545.087491
    0.146947 12447.711331
    0.146339 12612.023943
    0.146106 12053.749727
    0.145705 13276.196640
    0.146113 12472.517794
    0.146334 13076.821589
    0.146021 13100.337990
    0.146844 13070.149988
    0.147934 12101.439738
    0.147540 13326.768910
    0.147673 13302.711589
    0.147833 12661.576290
    0.147662 12621.779220
    0.148924 13504.507025
    0.147926 12331.009543
    0.147528 13044.508224
    0.146703 12739.493447
    0.146251 13011.009485
    0.146029 12927.760968
    0.145235 12467.941840
    0.145848 12514.095812
    0.145605 12911.328847
    0.146284 12376.357506
    0.146569 12710.021175
    0.146126 12763.426766
    0.147048 12633.149701
    0.148047 13336.285337
    0.147927 12850.717031
    0.147113 12193.615956
    0.146652 12199.380606
    0.145913 13116.838522
    0.146135 12008.446610
    0.147598 12426.562516
    0.147231 12664.124703
    0.147669 12606.852824
    0.146685 13098.630048
    0.146448 12562.960208
    0.146388 12613.756438
    0.146778 12333.095044
    0.147083 12270.881985
    0.146981 12461.980940
    0.146224 12408.319012
    0.146532 13130.435916
    0.146423 11957.667362
    0.146073 13395.568735
    0.146751 12611.390291
    0.146721 12872.249299
    0.146796 13149.723857
    0.147223 12533.812362
    0.147904 12189.341400
    0.146459 12792.716553
    0.145896 11958.895106
    0.145328 12453.217792
    0.146057 13676.025158
    0.145699 13066.282573
    0.145304 12824.144500
    0.144373 12146.270929
    0.144473 12114.694480
    0.145988 12664.677482
    0.144893 12368.209305
    0.143701 12260.223935
    0.143840 12336.266900
    0.143075 12761.361801
    0.142842 12564.655942
    0.143545 12815.166224
    0.141805 12192.120841
    0.142531 12389.977862
    0.142663 12820.863796
    0.141591 12571.909732
    0.141979 12395.137278
    0.142090 12823.037754
    0.144056 12773.165708
    0.144128 12819.325446
    0.142889 12895.718775
    0.143308 12302.942442
    0.143883 12600.754981
    0.144114 12736.597456
    0.143299 12600.155838
    0.143657 12303.315109
    0.142754 13367.929204
    0.142270 13292.356688
    0.142513 13091.703436
    0.142104 12197.247627
    0.141727 12313.144400
    0.142429 12594.584125
    0.142439 12709.632379
    0.142468 13094.244493
    0.142627 12488.155455
    0.143052 12357.753241
    0.144188 12317.494813
    0.144184 12312.490218
    0.144862 12482.110135
    0.143343 12739.415044
    0.143879 12385.587405
    0.144110 12255.907481
    0.143321 12722.457654
    0.144641 12207.442487
    0.144691 12501.849648
    0.145359 12905.612915
    0.145842 12780.282355
    0.145697 12570.396199
    0.144738 12567.733197
    0.144759 12895.829453
    0.145224 13280.145642
    0.143716 11790.988778
    0.143394 12788.514267
    0.143561 12582.844838
    0.144057 13118.582670
    0.141731 12507.148136
    0.141299 12649.526649
    0.141232 12790.920591
    0.141140 13368.528615
    0.140767 12322.892261
    0.140688 13168.638399
    0.139837 12283.605547
    0.139963 13029.984309
    0.139553 13356.691416
    0.139094 13062.746673
    0.139030 12183.905847
    0.138592 12515.751283
    0.139107 11942.947051
    0.139612 12526.410939
    0.138579 12817.603841
    0.138571 12117.709736
    0.138789 12623.469553
    0.137990 12964.904718
    0.136828 13060.929005
    0.137119 13089.775576
    0.136720 12454.075398
    0.135286 13056.360798
    0.137153 12135.699953
    0.136559 12714.768632
    0.137688 12586.593629
    0.136598 12817.979901
    0.137662 12537.170932
    0.137363 12154.007982
    0.138072 13027.547096
    0.138782 13001.782537
    0.137990 12378.998811
    0.138835 13231.261660
    0.139172 13201.581540
    0.140115 13022.615184
    0.139557 12972.997974
    0.140216 12983.155871
    0.139824 12902.097137
    0.139613 13197.532011
    0.139530 12934.044509
    0.139719 12455.725147
    0.139466 12229.617114
    0.140547 12745.573657
    0.139510 12542.482604
    0.140047 12128.074290
    0.140131 12685.547474
    0.140050 12400.814411
    0.139321 12831.843036
    0.139915 12452.886300
    0.139789 12705.525287
    0.140344 13100.921529
    0.141611 12066.240046
    0.140935 12417.111889
    0.141208 12462.202355
    0.141763 12208.688079
    0.141548 12805.909102
    0.139494 12286.921261
    0.138608 12122.897176
    0.139003 12340.075796
    0.137676 13111.171024
    0.139082 12849.295936
    0.138514 11950.998557
    0.139208 12084.498900
    0.138630 11883.176590
    0.138356 12454.148762
    0.136287 12443.733462
    0.135398 12212.548350
    0.136094 12405.233751
    0.135979 13116.078512
    0.136432 12190.908733
    0.136127 12113.135369
    0.137239 13054.664523
    0.136490 12135.585312
    0.136773 12476.115409
    0.136270 12770.495633
    0.136223 12430.359388
    0.137394 12274.751960
    0.137942 11971.397943
    0.138726 12586.472044
    0.139225 13275.055951
    0.138996 13160.350260
    0.139004 12905.499566
    0.138821 11855.889324
    0.138405 12302.204603
    0.138453 11475.658964
    0.139046 12577.721934
    0.139768 13154.783102
    0.139859 13405.190039
    0.139665 12353.896228
    0.138934 12296.307703
    0.138110 11797.227406
    0.139291 12928.482214
    0.140507 11658.676160
    0.140674 12868.022727
    0.140062 12060.071955
    0.140051 12347.102707
    0.141044 12467.904994
    0.140715 13135.937880
    0.141703 13278.560642
    0.141690 12923.828393
    0.141761 12700.944161
    0.141551 12260.066172
    0.142378 12749.700194
    0.142604 12565.900038
    0.140769 12723.469652
    0.140453 12660.109394
    0.140188 12576.656418
    0.140975 12488.839602
    0.140193 12331.152479
    0.140906 12709.660096
    0.141047 13408.800348
    0.142098 12030.071823
    0.143888 13445.868020
    0.143144 13201.015325
    0.144171 12635.627237
    0.144380 12261.597523
    0.144129 12275.970176
    0.144312 12656.880413
    0.144320 12637.244746
    0.144373 13320.381225
    0.144405 12456.865028
    0.145282 12480.126357
    0.143465 13115.111642
    0.143448 12585.248728
    0.143194 12646.843943
    0.142479 12185.322119
    0.143237 12703.886318
    0.142957 12716.769404
    0.142821 12484.624873
    0.143902 12719.150643
    0.142423 12274.402710
    0.142422 12627.698727
    0.141540 11832.189841
    0.140757 12375.216910
    0.142400 12632.009841
    0.142247 12834.372010
    0.142554 12977.845782
    0.143132 13022.505070
    0.142184 12477.682192
    0.143245 13334.502209
    0.143317 12782.141522
    0.144225 12840.982306
    0.144967 12384.929067
    0.145121 13463.492379
    0.145344 12030.746826
    0.146755 12676.050723
    0.147630 12090.915040
    0.146862 11783.205323
    0.146568 13214.786801
    0.146333 12406.859011
    0.147212 11585.708718
    0.146321 13272.730400
    0.147469 12143.804177
    0.148456 12268.873482
    0.147384 12706.021334
    0.146908 12642.623436
    0.147143 13172.401545
    0.146258 12478.420404
    0.146758 12516.156961
    0.146939 11845.655770
    0.147141 11969.617296
    0.147707 12642.415824
    0.145799 11907.648135
    0.146159 12803.244535
    0.147067 13039.947816
    0.147070 12713.010153
    0.147483 12582.670954
    0.146735 12563.943867
    0.145727 12114.967612
    0.146510 11994.012152
    0.146051 12998.823742
    0.145867 12274.371634
    0.146496 12537.243249
    0.146526 12890.421227
    0.146372 12841.788146
    0.145727 13236.073588
    0.145429 11617.169112
    0.146082 12540.116052
    0.146092 12468.931028
    0.145295 13001.908299
    0.145811 12926.680283
    0.146824 12741.714191
    0.147033 12106.608785
    0.146730 12625.063782
    0.146902 12586.439461
    0.147429 12450.703679
    0.147373 13026.243007
    0.147164 12149.614272
    0.146810 12483.614182
    0.146483 12962.355210
    0.147245 12542.086059
    0.147313 12345.406860
    0.147734 12669.166463
    0.147742 12627.074855
    0.145748 12450.566813
    0.146855 12275.227809
    0.146733 12482.385033
    0.146429 13715.885114
    0.146985 13018.300272
    0.146742 11594.648059
    0.146785 12906.112661
    0.146841 12308.838501
    0.147083 12371.695416
    0.146330 13086.070592
    0.146643 12038.724337
    0.146730 12932.105080
    0.146200 12544.289976
    0.145791 12678.510970
    0.146355 12699.674495
    0.145475 12409.882897
    0.143627 12531.415172
    0.143117 13397.259002
    0.142167 13239.473420
    0.141469 13316.774009
    0.142485 13160.835893
    0.141176 13202.009062
    0.141024 12361.059569
    0.140947 12985.859571
    0.139662 13226.095093
    0.139537 13144.282738
    0.138899 11909.649520
    0.138291 13675.653014
    0.139154 12392.129295
    0.138697 12177.442237
    0.138896 12829.532315
    0.137671 12747.054361
    0.137884 12320.330187
    0.138144 12548.255394
    0.138257 12273.067849
    0.137810 12640.456288
    0.138789 12635.974562
    0.138312 12814.865201
    0.138715 13076.020461
    0.139695 12781.182923
    0.140668 12875.300820
    0.140592 12564.787450
    0.140135 12574.704595
    0.140816 12518.406840
    0.140834 13039.066153
    0.140053 12206.258994
    0.141045 12831.961261
    0.140648 13631.445896
    0.140674 12403.479791
    0.140187 12120.793114
    0.140052 12588.881588
    0.139592 12939.078536
    0.139520 12315.747135
    0.140821 12259.898038
    0.141425 12627.444451
    0.142087 12538.609472
    0.144142 12476.171383
    0.144706 13035.379717
    0.145030 12505.113102
    0.144783 13392.532448
    0.145286 12223.207364
    0.144976 12822.640399
    0.145386 13256.352788
    0.145650 12532.283141
    0.146340 12650.441191
    0.146054 13620.588955
    0.146891 11962.388982
    0.145314 12314.080751
    0.145228 13043.326148
    0.145078 12765.790639
    0.144016 12919.361037
    0.143922 12089.463419
    0.146062 12617.185490
    0.146122 12186.006850
    0.147289 12753.911352
    0.146369 12220.444529
    0.146580 12670.368497
    0.145509 12549.452967
    0.145594 12703.522293
    0.145471 12480.254510
    0.145660 12508.697393
    0.145877 12157.037598
    0.145408 12209.887471
    0.145147 12679.678202
    0.144864 13119.518627
    0.145718 12806.197123
    0.147025 13272.859998
    0.146671 12701.416078
    0.145767 12909.432368
    0.146066 12727.493023
    0.146759 13364.092229
    0.146351 12500.184369
    0.148644 13142.288346
    0.149449 12653.273883
    0.148604 12324.068947
    0.148547 12366.512022
    0.149739 12819.598832
    0.149871 12095.586105
    0.148726 12963.029321
    0.150051 11676.272148
    0.150376 12640.094767
    0.149700 12123.122723
    0.148659 12677.599369
    0.148292 11810.541878
    0.147340 12550.600493
    0.146971 13093.394225
    0.146818 12466.720624
    0.147146 12832.346368
    0.146554 12365.049361
    0.146350 13929.203583
    0.146791 12681.006966
    0.145953 12720.511480
    0.145277 12447.089434
    0.145346 13259.025272
    0.144657 13915.614062
    0.145056 13062.156766
    0.145969 13007.889605
    0.145607 12654.665182
    0.144782 12812.241533
    0.144587 12873.810933
    0.144536 12376.380430
    0.143669 12518.170851
    0.144533 12117.072462
    0.145819 12680.634408
    0.147433 12706.543983
    0.147073 12947.876611
    0.147092 12032.657588
    0.146955 12643.010699
    0.147084 12765.729303
    0.146876 12157.253608
    0.146480 13556.649560
    0.146548 12310.853772
    0.147417 12588.175335
    0.147102 12608.473852
    0.147201 12769.451126
    0.148427 12634.555189
    0.147670 12427.396012
    0.148141 12115.951172
    0.147570 12113.602023
    0.146253 13044.870475
    0.144352 12790.386054
    0.141905 12605.490666
    0.141911 12563.930424
    0.141228 12397.861304
    0.141434 12586.785462
    0.141935 12196.981548
    0.140077 12795.237777
    0.140602 12430.660625
    0.140684 13426.398229
    0.140897 12495.910684
    0.141666 12265.623997
    0.141619 12207.742227
    0.140768 13060.007027
    0.141661 11932.727141
    0.141801 12811.290863
    0.141522 13043.781331
    0.141314 13320.030870
    0.140700 12749.517040
    0.140758 12771.145972
    0.137660 12733.334519
    0.139559 12788.680633
    0.139674 12277.844209
    0.140289 12202.145486
    0.139945 12427.696435
    0.140110 13302.703955
    0.140647 12798.206562
    0.141711 12510.902295
    0.142158 12079.435246
    0.141800 12653.729619
    0.141872 12426.096458
    0.141618 12948.580986
    0.142114 12621.382992
    0.141619 11366.951157
    0.142218 12220.955880
    0.141712 12787.932449
    0.140994 12854.697942
    0.139498 12930.477945
    0.137959 12980.491172
    0.138217 12297.355769
    0.138860 12468.730790
    0.139741 13016.100066
    0.138370 12322.386289
    0.138431 12097.853316
    0.138733 12690.353391
    0.139290 12393.901564
    0.140393 12341.366726
    0.140776 12870.512167
    0.140988 12109.586274
    0.141099 12770.041753
    0.141530 13451.783802
    0.141587 12782.491932
    0.142113 12816.152029
    0.143523 12862.292954
    0.142100 13100.835104
    0.141141 13278.976461
    0.140339 13038.623607
    0.139791 12802.283729
    0.138923 12806.853212
    0.138672 12037.523637
    0.138292 12463.942872
    0.138323 12381.319043
    0.137535 12633.871873
    0.136923 13007.622720
    0.137487 12875.708759
    0.137303 12547.813411
    0.136956 13538.714090
    0.137275 12754.793145
    0.137870 12785.766994
    0.137175 13657.094528
    0.137192 12517.881146
    0.137038 12039.352709
    0.136353 12824.718104
    0.135939 12890.782900
    0.137207 13255.969208
    0.137378 12562.264961
    0.135562 12876.275657
    0.135676 12220.201925
    0.136278 12371.355056
    0.135700 12470.328936
    0.135909 12316.759323
    0.135122 11855.641810
    0.135045 12700.145105
    0.134122 12541.770772
    0.135044 12485.830351
    0.135385 12709.603657
    0.135794 13148.936994
    0.135427 12160.884209
    0.135324 12405.602823
    0.135353 12632.663605
    0.136411 12797.481219
    0.137905 12443.327953
    0.137818 12430.390666
    0.138149 13015.707656
    0.138171 12982.426703
    0.138449 11857.599421
    0.138176 11967.288806
    0.139207 13131.404958
    0.139335 12429.487319
    0.138678 12806.543755
    0.139951 12494.771350
    0.140853 13068.893724
    0.140454 11906.347287
    0.142214 12656.906198
    0.142236 11772.822244
    0.141938 12171.912663
    0.141127 12335.376694
    0.139189 12694.127636
    0.140062 12424.714689
    0.139811 12632.940650
    0.139724 13103.545173
    0.139876 12142.196636
    0.140626 12345.971406
    0.140343 13711.385606
    0.141056 12455.369595
    0.140510 12342.559811
    0.141314 12588.528828
    0.140390 12903.571364
    0.139567 12412.695705
    0.139497 12011.807488
    0.139345 13049.119140
    0.141098 12214.255850
    0.140436 12605.007544
    0.140136 12793.833553
    0.139450 12546.008626
    0.140337 12762.047796
    0.140796 11816.283621
    0.141113 12145.987850
    0.140538 12472.224579
    0.139015 12097.305423
    0.138681 12627.396857
    0.138224 12738.697413
    0.138127 13076.279342
    0.137739 12882.396331
    0.137433 12676.537577
    0.137642 12452.340185
    0.138754 11918.930245
    0.138313 12818.765499
    0.140107 12668.277396
    0.141005 12460.584176
    0.140252 12516.487837
    0.140234 12996.328527
    0.140469 13337.174038
    0.140762 12292.979792
    0.140107 12596.994160
    0.140562 12852.129536
    0.139975 12563.130652
    0.141232 12283.847733
    0.141322 12362.601664
    0.141556 12972.069452
    0.141771 13034.646655
    0.141456 12340.116139
    0.142934 12264.428467
    0.142752 13395.857658
    0.141981 13516.756263
    0.143585 13294.157886
    0.142821 13047.512323
    0.143550 12479.639382
    0.143826 12933.639541
    0.142676 12221.530066
    0.143433 13467.151116
    0.144399 12464.435069
    0.143812 12311.345589
    0.143734 12432.468858
    0.143146 13123.051095
    0.142854 13022.504204
    0.143116 12768.547822
    0.142835 12683.581967
    0.142882 12844.892007
    0.143424 12464.324453
    0.143975 12229.227178
    0.143877 12250.988283
    0.143260 11950.900724
    0.142754 12683.087398
    0.141810 12469.623863
    0.142145 12040.523047
    0.142402 12669.814480
    0.142277 13021.445918
    0.143216 12561.168023
    0.141247 12125.552296
    0.141813 11891.420498
    0.142104 12485.712706
    0.142641 12494.119173
    0.142827 11731.236718
    0.143036 12599.922441
    0.143712 11998.728972
    0.142838 13377.952650
    0.144622 12254.006324
    0.144854 12473.409317
    0.144749 13482.316002
    0.145207 12446.425629
    0.144963 12113.940122
    0.143924 12593.933884
    0.144317 12777.861035
    0.143985 11452.056776
    0.143614 12336.104120
    0.145233 13311.587918
    0.145207 12382.946960
    0.144206 13051.978804
    0.143946 12468.132146
    0.145101 12070.140533
    0.142872 12604.042300
    0.144452 11952.888048
    0.143592 12493.650457
    0.144332 12074.642332
    0.144932 12391.707811
    0.143954 13349.579619
    0.145028 12819.326847
    0.144916 12290.234883
    0.145122 12382.797922
    0.145695 13124.192934
    0.146549 13083.806727
    0.147214 13152.235519
    0.146549 12707.455460
    0.145981 12691.182630
    0.146186 12495.457177
    0.146662 13079.771297
    0.145972 12952.098626
    0.146189 12883.040987
    0.146111 12759.879274
    0.145686 12416.274364
    0.145883 11987.134896
    0.145423 12953.164769
    0.145926 12516.241978
    0.146469 12529.824582
    0.146288 12107.817947
    0.145851 12616.217122
    0.145008 12332.288470
    0.144457 12604.773755
    0.144733 12495.683938
    0.145021 12525.933193
    0.145987 12749.340906
    0.146122 12258.484659
    0.146992 12251.169164
    0.146425 11607.907435
    0.146903 12170.007989
    0.145845 12210.341226
    0.145564 12085.794420
    0.145298 12319.672931
    0.143853 12065.213137
    0.142871 11875.099729
    0.144283 12943.992983
    0.143632 12699.303350
    0.144225 12836.355524
    0.144903 12668.528930
    0.144683 13228.886587
    0.145012 12519.196423
    0.145389 12711.534822
    0.144476 12563.129367
    0.144635 12535.699277
    0.145768 11948.166683
    0.147509 12622.477222
    0.147522 13211.454171
    0.148123 12463.480405
    0.147885 13080.526880
    0.146927 13321.102406
    0.145645 13187.683641
    0.145847 12801.061570
    0.145425 12358.314501
    0.145190 13047.533180
    0.145246 12388.149105
    0.145584 13162.134003
    0.145801 12285.905498
    0.145629 13197.361870
    0.145767 12531.589474
    0.146414 12754.581254
    0.146684 12315.061947
    0.145672 13303.791551
    0.146371 12029.502031
    0.146269 13313.842381
    0.146042 12664.431060
    0.145859 13147.414723
    0.146469 12715.226376
    0.146007 12914.097084
    0.146416 12708.235619
    0.145819 12695.374344
    0.145905 12449.376449
    0.146165 12140.586337
    0.146142 12480.558619
    0.147054 12128.749070
    0.147036 12584.390866
    0.146706 12634.283252
    0.145315 12393.362264
    0.145677 12378.500054
    0.145939 12534.809640
    0.145418 13302.017070
    0.145982 12721.802377
    0.145411 13025.409499
    0.146258 12466.336014
    0.145835 12864.431743
    0.144294 12581.980470
    0.144255 12541.234275
    0.145172 12381.929741
    0.145041 12635.530686
    0.146014 13039.950153
    0.145885 12774.074908
    0.146464 12315.793078
    0.147757 12453.864275
    0.147925 12535.105199
    0.147137 11333.628455
    0.147480 12182.036913
    0.146236 12279.076580
    0.147299 12803.452430
    0.147783 13083.818896
    0.146112 13154.490542
    0.146460 11916.171401
    0.145667 12348.833345
    0.145245 13032.327980
    0.144806 13118.483230
    0.143985 12315.242734
    0.143135 12115.282726
    0.142260 12426.127722
    0.142785 13390.631213
    0.143195 12642.837083
    0.142522 12810.719054
    0.141896 12549.174629
    0.141955 11736.866455
    0.142038 12062.455439
    0.139569 12355.519943
    0.139826 12484.634395
    0.139598 12444.889201
    0.141822 12631.528949
    0.141613 12540.120471
    0.141014 11951.081576
    0.141221 12277.694878
    0.140905 12558.772701
    0.141253 12082.544667
    0.140119 12232.864425
    0.140247 12339.988009
    0.140258 12321.789099
    0.140675 12017.311927
    0.139922 11925.975724
    0.140138 13057.435319
    0.141543 12678.951828
    0.140361 12426.731488
    0.141853 12584.339499
    0.141900 12424.794439
    0.141138 12507.974711
    0.141514 12561.601841
    0.142548 12857.557758
    0.142322 12097.993249
