0.000000 0.021625
0.000000 0.027688
0.000000 0.037151
0.000000 0.046334
0.000000 0.021085
0.000000 0.032477
0.000000 0.064042
0.000000 0.069701
0.000000 0.068257
0.000000 0.028520
0.000000 0.036565
0.000000 0.021149
0.000000 0.013496
0.000000 0.035544
0.000000 0.065428
0.000000 0.032518
0.000000 0.025483
0.000000 0.015683
0.000000 0.019041
0.000000 0.026453
0.000000 0.050336
0.000000 0.038154
0.000000 0.037737
0.000000 0.034323
0.000000 0.047734
0.000000 0.064083
0.000000 0.053175
0.000000 0.041285
0.000000 0.044997
0.000000 0.019466
0.000000 0.038035
0.000000 0.045676
0.000000 0.033468
0.000000 0.032251
0.000000 0.027723
0.000000 0.044974
0.000000 0.026535
0.000000 0.027510
0.000000 0.051243
0.000000 0.023889
0.000000 0.052254
0.000000 0.097011
0.000000 0.054037
0.000000 0.047536
0.000000 0.055021
0.000000 0.050699
0.000000 0.033004
0.000000 0.033230
0.000000 0.033017
0.000000 0.060029
0.000000 0.023554
0.000000 0.033677
0.000000 0.017402
0.000000 0.134112
0.000000 0.014929
0.000000 0.016828
0.000000 0.032132
0.000000 0.020591
0.000000 0.043723
0.000000 0.027307
0.000000 0.045075
0.000000 0.053721
0.000000 0.028469
0.000000 0.027054
0.000000 0.030503
0.000000 0.016825
0.000000 0.026144
0.000000 0.044028
0.000000 0.035131
0.000000 0.039146
0.000000 0.046282
0.000000 0.038201
0.000000 0.031699
0.000000 0.041680
0.000000 0.076991
0.000000 0.069650
0.000000 0.101783
0.000000 0.034433
0.000000 0.083975
0.000000 0.072114
0.000000 0.146728
0.000000 0.031317
0.000000 0.158618
0.000000 0.054632
0.000000 0.039689
0.000000 0.130017
0.000000 0.055725
0.000000 0.137855
0.000000 0.100038
0.000000 0.184171
0.000000 0.040064
0.000000 0.070958
0.000000 0.035181
0.000000 0.046753
0.000000 0.062842
0.000000 0.033805
0.000000 0.067082
0.000000 0.186461
0.000000 0.056175
0.000000 0.066139
0.000000 0.063794
0.000000 0.057239
0.000000 0.065158
0.000000 0.117518
0.000000 0.036756
0.000000 0.032301
0.000000 0.041411
0.000000 0.038607
0.000000 0.052773
0.000000 0.020253
0.000000 0.030725
0.000000 0.026135
0.000000 0.022962
0.000000 0.023790
0.000000 0.039895
0.000000 0.041269
0.000000 0.035487
0.000000 0.038797
0.000000 0.012005
0.000000 0.034846
0.000000 0.026454
0.000000 0.026226
0.000000 0.024300
0.000000 0.035741
0.000000 0.015355
0.000000 0.029675
0.000000 0.018867
0.000000 0.021664
0.000000 0.035167
0.000000 0.128632
0.000000 0.022426
0.000000 0.014666
0.000000 0.018648
0.000000 0.024359
0.000000 0.054210
0.000000 0.027455
0.000000 0.025721
0.000000 0.080809
0.000000 0.077531
0.000000 0.036229
0.000000 0.026182
0.000000 0.019610
0.000000 0.035028
0.000000 0.062911
0.000000 0.113630
0.000000 0.024734
0.000000 0.056628
0.000000 0.036248
0.000000 0.019553
0.000000 0.026599
0.000000 0.123323
0.000000 0.019764
0.000000 0.085928
0.000000 0.170628
0.000000 0.030552
0.000000 0.082324
0.000000 0.145131
0.000000 0.033253
0.000000 0.050706
0.000000 0.069175
0.000000 0.050638
0.000000 0.050175
0.000000 0.061919
0.000000 0.037064
0.000000 0.022404
0.000000 0.059906
0.000000 0.019227
0.000000 0.089043
0.000000 0.122109
0.000000 0.039642
0.000000 0.036831
0.000000 0.093282
0.000000 0.069645
0.000000 0.031083
0.000000 0.061782
0.000000 0.024101
0.000000 0.037924
0.000000 0.074351
0.000000 0.049842
0.000000 0.015092
0.000000 0.043173
0.000000 0.023786
0.000000 0.050209
0.000000 0.030112
0.000000 0.037663
0.000000 0.027458
0.000000 0.043412
0.000000 0.064622
0.000000 0.100833
0.000000 0.051834
0.000000 0.024085
0.000000 0.021892
0.000000 0.051256
0.000000 0.035932
0.000000 0.019610
0.000000 0.160572
0.000000 0.020634
0.000000 0.078974
0.000000 0.023785
0.000000 0.031831
0.000000 0.039137
0.000000 0.054282
0.000000 0.043231
0.000000 0.085334
0.000000 0.090017
0.000000 0.045585
0.000000 0.124368
0.000000 0.151011
0.000000 0.165856
0.000000 0.083699
0.000000 0.035465
0.000000 0.099678
0.000000 0.025783
0.000000 0.022257
0.000000 0.066834
0.000000 0.047062
0.000000 0.028725
0.000000 0.070911
0.000000 0.049704
0.000000 0.035821
0.000000 0.045054
0.000000 0.019691
0.000000 0.023509
0.000000 0.024188
0.000000 0.054495
0.000000 0.044931
0.000000 0.076077
0.000000 0.033683
0.000000 0.040452
0.000000 0.042736
0.000000 0.015142
0.000000 0.018114
0.000000 0.022387
0.000000 0.045186
0.000000 0.042869
0.000000 0.061715
0.000000 0.036577
0.000000 0.046684
0.000000 0.020618
0.000000 0.068340
0.000000 0.079671
0.000000 0.029821
0.000000 0.035082
0.000000 0.019893
0.000000 0.027534
0.000000 0.071221
0.000000 0.027873
0.000000 0.046408
0.000000 0.136319
0.000000 0.022154
0.000000 0.102428
0.000000 0.043017
0.000000 0.044185
0.000000 0.032961
0.000000 0.025499
0.000000 0.016387
0.000000 0.033497
0.000000 0.036320
0.000000 0.036097
0.000000 0.020691
0.000000 0.027416
0.000000 0.020356
0.000000 0.122424
0.000000 0.046689
0.000000 0.047469
0.000000 0.061523
0.000000 0.039694
0.000000 0.015367
0.000000 0.020512
0.000000 0.022349
0.000000 0.028149
0.000000 0.030395
0.000000 0.024549
0.000000 0.120821
0.000000 0.053219
0.000000 0.029253
0.000000 0.054665
0.000000 0.051072
0.000000 0.026058
0.000000 0.036169
0.000000 0.016512
0.000000 0.039375
0.000000 0.120170
0.000000 0.047784
0.000000 0.038137
0.000000 0.029448
0.000000 0.015673
0.000000 0.019357
0.000000 0.035395
0.000000 0.145986
0.000000 0.149897
0.000000 0.058598
0.000000 0.016216
0.000000 0.025604
0.000000 0.056148
0.000000 0.070699
0.000000 0.023217
0.000000 0.035774
0.000000 0.035022
0.000000 0.040813
0.000000 0.024301
0.000000 0.012431
0.000000 0.016997
0.000000 0.052713
0.000000 0.027519
0.000000 0.117360
0.000000 0.020984
0.000000 0.017664
0.000000 0.018017
0.000000 0.042192
0.000000 0.046838
0.000000 0.081279
0.000000 0.032278
0.000000 0.138345
0.000000 0.033680
0.000000 0.031505
0.000000 0.153390
0.000000 0.055332
0.000000 0.087000
0.000000 0.018286
0.000000 0.033751
0.000000 0.016174
0.000000 0.050622
0.000000 0.041590
0.000000 0.067644
0.000000 0.031409
0.000000 0.046105
0.000000 0.045868
0.000000 0.017892
0.000000 0.033783
0.000000 0.036769
0.000000 0.064515
0.000000 0.016002
0.000000 0.053222
0.000000 0.043385
0.000000 0.023426
0.000000 0.039189
0.000000 0.040385
0.000000 0.058265
0.000000 0.034020
0.000000 0.062763
0.000000 0.068186
0.000000 0.026242
0.000000 0.027410
0.000000 0.050514
0.000000 0.032582
0.000000 0.056334
0.000000 0.055817
0.000000 0.028645
0.000000 0.062900
0.000000 0.074916
0.000000 0.064224
0.000000 0.038812
0.000000 0.127726
0.000000 0.044471
0.000000 0.031342
0.000000 0.018638
0.000000 0.039782
0.000000 0.037655
0.000000 0.033292
0.000000 0.047376
0.000000 0.036531
0.000000 0.028832
0.000000 0.029689
0.000000 0.027630
0.000000 0.026021
0.000000 0.017990
0.000000 0.103183
0.000000 0.056630
0.000000 0.095553
0.000000 0.087834
0.000000 0.049675
0.000000 0.057282
0.000000 0.020432
0.000000 0.035040
0.000000 0.038584
0.000000 0.111457
0.000000 0.029514
0.000000 0.038843
0.000000 0.034137
0.000000 0.036337
0.000000 0.097975
0.000000 0.051327
0.000000 0.046550
0.000000 0.046342
0.000000 0.029942
0.000000 0.027329
0.000000 0.070182
0.000000 0.016245
0.000000 0.023027
0.000000 0.030004
0.000000 0.025751
0.000000 0.042466
0.000000 0.024501
0.000000 0.021512
0.000000 0.056787
0.000000 0.021243
0.000000 0.053353
0.000000 0.054982
0.000000 0.059831
0.000000 0.017860
0.000000 0.074455
0.000000 0.022584
0.000000 0.016846
0.000000 0.044266
0.000000 0.037792
0.000000 0.050923
0.000000 0.034951
0.000000 0.047332
0.000000 0.087943
0.000000 0.078139
0.000000 0.045419
0.000000 0.022668
0.000000 0.031885
0.000000 0.024306
0.000000 0.033890
0.000000 0.031735
0.000000 0.073840
0.000000 0.016753
0.000000 0.018420
0.000000 0.010578
0.000000 0.023310
0.000000 0.027295
0.000000 0.025656
0.000000 0.045496
0.000000 0.039728
0.000000 0.100619
0.000000 0.037792
0.000000 0.064828
0.000000 0.161037
0.000000 0.039496
0.000000 0.037848
0.000000 0.042626
0.000000 0.025570
0.000000 0.017635
0.000000 0.022173
0.000000 0.021886
0.000000 0.022700
0.000000 0.017653
0.000000 0.032635
0.000000 0.036645
0.000000 0.016657
0.000000 0.050015
0.000000 0.034873
0.000000 0.040736
0.000000 0.036849
0.000000 0.032688
0.000000 0.036793
0.000000 0.036215
0.000000 0.056146
0.000000 0.031587
0.000000 0.033439
0.000000 0.048200
0.000000 0.024816
0.000000 0.029591
0.000000 0.057879
0.000000 0.015224
0.000000 0.014984
0.000000 0.018218
0.000000 0.033594
0.000000 0.097299
0.000000 0.165814
0.000000 0.146596
0.000000 0.037255
0.000000 0.065492
0.000000 0.036050
0.000000 0.047334
0.000000 0.028400
0.000000 0.035580
0.000000 0.028264
0.000000 0.082725
0.000000 0.043587
0.000000 0.029715
0.000000 0.021290
0.000000 0.041783
0.000000 0.021097
0.000000 0.028571
0.000000 0.038281
0.000000 0.054832
0.000000 0.042937
0.000000 0.034450
0.000000 0.074864
0.000000 0.040777
0.000000 0.025687
0.000000 0.043570
0.000000 0.139089
0.000000 0.050960
0.000000 0.033357
0.000000 0.034173
0.000000 0.041128
0.000000 0.038831
0.000000 0.071391
0.000000 0.035022
0.000000 0.023957
0.000000 0.027454
0.000000 0.026538
0.000000 0.074610
0.000000 0.039083
0.000000 0.027071
0.000000 0.036862
0.000000 0.051581
0.000000 0.021664
0.000000 0.055210
0.000000 0.030994
0.000000 0.050626
0.000000 0.034988
0.000000 0.060301
0.000000 0.055276
0.000000 0.028215
0.000000 0.022386
0.000000 0.014923
0.000000 0.024878
0.000000 0.075308
0.000000 0.027764
0.000000 0.041357
0.000000 0.104181
0.000000 0.051818
0.000000 0.020533
0.000000 0.025964
0.000000 0.029807
0.000000 0.051424
0.000000 0.072744
0.000000 0.319896
0.000000 0.029270
0.000000 0.066375
0.000000 0.040689
0.000000 0.021919
0.000000 0.032926
0.000000 0.049470
0.000000 0.033480
0.000000 0.025441
0.000000 0.051564
0.000000 0.021831
0.000000 0.056128
0.000000 0.015672
0.000000 0.103435
0.000000 0.129056
0.000000 0.019876
0.000000 0.078179
0.000000 0.031621
0.000000 0.028871
0.000000 0.026070
0.000000 0.035200
0.000000 0.087583
0.000000 0.095369
0.000000 0.042032
0.000000 0.079609
0.000000 0.029130
0.000000 0.054650
0.000000 0.069832
0.000000 0.121857
0.000000 0.057625
0.000000 0.035241
0.000000 0.046789
0.000000 0.051601
0.000000 0.038103
0.000000 0.041868
0.000000 0.033566
0.000000 0.047864
0.000000 0.018897
0.000000 0.029108
0.000000 0.049372
0.000000 0.022550
0.000000 0.018870
0.000000 0.020337
0.000000 0.037820
0.000000 0.038799
0.000000 0.033831
0.000000 0.029575
0.000000 0.029696
0.000000 0.040396
0.000000 0.049202
0.000000 0.037581
0.000000 0.043282
0.000000 0.032640
0.000000 0.034248
0.000000 0.029905
0.000000 0.036835
0.000000 0.025168
0.000000 0.026462
0.000000 0.050315
0.000000 0.065243
0.000000 0.048650
0.000000 0.067044
0.000000 0.029146
0.000000 0.018303
0.000000 0.090214
0.000000 0.021342
0.000000 0.030365
0.000000 0.162697
0.000000 0.078292
0.000000 0.057211
0.000000 0.080943
0.000000 0.153587
0.000000 0.027033
0.000000 0.044375
0.000000 0.034613
0.000000 0.123835
0.000000 0.040869
0.000000 0.142205
0.000000 0.027271
0.000000 0.048535
0.000000 0.032536
0.000000 0.026246
0.000000 0.034271
0.000000 0.041655
0.000000 0.013809
0.000000 0.092404
0.000000 0.015762
0.000000 0.047683
0.000000 0.068134
0.000000 0.031058
0.000000 0.018831
0.000000 0.016656
0.000000 0.043639
0.000000 0.019305
0.000000 0.045102
0.000000 0.020097
0.000000 0.014819
0.000000 0.017869
0.000000 0.018560
0.000000 0.053771
0.000000 0.037502
0.000000 0.026880
0.000000 0.026390
0.000000 0.031981
0.000000 0.094083
0.000000 0.013426
0.000000 0.030608
0.000000 0.044653
0.000000 0.016035
0.000000 0.059099
0.000000 0.069746
0.000000 0.019591
0.000000 0.032885
0.000000 0.019713
0.000000 0.035745
0.000000 0.073157
0.000000 0.038155
0.000000 0.036338
0.000000 0.036010
0.000000 0.069198
0.000000 0.036435
0.000000 0.041466
0.000000 0.031044
0.000000 0.024435
0.000000 0.053250
0.000000 0.025964
0.000000 0.080410
0.000000 0.075517
0.000000 0.036481
0.000000 0.039960
0.000000 0.070955
0.000000 0.019958
0.000000 0.043325
0.000000 0.047787
0.000000 0.021210
0.000000 0.040513
0.000000 0.046671
0.000000 0.060004
0.000000 0.018191
0.000000 0.029979
0.000000 0.058684
0.000000 0.026101
0.000000 0.076803
0.000000 0.034674
0.000000 0.022081
0.000000 0.020159
0.000000 0.036954
0.000000 0.038024
0.000000 0.034027
0.000000 0.019521
0.000000 0.032773
0.000000 0.031933
0.000000 0.033963
0.000000 0.035113
0.000000 0.039649
0.000000 0.017484
0.000000 0.023631
0.000000 0.015867
0.000000 0.037354
0.000000 0.040781
0.000000 0.015926
0.000000 0.041510
0.000000 0.029691
0.000000 0.020991
0.000000 0.017292
0.000000 0.013612
0.000000 0.018362
0.000000 0.027063
0.000000 0.028104
0.000000 0.016245
0.000000 0.081711
0.000000 0.025421
0.000000 0.017082
0.000000 0.031740
0.000000 0.013779
0.000000 0.015137
0.000000 0.021029
0.000000 0.023617
0.000000 0.022567
0.000000 0.024419
0.000000 0.076152
0.000000 0.019403
0.000000 0.028716
0.000000 0.050198
0.000000 0.015443
0.000000 0.040376
0.000000 0.038006
0.000000 0.032719
0.000000 0.019469
0.000000 0.045757
0.000000 0.042141
0.000000 0.041470
0.000000 0.072662
0.000000 0.037063
0.000000 0.097534
0.000000 0.025484
0.000000 0.033247
0.000000 0.067666
0.000000 0.035363
0.000000 0.181642
0.000000 0.040520
0.000000 0.030502
0.000000 0.072005
0.000000 0.037992
0.000000 0.041550
0.000000 0.054561
0.000000 0.029669
0.000000 0.044666
0.000000 0.029773
0.000000 0.061483
0.000000 0.032552
0.000000 0.057456
0.000000 0.039320
0.000000 0.028344
0.000000 0.044484
0.000000 0.014647
0.000000 0.016007
0.000000 0.036691
0.000000 0.016259
0.000000 0.031328
0.000000 0.028735
0.000000 0.036202
0.000000 0.052771
0.000000 0.037905
0.000000 0.095458
0.000000 0.031382
0.000000 0.037729
0.000000 0.054229
0.000000 0.029479
0.000000 0.170290
0.000000 0.036929
0.000000 0.122429
0.000000 0.084459
0.000000 0.077145
0.000000 0.024639
0.000000 0.034726
0.000000 0.072332
0.000000 0.040254
0.000000 0.033449
0.000000 0.019508
0.000000 0.083846
0.000000 0.019110
0.000000 0.039954
0.000000 0.029609
0.000000 0.050491
0.000000 0.042125
0.000000 0.041612
0.000000 0.042112
0.000000 0.019272
0.000000 0.031191
0.000000 0.036913
0.000000 0.025116
0.000000 0.015009
0.000000 0.017254
0.000000 0.046233
0.000000 0.145573
0.000000 0.072448
0.000000 0.046391
0.000000 0.035114
0.000000 0.064301
0.000000 0.066071
0.000000 0.054745
0.000000 0.088552
0.000000 0.029975
0.000000 0.045317
0.000000 0.041485
0.000000 0.034751
0.000000 0.043145
0.000000 0.018702
0.000000 0.033469
0.000000 0.030094
0.000000 0.086815
0.000000 0.045790
0.000000 0.036861
0.000000 0.027392
0.000000 0.045329
0.000000 0.025806
0.000000 0.053085
0.000000 0.015512
0.000000 0.085210
0.000000 0.034725
0.000000 0.016844
0.000000 0.034713
0.000000 0.014288
0.000000 0.035647
0.000000 0.057801
0.000000 0.018435
0.000000 0.015630
0.000000 0.037307
0.000000 0.028972
0.000000 0.021047
0.000000 0.046633
0.000000 0.021092
0.000000 0.021868
0.000000 0.033815
0.000000 0.021590
0.000000 0.023653
0.000000 0.025555
0.000000 0.036574
0.000000 0.047058
0.000000 0.077706
0.000000 0.043003
0.000000 0.068597
0.000000 0.062948
0.000000 0.047043
0.000000 0.029936
0.000000 0.048807
0.000000 0.062149
0.000000 0.095091
0.000000 0.039782
0.000000 0.108564
0.000000 0.026523
0.000000 0.029245
0.000000 0.032962
0.000000 0.039225
0.000000 0.067509
0.000000 0.029563
0.000000 0.049643
0.000000 0.030570
0.000000 0.052916
0.000000 0.039424
0.000000 0.028572
0.000000 0.202942
0.000000 0.265701
0.000000 0.039474
0.000000 0.040074
0.000000 0.054321
0.000000 0.068642
0.000000 0.033915
0.000000 0.030956
0.000000 0.035080
0.000000 0.036456
0.000000 0.020088
0.000000 0.044179
0.000000 0.028160
0.000000 0.056344
0.000000 0.023187
0.000000 0.037932
0.000000 0.023687
0.000000 0.020828
0.000000 0.021534
0.000000 0.021255
0.000000 0.058799
0.000000 0.045099
0.000000 0.019281
0.000000 0.031985
0.000000 0.018350
0.000000 0.025990
0.000000 0.037330
0.000000 0.060868
0.000000 0.028362
0.000000 0.024062
0.000000 0.039418
0.000000 0.011129
0.000000 0.024375
0.000000 0.028872
0.000000 0.033676
0.000000 0.021237
0.000000 0.076689
0.000000 0.050744
0.000000 0.361060
0.000000 0.076523
0.000000 0.043483
0.000000 0.070568
0.000000 0.115218
0.000000 0.126146
0.000000 0.068330
0.000000 0.096240
0.000000 0.019903
0.000000 0.037716
0.000000 0.023187
0.000000 0.070337
0.000000 0.032430
0.000000 0.033737
0.000000 0.041274
0.000000 0.033012
0.000000 0.143882
0.000000 0.037771
0.000000 0.017730
0.000000 0.019367
0.000000 0.058080
0.000000 0.033935
0.000000 0.041715
0.000000 0.060079
0.000000 0.074667
0.000000 0.047626
0.000000 0.047991
0.000000 0.081312
0.000000 0.093509
0.000000 0.063743
0.000000 0.169669
0.000000 0.027092
0.000000 0.206711
0.000000 0.030374
0.000000 0.037680
0.000000 0.021126
0.000000 0.044702
0.000000 0.029844
0.000000 0.054507
0.000000 0.060630
0.000000 0.025735
0.000000 0.174348
0.000000 0.033266
0.000000 0.024940
0.000000 0.030219
0.000000 0.046636
0.000000 0.128940
0.000000 0.029438
0.000000 0.023485
0.000000 0.151382
0.000000 0.052174
0.000000 0.017167
0.000000 0.047460
0.000000 0.063230
0.000000 0.014465
0.000000 0.080287
0.000000 0.050537
0.000000 0.028023
0.000000 0.014393
0.000000 0.031294
0.000000 0.020290
0.000000 0.021796
0.000000 0.041591
0.000000 0.024023
0.000000 0.053953
0.000000 0.064064
0.000000 0.055533
0.000000 0.145505
0.000000 0.043811
0.000000 0.032174
0.000000 0.031488
0.000000 0.048514
0.000000 0.022135
0.000000 0.024082
0.000000 0.022482
0.000000 0.029786
0.000000 0.023136
0.000000 0.032500
0.000000 0.146494
0.000000 0.042697
0.000000 0.031167
0.000000 0.034008
0.000000 0.116357
0.000000 0.020952
0.000000 0.032212
0.000000 0.040177
0.000000 0.059847
0.000000 0.041571
0.000000 0.046535
0.000000 0.036972
0.000000 0.032549
0.000000 0.018221
0.000000 0.036901
0.000000 0.021021
0.000000 0.058502
0.000000 0.025780
0.000000 0.021657
0.000000 0.020079
0.000000 0.057764
0.000000 0.083731
0.000000 0.042921
0.000000 0.020185
0.000000 0.054194
0.000000 0.029145
0.000000 0.025192
0.000000 0.028593
0.000000 0.026636
0.000000 0.035348
0.000000 0.024795
0.000000 0.032531
0.000000 0.014139
0.000000 0.018143
0.000000 0.024061
0.000000 0.026986
0.000000 0.028106
0.000000 0.028516
0.000000 0.042705
0.000000 0.017291
0.000000 0.050197
0.000000 0.050275
0.000000 0.061135
0.000000 0.020952
0.000000 0.022243
0.000000 0.070980
0.000000 0.044343
0.000000 0.072251
0.000000 0.037589
0.000000 0.049083
0.000000 0.036635
0.000000 0.038780
0.000000 0.030527
0.000000 0.027315
0.000000 0.065923
0.000000 0.048674
0.000000 0.030728
0.000000 0.075158
0.000000 0.035610
0.000000 0.053589
0.000000 0.075367
0.000000 0.031120
0.000000 0.049803
0.000000 0.077575
0.000000 0.043376
0.000000 0.052485
0.000000 0.057301
0.000000 0.069433
0.000000 0.027370
0.000000 0.018607
0.000000 0.031253
0.000000 0.016945
0.000000 0.029076
0.000000 0.029003
0.000000 0.088911
0.000000 0.048373
0.000000 0.043489
0.000000 0.033354
0.000000 0.026453
0.000000 0.020466
0.000000 0.045604
0.000000 0.024670
0.000000 0.029673
0.000000 0.031159
0.000000 0.038341
0.000000 0.028822
0.000000 0.027090
0.000000 0.041023
0.000000 0.016903
0.000000 0.038134
0.000000 0.035329
0.000000 0.054250
0.000000 0.228153
0.000000 0.035292
0.000000 0.023173
0.000000 0.034863
0.000000 0.016069
0.000000 0.033493
0.000000 0.023249
0.000000 0.019463
0.000000 0.032504
0.000000 0.038476
0.000000 0.031928
0.000000 0.037004
0.000000 0.018599
0.000000 0.013633
0.000000 0.013317
0.000000 0.018054
0.000000 0.054406
0.000000 0.043366
0.000000 0.033237
0.000000 0.048875
0.000000 0.037557
0.000000 0.033100
0.000000 0.016430
0.000000 0.015314
0.000000 0.022465
0.000000 0.033906
0.000000 0.018540
0.000000 0.031577
0.000000 0.121118
0.000000 0.086213
0.000000 0.084310
0.000000 0.068576
0.000000 0.066926
0.000000 0.068545
0.000000 0.023248
0.000000 0.032286
0.000000 0.026732
0.000000 0.042325
0.000000 0.034361
0.000000 0.017362
0.000000 0.033015
0.000000 0.015564
0.000000 0.029182
0.000000 0.040691
0.000000 0.026476
0.000000 0.025671
0.000000 0.023018
0.000000 0.041446
0.000000 0.078288
0.000000 0.158056
0.000000 0.050718
0.000000 0.043411
0.000000 0.031882
0.000000 0.063062
0.000000 0.040162
0.000000 0.048744
0.000000 0.064513
0.000000 0.137175
0.000000 0.045541
0.000000 0.086840
0.000000 0.039702
0.000000 0.025015
0.000000 0.090874
0.000000 0.029342
0.000000 0.064944
0.000000 0.037858
0.000000 0.038748
0.000000 0.062369
0.000000 0.062289
0.000000 0.046330
0.000000 0.032224
0.000000 0.024502
0.000000 0.021992
0.000000 0.024293
0.000000 0.030583
0.000000 0.024137
0.000000 0.037932
0.000000 0.050538
0.000000 0.026941
0.000000 0.038055
0.000000 0.022265
0.000000 0.073264
0.000000 0.025834
0.000000 0.075990
0.000000 0.035025
0.000000 0.056108
0.000000 0.027841
0.000000 0.029852
0.000000 0.017822
0.000000 0.043323
0.000000 0.030164
0.000000 0.025214
0.000000 0.042606
0.000000 0.023987
0.000000 0.109162
0.000000 0.018358
0.000000 0.024686
0.000000 0.031680
0.000000 0.151726
0.000000 0.042201
0.000000 0.022646
0.000000 0.014141
0.000000 0.033364
0.000000 0.065599
0.000000 0.074692
0.000000 0.041036
0.000000 0.041182
0.000000 0.053194
0.000000 0.025296
0.000000 0.034715
0.000000 0.057444
0.000000 0.027868
0.000000 0.099124
0.000000 0.024135
0.000000 0.032780
0.000000 0.011053
0.000000 0.049390
0.000000 0.075849
0.000000 0.036713
0.000000 0.052949
0.000000 0.044711
0.000000 0.032215
0.000000 0.035181
0.000000 0.095908
0.000000 0.036678
0.000000 0.025453
0.000000 0.022116
0.000000 0.112568
0.000000 0.054048
0.000000 0.055533
0.000000 0.073890
0.000000 0.059969
0.000000 0.036206
0.000000 0.059007
0.000000 0.038284
0.000000 0.044624
0.000000 0.058651
0.000000 0.019277
0.000000 0.050819
0.000000 0.048529
0.000000 0.051874
0.000000 0.038535
0.000000 0.036557
0.000000 0.047371
0.000000 0.053426
0.000000 0.051356
0.000000 0.022763
0.000000 0.037759
0.000000 0.051559
0.000000 0.116600
0.000000 0.030223
0.000000 0.025368
0.000000 0.034376
0.000000 0.022293
0.000000 0.027786
0.000000 0.029843
0.000000 0.078933
0.000000 0.046983
0.000000 0.033995
0.000000 0.046036
0.000000 0.026898
0.000000 0.049208
0.000000 0.041595
0.000000 0.027735
0.000000 0.038214
0.000000 0.030677
0.000000 0.035368
0.000000 0.038468
0.000000 0.039285
0.000000 0.032045
0.000000 0.045329
0.000000 0.027916
0.000000 0.098891
0.000000 0.030397
0.000000 0.112712
0.000000 0.029632
0.000000 0.052673
0.000000 0.031242
0.000000 0.046618
0.000000 0.054655
0.000000 0.177908
0.000000 0.029295
0.000000 0.079339
0.000000 0.023532
0.000000 0.014673
0.000000 0.029760
0.000000 0.052983
0.000000 0.036766
0.000000 0.022147
0.000000 0.024647
0.000000 0.052626
0.000000 0.022782
0.000000 0.015440
0.000000 0.019105
0.000000 0.022841
0.000000 0.019306
0.000000 0.025906
0.000000 0.024675
0.000000 0.049003
0.000000 0.048956
0.000000 0.032264
0.000000 0.069832
0.000000 0.030567
0.000000 0.036264
0.000000 0.031006
0.000000 0.039315
0.000000 0.031488
0.000000 0.036662
0.000000 0.037444
0.000000 0.047503
0.000000 0.061829
0.000000 0.023087
0.000000 0.043631
0.000000 0.058263
0.000000 0.019566
0.000000 0.017474
0.000000 0.017168
0.000000 0.022249
0.000000 0.029865
0.000000 0.032598
0.000000 0.024122
0.000000 0.043672
0.000000 0.027303
0.000000 0.051845
0.000000 0.022930
0.000000 0.049553
0.000000 0.077528
0.000000 0.055623
0.000000 0.040264
0.000000 0.048311
0.000000 0.059028
0.000000 0.071554
0.000000 0.080208
0.000000 0.036353
0.000000 0.082056
0.000000 0.042908
0.000000 0.088689
0.000000 0.028555
0.000000 0.044373
0.000000 0.030197
0.000000 0.106005
0.000000 0.038600
0.000000 0.039327
0.000000 0.035773
0.000000 0.109425
0.000000 0.043182
0.000000 0.042990
0.000000 0.059220
0.000000 0.110481
0.000000 0.086571
0.000000 0.129286
0.000000 0.041038
0.000000 0.069631
0.000000 0.026306
0.000000 0.035047
0.000000 0.079548
0.000000 0.051818
0.000000 0.051259
0.000000 0.038836
0.000000 0.037409
0.000000 0.020368
0.000000 0.026260
0.000000 0.043312
0.000000 0.091069
0.000000 0.057100
0.000000 0.050265
0.000000 0.037076
0.000000 0.045291
0.000000 0.049946
0.000000 0.036345
0.000000 0.023867
0.000000 0.068771
0.000000 0.037753
0.000000 0.061916
0.000000 0.031973
0.000000 0.034918
0.000000 0.050858
0.000000 0.039057
0.000000 0.053151
0.000000 0.059134
0.000000 0.054520
0.000000 0.028796
0.000000 0.104187
0.000000 0.049630
0.000000 0.045443
0.000000 0.053795
0.000000 0.187777
0.000000 0.070349
0.000000 0.022341
0.000000 0.097335
0.000000 0.022244
0.000000 0.031278
0.000000 0.014913
0.000000 0.026567
0.000000 0.025910
0.000000 0.038122
0.000000 0.115151
0.000000 0.043164
0.000000 0.037930
0.000000 0.024683
0.000000 0.028143
0.000000 0.039538
0.000000 0.040057
0.000000 0.139150
0.000000 0.062713
0.000000 0.169854
0.000000 0.028636
0.000000 0.055805
0.000000 0.016352
0.000000 0.033558
0.000000 0.017915
0.000000 0.034690
0.000000 0.015636
0.000000 0.036505
0.000000 0.026863
0.000000 0.030150
0.000000 0.024977
0.000000 0.042345
0.000000 0.042957
0.000000 0.043015
0.000000 0.019009
0.000000 0.063479
0.000000 0.053158
0.000000 0.028412
0.000000 0.032286
0.000000 0.013800
0.000000 0.026216
0.000000 0.016961
0.000000 0.023795
0.000000 0.017162
0.000000 0.016794
0.000000 0.032948
0.000000 0.029381
0.000000 0.031543
0.000000 0.040749
0.000000 0.028137
0.000000 0.025014
0.000000 0.034358
0.000000 0.059345
0.000000 0.031298
0.000000 0.060813
0.000000 0.059372
0.000000 0.035364
0.000000 0.119490
0.000000 0.048726
0.000000 0.070393
0.000000 0.064351
0.000000 0.034650
0.000000 0.024517
0.000000 0.020121
0.000000 0.040702
0.000000 0.032361
0.000000 0.048431
0.000000 0.030659
0.000000 0.066996
0.000000 0.034142
0.000000 0.050754
0.000000 0.041131
0.000000 0.239316
0.000000 0.024836
0.000000 0.024544
0.000000 0.045722
0.000000 0.040740
0.000000 0.049864
0.000000 0.021697
0.000000 0.106818
0.000000 0.019055
0.000000 0.029738
0.000000 0.048814
0.000000 0.026440
0.000000 0.040243
0.000000 0.016842
0.000000 0.040051
0.000000 0.024467
0.000000 0.055049
0.000000 0.027215
0.000000 0.110822
0.000000 0.029322
0.000000 0.023449
0.000000 0.042423
0.000000 0.064486
0.000000 0.026426
0.000000 0.047310
0.000000 0.108093
0.000000 0.015299
0.000000 0.019983
0.000000 0.019912
0.000000 0.022518
0.000000 0.051755
0.000000 0.039872
0.000000 0.038716
0.000000 0.028239
0.000000 0.022141
0.000000 0.033917
0.000000 0.038711
0.000000 0.022180
0.000000 0.024752
0.000000 0.022694
0.000000 0.041199
0.000000 0.027880
0.000000 0.053261
0.000000 0.030630
0.000000 0.035247
0.000000 0.024009
0.000000 0.025810
0.000000 0.029546
0.000000 0.069018
0.000000 0.052031
0.000000 0.029493
0.000000 0.132582
0.000000 0.109575
0.000000 0.044828
0.000000 0.058617
0.000000 0.119779
0.000000 0.042382
0.000000 0.106167
0.000000 0.044821
0.000000 0.016689
0.000000 0.022445
0.000000 0.032042
0.000000 0.015359
0.000000 0.047414
0.000000 0.087828
0.000000 0.034640
0.000000 0.025862
0.000000 0.020742
0.000000 0.023634
0.000000 0.023691
0.000000 0.031397
0.000000 0.026705
0.000000 0.036359
0.000000 0.018207
0.000000 0.015474
0.000000 0.021964
0.000000 0.073894
0.000000 0.034984
0.000000 0.074414
0.000000 0.051278
0.000000 0.046242
0.000000 0.027509
0.000000 0.043166
0.000000 0.023618
0.000000 0.024350
0.000000 0.064374
0.000000 0.390877
0.000000 0.062894
0.000000 0.087430
