  54.609194 8238.830180
  46.694733 8232.573403
  22.002920 8231.938804
  25.059458 8229.929809
  50.881235 8230.451265
  58.449292 8232.008683
  53.825172 8233.614336
  45.512037 8229.030684
  47.688053 8221.744418
  40.209708 8226.990668
  77.189757 8238.159708
  63.556263 8231.741631
  56.326382 8232.489611
  32.074431 8229.336176
  18.621493 8231.562082
  34.119588 8232.358291
  37.964650 8237.183483
  56.459891 8241.173348
  60.413441 8227.207361
  29.552305 8224.078661
  22.726981 8228.827207
  37.860295 8234.736642
  44.142413 8233.153793
  59.519256 8237.302223
  44.309290 8227.460408
  21.139400 8224.403071
  25.522120 8227.638878
  39.112515 8224.370688
  51.283291 8230.900110
  59.614006 8236.416762
  77.752269 8235.199313
  59.906408 8233.396545
  54.623617 8229.927800
  55.011787 8228.618360
  65.595801 8227.811705
  45.474200 8233.567884
  49.536037 8232.062785
  43.664144 8239.030509
  35.427759 8232.054076
  62.642988 8234.946019
  37.522962 8232.054614
  31.791981 8224.171892
  31.782249 8231.221964
  30.870955 8232.759137
  26.295452 8238.542840
  13.724596 8228.828184
  32.016813 8230.169076
  29.480709 8231.831057
  38.005793 8237.566111
  26.832868 8234.493592
  32.118575 8233.435909
  40.944442 8238.691929
  55.773367 8237.156742
  21.818285 8227.533041
  35.453386 8237.409118
  53.152297 8234.601643
  40.995474 8227.977451
  74.378116 8229.060963
  41.657955 8235.967965
  24.507585 8228.194172
  21.026456 8230.145740
  33.625881 8227.879877
  16.862147 8236.434209
  35.894747 8230.146244
  57.172842 8231.984643
  46.305491 8225.242850
  38.402521 8235.082931
  43.033980 8225.335646
  27.382650 8235.093858
  26.809120 8235.374087
  58.203704 8234.733473
  30.078773 8237.534494
  55.566455 8232.044784
  36.798434 8242.369991
  28.353807 8232.064629
  21.484384 8230.611142
  26.571723 8225.932193
  20.850448 8230.352042
  21.232450 8231.540391
  30.112084 8222.735892
  34.193732 8231.994938
  33.994479 8226.298330
  24.057002 8233.632250
  29.232210 8234.057346
  27.454634 8237.097462
  29.052198 8227.297792
  27.916528 8234.074901
  11.074857 8231.906173
  11.973720 8236.185206
  14.293902 8231.577591
  18.132744 8235.347631
  15.737935 8231.432118
  21.180177 8234.933674
  15.762369 8227.995746
  22.520658 8238.415067
  20.085962 8231.609272
  23.206496 8236.319640
  24.943401 8237.826704
  14.272891 8218.732825
   9.841992 8224.681518
  20.121019 8232.054504
  30.762963 8232.941221
  33.900327 8232.553486
  12.617239 8235.877704
  48.351628 8229.071661
  37.927275 8231.875177
  48.525176 8225.166882
  32.186478 8231.348406
  17.813231 8232.230361
  28.264706 8229.557843
  54.584149 8231.307979
  71.332837 8231.949751
  57.454788 8234.131670
  29.854011 8226.520428
  32.029488 8232.850128
  29.982338 8236.253907
  45.514462 8227.942605
  48.460112 8234.529541
  64.846048 8229.488808
  31.510045 8230.447004
  36.554176 8236.111890
  30.182537 8229.156181
  31.515200 8229.465431
  36.526480 8236.898948
  38.448458 8235.196555
  29.908589 8228.255358
  40.773906 8240.177930
  52.420935 8231.856371
  58.747401 8228.120834
  29.806975 8231.352959
  56.194312 8238.346832
  63.183212 8237.726827
  42.434781 8240.047611
  36.288801 8238.893865
  30.769577 8228.452840
  66.680447 8232.938867
  61.432540 8228.984992
  39.622929 8230.508539
  34.401578 8231.444644
  36.988048 8229.854273
  37.076627 8236.497529
  65.609762 8235.504829
  30.288654 8232.810008
  18.928375 8232.078159
  17.341854 8230.630168
  32.487961 8233.779261
  39.389690 8236.414051
  16.773114 8236.124369
  43.992704 8235.030851
  26.312582 8227.946204
  24.667697 8228.763410
  61.199736 8232.617506
  23.668079 8230.547309
  27.670503 8229.720598
  48.353634 8237.065514
  15.967500 8234.758024
   8.399325 8234.550500
  32.194517 8233.840040
  35.528130 8231.335084
  30.833465 8239.495753
  24.465364 8232.695022
  13.878626 8230.445102
  26.816070 8221.594460
  30.671294 8236.916789
  43.827085 8231.682442
  36.416577 8232.045658
  82.839724 8231.481346
  32.001644 8230.218096
  31.520304 8235.606666
  34.113752 8228.450160
  33.350045 8234.367492
  27.560418 8239.681885
  36.146568 8224.165703
  15.554951 8219.734183
  29.087419 8223.820099
  26.398208 8226.889434
  24.566806 8226.841745
  25.268653 8232.820439
  25.454874 8231.035429
  32.194311 8233.793178
  32.430506 8226.518293
  29.754449 8223.183307
  41.667578 8234.947386
  47.086349 8229.434143
  29.620056 8232.066415
  24.820707 8231.748138
  29.604022 8234.543680
  28.245246 8231.656449
  10.499617 8226.999289
  31.797449 8234.435859
  28.262089 8227.366028
  38.470899 8235.536541
  27.171088 8227.837076
  32.188061 8232.995692
  16.904554 8224.418880
  19.340467 8227.282869
  43.867696 8228.758764
  24.235171 8214.418406
  47.083990 8234.692803
  24.734717 8232.394184
  32.968514 8227.710930
  38.016735 8226.438582
  45.123353 8233.024462
  50.601523 8230.632425
  15.538099 8230.231128
  20.854210 8228.101457
  31.218788 8222.436875
  24.575281 8229.879905
  33.719804 8231.795594
  35.401662 8229.316478
  30.575452 8224.127794
  30.556553 8230.650558
  49.661597 8230.990182
  35.208743 8232.517893
  31.892545 8225.818211
  37.509526 8235.584245
  53.362925 8238.476975
  40.018596 8226.752007
   7.358778 8232.977312
  38.970075 8234.548306
  46.750347 8230.463404
  78.808376 8235.621355
  26.031891 8233.682882
  39.901845 8230.126766
  47.765794 8226.438557
  36.432859 8228.727277
  43.857503 8237.813916
  46.501448 8225.240138
  55.497953 8225.321803
  32.678716 8229.394402
  35.412552 8225.403452
  50.197595 8231.597360
  47.994514 8237.141417
  43.954140 8238.615301
  34.173861 8235.617194
  49.596048 8234.469769
  33.233673 8234.857505
  68.146312 8232.990576
  64.918269 8233.310669
  42.093453 8233.750149
  39.787164 8235.309837
  33.521217 8237.113525
  60.382318 8234.323809
  79.552867 8234.765030
  52.809127 8234.205888
  26.431826 8233.829366
  41.363320 8241.178058
  28.412424 8230.579872
  25.022408 8241.469891
  40.673214 8238.489962
  27.786822 8242.389870
  33.084724 8237.945877
  41.656767 8234.033934
  35.367808 8233.326562
  34.739029 8234.229683
  70.963765 8233.160938
  21.955602 8222.250394
  52.381413 8228.980556
  34.375685 8236.745244
  51.284508 8235.566085
  69.684898 8233.743940
  46.286955 8239.941484
  31.961503 8231.076825
  24.411959 8232.531196
  22.581360 8235.662858
  31.517822 8231.935982
  28.703758 8232.095080
  55.725403 8233.795282
  55.429790 8231.304712
  69.834029 8241.312060
  52.153025 8241.550820
  68.680532 8238.432732
  57.554990 8241.940779
  40.013879 8235.832547
  20.819084 8230.798114
  33.751457 8238.318839
  29.414422 8238.124876
  29.981950 8231.201714
  30.862421 8237.360082
  41.171814 8234.622085
  61.951126 8230.945887
  40.925065 8228.338561
  38.046814 8233.983269
  35.963725 8235.784202
  21.010792 8234.549426
  48.783996 8238.710246
  61.791797 8230.350996
  39.259762 8230.736340
  39.520322 8235.911973
  23.655797 8223.571835
  22.104634 8238.037403
  36.186085 8232.896297
  45.603695 8234.501452
  51.206712 8239.512089
  36.816244 8236.617722
  41.219084 8241.511793
  25.838385 8239.309224
  32.253837 8240.657818
  49.227002 8242.334846
  31.636352 8229.116190
  56.523559 8237.015483
  36.477494 8235.680158
  52.951511 8231.797692
  42.268550 8234.095505
  47.413823 8234.536101
  34.699622 8229.404467
  52.733465 8236.977964
  87.792084 8230.849446
  84.412959 8238.269827
  74.042189 8225.084184
  48.125971 8239.240774
  37.628678 8230.945324
  46.891942 8234.081126
  40.663565 8230.707852
  44.748365 8235.066403
  63.893153 8233.241836
  29.080966 8224.215113
  25.987927 8241.642091
  47.090382 8230.570206
  42.726194 8237.200957
  63.448512 8232.485273
  57.755405 8238.052700
  32.323485 8236.046568
  50.137106 8239.493040
  54.105830 8233.667707
  32.895061 8235.145547
  23.250279 8239.050763
  32.392735 8232.361772
  80.047102 8240.436266
  51.707246 8235.084290
  33.765798 8231.881028
  38.687296 8234.113727
  72.624220 8239.072079
  42.373042 8239.183622
  53.151268 8237.580578
  39.516600 8234.866327
  38.955512 8238.211958
  38.914556 8240.256438
  39.796061 8237.440984
  46.744745 8239.167708
  33.869249 8228.377108
  23.270868 8235.886240
  53.219348 8233.686631
  61.583604 8235.325425
  40.209768 8231.395003
  54.126634 8235.308320
  48.779036 8238.520111
  40.672748 8235.196350
  49.993697 8235.055202
  41.118777 8235.538184
  44.046656 8239.900240
  34.051223 8232.361218
  29.666764 8236.099167
  45.489670 8231.856042
  51.666539 8231.932016
  58.136956 8242.080047
  40.817596 8238.438733
  37.116715 8234.536559
  28.550908 8237.088571
  35.574461 8240.221011
  31.945165 8236.507671
  11.504796 8232.016245
  26.758191 8231.810896
  19.980629 8238.351299
  19.196061 8237.069733
  29.565137 8236.822478
  34.946855 8233.832948
  29.966173 8229.936580
  26.162772 8239.522178
  17.000156 8235.917707
  29.149712 8236.275004
  35.847823 8232.256751
  48.319370 8237.691665
  39.655904 8225.440868
  44.615351 8234.758774
  38.129008 8235.112564
  23.298842 8242.513378
  51.372288 8244.215418
  40.747833 8238.600649
  33.954553 8233.530664
  64.277344 8237.319156
  13.021804 8231.477049
  27.164444 8233.225682
  26.033543 8234.368780
  39.167505 8238.853944
  28.050385 8237.421059
  29.300849 8235.029845
  37.192972 8235.589623
  43.440886 8224.679991
  33.881246 8224.023231
  35.177051 8228.788062
  66.174590 8229.622204
  46.351895 8234.960581
  40.951253 8229.264377
  40.991892 8231.427349
  31.958528 8227.612490
  27.535710 8231.525698
  54.711615 8235.066149
  41.824009 8235.198396
  30.065585 8224.440892
  34.748208 8238.462048
  37.793958 8233.605872
  39.873865 8234.107423
  57.692649 8227.083773
  44.724651 8236.481744
  50.663647 8232.307238
  13.683057 8230.661983
  35.072216 8220.867366
  26.655226 8239.126715
  38.369305 8232.757525
  28.400194 8230.341052
  39.115032 8229.383478
  44.964902 8234.400204
  43.168235 8230.965075
  29.974440 8233.067195
  29.552343 8234.979195
  20.492708 8235.055271
  24.784862 8235.014941
  62.965955 8230.147318
  61.597177 8237.821209
  65.815774 8233.846582
  31.329704 8234.083053
  69.939614 8230.725488
  15.818893 8240.367002
  20.396171 8234.897089
  23.637561 8231.813721
  21.709250 8237.837209
  37.966245 8232.832884
  13.158677 8229.636778
   8.936875 8233.575075
  40.114768 8236.801256
  34.647509 8233.230533
  44.446223 8231.956929
  69.728020 8235.548663
  50.125615 8235.114136
  84.056481 8236.997975
  78.755764 8234.845397
  44.833415 8240.250401
  36.720561 8237.871971
  35.838634 8238.111238
  42.954379 8228.361377
  47.221066 8233.458274
  33.930631 8240.825872
  46.106827 8234.411601
  23.781548 8230.273500
  37.564568 8221.751286
  15.980520 8234.560965
  33.089822 8232.157725
  38.566538 8233.085808
  43.400140 8233.186502
  52.906914 8229.255360
  55.894164 8233.020563
  73.325812 8233.401902
  71.804360 8233.218305
  37.634877 8233.902751
  20.189674 8236.926493
  51.925526 8230.511016
  41.111814 8233.894865
  35.466480 8235.467264
  59.328105 8228.595246
  37.688823 8230.554808
   7.533319 8228.064193
  20.960845 8237.456085
  58.179930 8227.333055
  45.011692 8240.659901
  23.860345 8231.421049
  32.361587 8235.264286
  42.031532 8233.286409
  33.078024 8234.079301
  42.367533 8234.995473
  18.213326 8232.224123
  34.249179 8232.928450
  45.938469 8236.603590
  58.390494 8242.440260
  42.480745 8238.368835
  47.977365 8228.936499
  39.171229 8234.529094
   7.240020 8222.271644
  30.622194 8226.656210
  23.117955 8226.064125
  28.240387 8233.114066
  15.783264 8235.358271
  57.864552 8232.181056
  49.079273 8237.784784
  41.740505 8235.210960
  33.650965 8227.527418
  18.491357 8233.602865
  29.202967 8233.888783
  30.162577 8229.678327
  40.076889 8231.405851
  15.767113 8231.593186
  23.700249 8229.984043
  40.359108 8226.938140
  28.910347 8232.935987
  47.506437 8232.453726
  23.050383 8236.112986
  42.773372 8235.156917
  77.104604 8226.490976
  39.174451 8227.381228
  23.967356 8224.746600
  39.813094 8237.765387
  51.398342 8233.076889
  34.640413 8226.079425
  34.303594 8230.892916
  61.730751 8238.216699
  61.032298 8243.522025
  34.283215 8239.258522
  56.290756 8237.882340
  81.948817 8238.478307
  47.985279 8234.769882
  86.402579 8239.040730
  47.404226 8243.550845
  10.311198 8237.147932
  36.540999 8233.326592
  33.194275 8231.002283
  12.599746 8237.652022
  35.818175 8222.072982
  39.523000 8229.420636
  33.808244 8230.828449
  36.735363 8221.023335
  15.028445 8235.912269
  38.339533 8227.257562
  15.812148 8227.141724
  27.847747 8233.113162
  35.965872 8227.795008
  36.587874 8229.016605
  57.926978 8237.643156
  35.393045 8237.259649
  25.295107 8235.127285
  30.846937 8238.660999
  48.519096 8230.593081
  44.800408 8235.509898
  40.332470 8240.531657
  29.576668 8240.261215
  42.587600 8238.035434
  26.823148 8231.714750
  24.949105 8239.432350
  34.002358 8230.710579
  25.616754 8237.339068
  43.579716 8237.967113
  34.492788 8239.518129
  33.918809 8227.216695
  32.401619 8236.333466
  21.134175 8228.308328
  22.322949 8230.521019
  38.317446 8230.122358
  15.340067 8238.924398
   6.812922 8235.011322
  10.137700 8226.107837
  38.687364 8237.104175
  27.642967 8229.192095
  28.689597 8238.191061
  45.040201 8239.123189
  52.756280 8241.971620
  16.945043 8241.916035
  44.218009 8237.664045
  32.601601 8233.767217
  39.191114 8236.471548
  44.311897 8230.793970
  40.584871 8228.712565
  49.718129 8239.941895
  34.000515 8232.483114
  51.909381 8229.579057
  48.895531 8238.962650
  72.809704 8239.844694
  77.366061 8225.987478
  49.979863 8224.839858
  45.248636 8235.878294
  54.335001 8237.527829
  49.246893 8234.123157
  44.899111 8228.504505
  31.030925 8233.182519
  24.307427 8227.161587
  27.285239 8229.556799
  54.374542 8238.549338
  40.471942 8228.025694
  32.686625 8230.804265
  42.580161 8233.756077
  41.812927 8228.529974
  38.575515 8223.889572
  35.809473 8235.673132
  34.482361 8233.136721
  41.745497 8226.513667
  44.289151 8231.472936
  85.081316 8221.865261
  48.326657 8235.284680
  26.038941 8234.145796
  47.252184 8235.533692
  55.774038 8231.166172
  25.473603 8229.553398
  24.593631 8236.003860
  18.410613 8232.056809
  16.725664 8234.161223
  28.016287 8236.509146
  48.926797 8231.024401
  60.244702 8226.201044
  46.787862 8228.524244
  35.672284 8226.239770
  37.747958 8237.356711
  31.648673 8230.492085
  46.883386 8239.101751
  32.322841 8234.342869
  55.980790 8227.443150
  38.209016 8231.643926
  30.800836 8225.225232
  24.527327 8231.584063
  32.580895 8227.895916
  39.052520 8222.464573
  46.187469 8238.756944
  20.497244 8227.570200
  40.586584 8233.890301
  39.849675 8229.190088
  67.050010 8233.114769
  69.781006 8234.234456
  39.079619 8232.315842
  53.854219 8225.406698
  46.930045 8232.940293
  53.862530 8239.025208
  59.705903 8232.088341
  65.886248 8226.352412
  53.417929 8232.699016
  37.961158 8228.536400
  33.648615 8229.610010
  46.333717 8222.880857
  51.693737 8232.127751
  24.209351 8225.193071
  29.719381 8221.731685
  39.842679 8233.319971
  52.368522 8233.186786
  27.462433 8235.881571
  40.726697 8237.792915
  25.656413 8228.048840
  20.777018 8233.230837
  44.509129 8231.641816
  48.224140 8230.824407
  38.049749 8234.110757
  33.027293 8232.328355
  21.053941 8229.328394
  40.821243 8209.088547
  55.461034 8227.582035
  49.876365 8227.980434
  43.959623 8223.506321
  44.641069 8221.103331
  59.677618 8225.288279
  34.902251 8224.542689
  35.198754 8219.645565
  10.118357 8229.573313
  21.141224 8215.345047
  36.748803 8228.296049
  31.640862 8233.809950
  17.987734 8233.971867
  39.291815 8230.126754
   9.408362 8223.794279
  38.735367 8229.430320
  53.037069 8229.693272
  47.982865 8230.799439
  67.201633 8227.873234
  28.876992 8218.659331
  21.067863 8227.476487
  42.613470 8227.947324
  49.369223 8231.587815
  30.276191 8235.997182
  22.173480 8236.228706
  54.935529 8224.750526
  51.457964 8231.971228
  45.973868 8230.369527
  66.968738 8224.406856
  35.776109 8234.040051
  29.887523 8236.372978
  40.162881 8223.376226
  34.433612 8234.037473
  47.848921 8225.796444
  29.798138 8228.136686
  40.924188 8229.117770
  41.466308 8227.187419
  34.847949 8231.050748
  57.960983 8236.584683
  51.901072 8236.354414
  51.847719 8231.675674
  84.732518 8231.919584
  40.398804 8219.864771
  56.295812 8233.242740
  77.844741 8234.405772
  38.544071 8235.086434
  36.125612 8237.817778
  49.908989 8229.009735
  60.261950 8232.233044
 100.829226 8230.613141
  47.996243 8231.617172
  58.843131 8221.651997
  55.926621 8225.773222
  48.328881 8229.163637
  17.380057 8223.945406
  35.627605 8227.682683
  71.457453 8225.583481
  43.593669 8225.008097
  68.797984 8235.163531
  45.039143 8235.561177
  39.874791 8229.979985
  52.205944 8232.443844
  58.958398 8232.005834
  21.778447 8236.172227
  13.008516 8231.979027
  41.555193 8236.969788
  27.774508 8237.297960
  26.736469 8239.909354
  25.917741 8234.494172
  18.867050 8223.264410
  28.914371 8231.155312
  33.878892 8233.425576
  56.133183 8236.259619
  32.933339 8229.062401
  33.541782 8226.631381
  40.470595 8223.543693
  31.937790 8229.814982
  38.971113 8227.176600
  24.938225 8236.416791
  28.176386 8224.884298
  25.405542 8226.097614
  39.405830 8226.938665
  43.247536 8227.086848
  27.308014 8226.435053
  30.396051 8228.754857
  20.868242 8234.670946
   5.795080 8232.976605
   6.112991 8235.670781
  52.147626 8237.445870
  28.667196 8234.125262
  44.670397 8236.288192
  50.315693 8233.640310
  41.647677 8233.802001
  47.914258 8220.988518
  59.707337 8234.363453
  39.234990 8227.173168
  51.487738 8234.781644
  34.902490 8237.637801
  60.649861 8235.051237
  65.384995 8238.878522
  51.049380 8235.416835
  21.137401 8229.664438
  33.087571 8234.725726
  52.819031 8227.152937
  43.188988 8233.625017
  27.846440 8234.721359
  36.654580 8235.191171
  42.002001 8224.518923
  37.818919 8232.128715
  27.672984 8230.905125
  30.187932 8226.269215
  21.328760 8233.056970
  32.303335 8233.297992
  14.401780 8234.688812
  17.717139 8237.790484
  30.425740 8237.969202
  34.087705 8239.868989
  26.760869 8236.155963
  42.469958 8242.914434
  52.084347 8233.751561
  42.954490 8234.995045
  18.903760 8236.691133
  16.074464 8229.047724
  64.599929 8227.487937
  34.282337 8238.479473
  41.587959 8229.271882
  35.725139 8231.110182
  44.531428 8233.061537
  33.337591 8229.854206
  32.162040 8225.136452
  41.720398 8231.563541
  26.965618 8224.234603
  47.054007 8230.440574
  41.071616 8227.175209
  57.118324 8227.985313
  38.744952 8233.168748
  53.888994 8230.627674
  48.920769 8229.356446
  26.347757 8235.836133
  23.340192 8223.676855
  17.822034 8228.043752
  34.271393 8230.837966
  30.976905 8225.986992
  42.538786 8231.148785
  32.535532 8231.219576
  26.575180 8225.897396
  35.121651 8234.695580
  35.568657 8233.877470
  51.038121 8237.271184
  23.225814 8224.300980
  30.027291 8234.487718
  58.005286 8233.889483
  40.702493 8233.607024
  46.908011 8234.341328
  59.118434 8235.196038
  53.332106 8233.223259
  19.856753 8232.375708
  40.149254 8237.309036
  19.211538 8233.241462
   8.848972 8234.754289
  12.924368 8225.440433
  51.913439 8234.393363
  65.975932 8228.083782
  33.389134 8230.655081
  48.153704 8223.038785
  50.851338 8229.623805
  33.613084 8233.419542
  56.514581 8235.792435
  43.208824 8224.533595
   8.463472 8233.734345
  46.721558 8231.974213
  59.537129 8230.480383
  56.012066 8238.738309
  67.551351 8234.959616
  43.043785 8235.750915
  32.166959 8231.964609
  53.083322 8234.816650
  59.235998 8230.730730
  70.805107 8236.478623
  67.265052 8236.891880
  84.565143 8230.786460
  32.817191 8223.546766
  48.956779 8229.595909
  39.013427 8236.609658
  39.243993 8223.988669
  21.937180 8230.336310
  28.218393 8231.500885
  32.911256 8235.287993
  32.735757 8235.986247
  37.814454 8232.757512
  20.927611 8232.449041
  34.401957 8232.553544
  32.876581 8235.172469
  50.121354 8229.578337
  28.700805 8239.752113
  49.666032 8244.165719
  27.422665 8237.112546
  27.637142 8239.641126
  24.518011 8235.675994
  41.485384 8219.602340
  27.283389 8233.673699
  27.437218 8238.446908
  33.898919 8239.351810
  44.692638 8230.634694
  52.368322 8236.617051
  43.459566 8234.110846
  33.101141 8233.966865
  25.874306 8233.806440
  31.609086 8235.370558
  24.737596 8230.866618
  30.054592 8224.209052
  52.118088 8227.842343
  33.595913 8227.497875
  42.799024 8228.006214
  44.299066 8229.957679
  45.108823 8231.868468
  42.380904 8223.850728
  54.526475 8234.666543
  30.506754 8227.305775
  45.960410 8227.975913
  40.253991 8235.948340
  20.159293 8231.686519
  39.892370 8223.114325
  45.637626 8227.077097
  74.771127 8229.197017
  45.224152 8230.415200
  44.047418 8227.284207
  49.849246 8223.698501
  66.884855 8219.600205
  56.474316 8215.396725
  49.217475 8216.146724
  44.905161 8224.804242
  28.787640 8218.297190
  36.091695 8216.316956
  60.937917 8216.620198
  75.560235 8220.427624
  45.399992 8217.588944
 101.704254 8217.872856
  94.352089 8220.697318
  57.157379 8221.711995
  57.416785 8219.051391
  57.790502 8222.881082
  32.875492 8221.135975
  16.995246 8224.982788
   1.359797 8209.449587
  14.323265 8217.383840
  33.190678 8227.491914
  28.056776 8212.103249
  21.916910 8225.150355
  16.522237 8227.837109
  27.800061 8224.270080
  30.109375 8214.993292
  21.784498 8230.033993
  29.949361 8227.688601
  43.436676 8225.299209
  37.226131 8222.816587
  50.679840 8227.478904
  33.888128 8230.230356
  39.093673 8221.619352
  35.919984 8216.596843
  17.764959 8227.727913
  28.771803 8228.742730
  53.319660 8229.880865
  33.332083 8229.277325
  27.049237 8227.613760
  56.860781 8231.476945
  43.245131 8229.597087
  25.678195 8232.789394
  30.431493 8229.537127
  62.803549 8224.282842
  34.653020 8230.177215
  24.500834 8226.820789
  36.905946 8234.552428
  27.392199 8235.213693
  19.384469 8232.413267
  58.487258 8231.720786
  18.648211 8227.911621
  37.620831 8228.085329
  17.527576 8235.953283
  38.350126 8228.722835
  30.485837 8230.766106
  50.657199 8230.764282
  42.689619 8227.302142
  28.254115 8228.993048
  37.722694 8228.452219
  18.674506 8230.913962
  41.210779 8230.390355
  32.364956 8232.807751
  37.246647 8229.434022
  17.823386 8228.636157
  23.941408 8228.325495
  36.250156 8235.251072
  39.331144 8233.177448
  26.195423 8229.051152
  37.095368 8229.862708
  48.392344 8229.473076
  21.779299 8237.822487
  40.687305 8230.895517
  33.498467 8228.182554
  27.375340 8231.244242
  39.348191 8232.228715
  67.360776 8237.377926
  56.042656 8241.644201
  65.297100 8233.786066
  57.964241 8231.004913
  23.980779 8228.353104
  32.489390 8231.918878
  36.525871 8222.448941
  50.209802 8230.425828
  20.847291 8225.523647
  40.919748 8222.328714
  12.473786 8226.441310
  39.521391 8228.457437
  23.306941 8230.188860
  41.096620 8230.542683
  48.315806 8228.934027
  35.768551 8219.788834
  52.614706 8225.535724
  70.143728 8228.976332
  53.872872 8225.636653
  54.063656 8232.730816
  33.243422 8229.609220
  27.167876 8229.250458
  34.672305 8226.637381
  32.884275 8226.347849
  58.761179 8219.860222
  25.087285 8219.800210
  47.629879 8233.005456
  37.762669 8218.554216
  32.604230 8229.050519
  25.713433 8236.699719
  44.118546 8222.894079
  31.940705 8229.605672
  42.371837 8231.038159
  59.695646 8228.087691
  49.243728 8235.634197
  54.416988 8233.751989
  59.624479 8224.009744
  29.894131 8231.922684
  42.426530 8226.312840
  36.246564 8219.677370
  25.278245 8226.207027
  30.258076 8219.126296
  11.388465 8228.396110
  36.975991 8230.722550
  40.434933 8230.397140
  27.111030 8221.462359
  55.130111 8220.704390
  42.624570 8225.544275
  64.559202 8217.543421
  56.974155 8229.915652
  39.298088 8225.524346
  54.610338 8225.977383
  46.941274 8230.616226
  66.437463 8224.373926
  81.138287 8223.439872
  45.051036 8234.087221
  55.562545 8233.575030
  53.334443 8230.839580
  44.479475 8231.073876
  19.476643 8233.010908
  48.201156 8226.678352
  31.643712 8229.306739
  41.886066 8218.255791
  33.802023 8224.329350
  13.601799 8233.161020
  14.522499 8234.554570
  19.385949 8228.865582
  13.713658 8222.866842
  32.652319 8229.057504
  44.315437 8238.267114
  28.055209 8226.272730
  35.690724 8230.278486
  43.987792 8227.172847
  51.142607 8227.581378
  37.121787 8236.072099
  23.494051 8228.912342
  34.827864 8229.973093
  16.596431 8228.490548
  18.669855 8234.014439
  30.671448 8223.547084
  24.222415 8226.347671
  25.220575 8235.369160
  30.083295 8229.973588
  36.262191 8229.961868
  25.342660 8234.814148
  35.945771 8231.284013
  46.936620 8226.665692
  42.971169 8228.436862
  38.500615 8230.856105
  62.523843 8222.784632
  61.360567 8230.118368
  47.389888 8234.795283
  33.582515 8227.317720
  49.267506 8227.674020
  62.460890 8216.469596
  28.634792 8225.346835
  43.745709 8232.199011
  61.413539 8232.285890
  49.497177 8231.078793
  49.597710 8228.812914
  51.079337 8229.506651
  30.131545 8223.858281
  61.041911 8235.958330
  57.246970 8241.514178
  34.315735 8237.602446
  60.594382 8233.862117
  64.570708 8224.936408
  55.525205 8227.858380
  48.199434 8236.243524
  54.029417 8233.281427
  50.928670 8235.878865
  43.029031 8223.488018
  21.625610 8226.336654
  20.394282 8230.777375
  28.716850 8225.948791
  35.279182 8227.203019
  47.312500 8231.245522
  53.882240 8234.564850
  31.174716 8237.283844
  55.423792 8237.284036
  65.365899 8237.218987
  63.673223 8231.765483
  32.123618 8237.508318
  37.623115 8226.429277
  24.113070 8231.633004
  29.758701 8227.357629
  90.418541 8236.114765
 105.211560 8236.751743
  65.071149 8221.258398
  49.509601 8218.996771
  36.775906 8225.902816
  35.627938 8229.682633
  24.064254 8224.320144
  51.560169 8231.843768
  54.791494 8224.614214
  62.183847 8229.791942
  48.437404 8228.950707
  45.390244 8235.145835
  41.273201 8234.915730
  29.403373 8236.613171
  22.065616 8225.645479
  10.977004 8230.055970
  34.146517 8241.703165
  15.288590 8228.004822
  26.613232 8232.399094
  33.974704 8233.668751
  20.369778 8234.322817
  53.696913 8226.732393
  29.060237 8235.969991
  61.321273 8242.909069
  63.275110 8232.868834
  58.164873 8233.153840
  55.509424 8232.341140
  33.766775 8225.502510
  51.223000 8237.043486
  53.280549 8235.794856
  39.176474 8225.581306
  50.326133 8233.430882
  49.541192 8224.094033
  50.268301 8232.225262
  36.844071 8230.935780
  26.757760 8230.847877
  19.205099 8233.390030
  51.168386 8230.086554
  43.767513 8229.765195
  28.890166 8237.186179
  24.239162 8234.602134
  54.147292 8237.685647
  53.273235 8233.902739
  14.254363 8237.906863
  23.675033 8235.398501
  11.287886 8233.409635
  24.938490 8237.749062
  20.615392 8235.710004
  34.630628 8232.115609
  30.021837 8227.887178
  68.821664 8226.738775
  33.584908 8221.582905
  32.696996 8229.174048
  39.409241 8216.670920
  35.345189 8225.646349
  26.907347 8223.063960
  33.215580 8219.695890
  30.851725 8219.882776
  45.158703 8231.673542
  63.340838 8223.075899
  80.172556 8224.598705
  49.586462 8223.938305
  74.983495 8224.877825
  66.776814 8216.495937
  47.339060 8228.477920
  37.227186 8230.007147
  49.671835 8228.523585
  71.370701 8230.870154
  43.333895 8228.420514
  24.320730 8224.876253
  41.074874 8231.453078
  49.477357 8230.972287
  45.736559 8226.387178
  30.914751 8230.485185
  42.633781 8229.734651
  42.714199 8231.301875
  23.759936 8219.875254
  44.685158 8228.143355
  54.010317 8231.430197
  27.598318 8224.362873
  19.504184 8226.759926
  34.896965 8228.667490
  25.783130 8230.431907
  47.424261 8230.777093
  50.807812 8226.554754
  40.460491 8235.333974
  45.155718 8236.782300
  43.455605 8234.870867
  65.517397 8238.153797
  35.425194 8234.262276
  40.542925 8234.402638
  33.448924 8223.650208
  47.575001 8223.616807
  36.894240 8234.102541
  42.309893 8233.586168
  62.155847 8235.119087
  35.487655 8225.994143
  15.229849 8226.163213
  54.801503 8223.627646
  26.432179 8228.083231
  37.217166 8226.453873
  55.802178 8224.538309
  62.019505 8220.033185
  38.158751 8225.914818
  27.514990 8223.532477
  41.262088 8224.900368
  39.068066 8209.512708
  35.827621 8229.634427
  34.086871 8231.387593
  28.342184 8230.107195
  21.808371 8220.065452
  37.946509 8232.692025
  37.028812 8226.326903
  11.298323 8230.552949
  35.918893 8229.085216
  26.121961 8223.958170
  16.810574 8224.615075
  38.392343 8229.262140
  25.481147 8228.186111
  20.540686 8225.387308
   9.052844 8224.444572
  20.172982 8225.751810
  12.048180 8235.378357
  26.948487 8225.972592
  53.233153 8235.932670
  39.619398 8220.661022
  38.749516 8218.274921
  16.260766 8217.060791
  25.127643 8222.058976
  22.702213 8229.070918
  25.080565 8233.140406
  17.441755 8228.029741
  25.849299 8225.490694
  52.799669 8236.106371
  23.441646 8223.815230
  31.020978 8234.318935
  24.814490 8226.716063
  36.354278 8235.206155
  54.904068 8227.076707
  35.715576 8226.885148
  42.944739 8230.445786
  53.310469 8229.825234
  33.025431 8227.789654
  36.688226 8235.692695
  26.603338 8227.946527
  42.997396 8227.332861
  36.011859 8232.501260
  29.910090 8229.958105
   8.478403 8226.154100
   5.457232 8224.445388
  28.651756 8227.803535
  21.870055 8232.669913
  45.969469 8228.883893
  31.098741 8227.517190
  23.999190 8225.056054
  34.569096 8232.602846
  33.102947 8236.978989
  21.204530 8233.810734
  38.403261 8222.173315
  24.526137 8234.339409
  60.356102 8226.008615
  17.736924 8238.012176
  30.650907 8232.712541
  23.377065 8233.628534
  25.730522 8220.260472
  36.197181 8229.228838
  34.073087 8236.614752
   4.936857 8220.918763
  24.805849 8216.755374
  29.908259 8225.617589
  33.815889 8226.924473
  50.994303 8231.100957
  48.357598 8231.835587
  26.313836 8233.547247
  42.426173 8217.056164
  43.868634 8237.093611
  51.891352 8232.020314
  32.600128 8228.144159
  56.592704 8234.653509
  46.307086 8230.191849
  69.260966 8230.814865
  56.083010 8235.029674
  43.538775 8239.257753
  64.237346 8236.799746
  34.902359 8232.580858
  18.486581 8234.149938
  34.169928 8233.078643
  39.878047 8227.068653
  24.055088 8220.181591
  14.939599 8227.941706
  42.473653 8205.435814
  34.405438 8214.770372
  25.066912 8226.161922
  41.699411 8226.555744
  25.355723 8227.005135
  44.744014 8219.599225
  45.434742 8216.763488
  28.616555 8220.777865
  47.835183 8221.921508
  44.928864 8213.204846
  33.517442 8224.165440
  30.201347 8222.776459
  51.073808 8227.241867
  55.958361 8227.260959
  46.685562 8216.834998
  59.190013 8227.346819
  30.605679 8221.878615
  51.475928 8223.166796
  45.541095 8222.725100
  38.560837 8223.815340
  36.659934 8221.976569
  11.874249 8223.582489
  29.101395 8218.275803
  27.960942 8222.426775
  35.046704 8224.966217
  19.297281 8226.947038
  35.208721 8223.981947
  33.790900 8232.011071
  27.010623 8224.776800
  32.970799 8221.710178
  30.344355 8227.051490
  25.879801 8229.876840
  16.276668 8226.775542
  31.649653 8228.393548
  14.857467 8228.884488
  14.518659 8232.511237
  29.585844 8232.243696
  29.370556 8217.001177
  40.978924 8231.734524
  12.892695 8226.354250
  21.799200 8220.803079
  19.526507 8230.125347
  25.296798 8230.605079
  20.001481 8229.157455
  31.239075 8227.335131
  13.972826 8234.620519
  24.518774 8232.651044
  20.502842 8238.730824
  14.343439 8229.739667
  14.893167 8231.720776
  27.239800 8228.188691
  30.728969 8226.333224
  10.822824 8221.770670
  26.877625 8231.523126
   3.729751 8226.256580
  17.145911 8218.438461
  30.412787 8229.983251
  68.407746 8231.491576
  53.077491 8231.491208
  28.218656 8224.099972
  44.311709 8233.838245
  26.756486 8233.838039
  24.087176 8228.873664
  37.036683 8229.425225
  45.070783 8233.741826
  33.614284 8223.866796
  46.276861 8231.747074
  35.809205 8222.373955
  24.717704 8216.153103
  24.175799 8226.844591
  16.862102 8223.588654
  31.093017 8229.940150
  40.404508 8224.387951
  14.016990 8226.515621
  25.031519 8227.843732
  43.620739 8221.511531
  18.947695 8228.879044
  23.843693 8223.911945
  29.764455 8229.112202
  11.713423 8228.658148
  18.224706 8223.525115
  47.813823 8223.612054
  27.053791 8218.045475
  24.511274 8225.455257
  23.776181 8226.661013
  38.030921 8225.893119
  44.108812 8228.793439
  58.124670 8228.435409
  51.890250 8220.970759
  39.838695 8227.380337
  39.307502 8226.089021
  47.178502 8229.468079
  56.249055 8215.794082
  37.225777 8224.379194
  28.233308 8219.708817
  26.283491 8223.837971
  50.118110 8226.732327
  30.310211 8218.499181
  42.486813 8219.536857
  44.974942 8229.829634
  22.001732 8226.338874
  17.029386 8232.626283
  22.630332 8224.483580
  40.358079 8230.876464
  33.339988 8225.917751
  78.301453 8231.702662
  53.802968 8230.788187
  79.347294 8231.985321
  61.328591 8230.688970
  86.489951 8226.601017
  53.482851 8230.477652
  55.323070 8230.267029
  43.886597 8226.433469
  55.789915 8234.184676
  32.275240 8230.203503
  28.699169 8217.401430
  47.732971 8231.808306
  77.996402 8227.756774
  51.932376 8231.500946
  37.417315 8235.788562
  33.226261 8232.813509
  45.697663 8224.309246
  62.943386 8230.813750
  50.952698 8230.441900
  51.102838 8228.145957
  54.312881 8235.937519
  70.551577 8233.548370
  56.565310 8232.093475
  44.519057 8237.690497
  29.713093 8228.423505
  38.435245 8233.477969
  53.045499 8221.738840
  46.789722 8231.978897
  45.405841 8232.087436
  33.899209 8232.080467
  40.455236 8233.525849
  38.246520 8227.339930
  23.238296 8232.502191
  25.855968 8236.364028
  15.890620 8226.572309
   8.893430 8235.714203
  27.662132 8232.176577
  34.911480 8229.307543
  29.475977 8228.694478
  47.414831 8236.785586
  49.643892 8241.113529
  46.007396 8235.917421
  54.360047 8229.415534
  31.648980 8236.263439
  25.241724 8230.972290
  24.288051 8233.033290
  48.598163 8242.331710
  40.277882 8228.706525
  45.146697 8235.088775
  47.920872 8232.782829
  11.266065 8239.825937
  22.848567 8236.855493
  17.201251 8240.686339
  22.351194 8240.161196
  39.539026 8238.315179
  47.153527 8231.878431
  47.494017 8224.685241
  29.655425 8224.745400
  55.351953 8233.543397
  58.762998 8234.805550
  50.256204 8234.049479
  47.504904 8232.376949
  49.055553 8234.037369
  47.244382 8235.132589
  52.384463 8233.678772
  47.966130 8235.643593
  31.723006 8232.663263
  51.285557 8234.383967
  42.688466 8235.299679
  34.274015 8231.196430
  37.199769 8231.940666
  23.017311 8225.861319
  36.641798 8236.548545
  36.353870 8224.681776
  38.434341 8227.143772
  30.363014 8235.871864
  40.401182 8230.504225
  54.806672 8223.439708
  46.157852 8212.882750
  32.307336 8229.844376
  34.599277 8224.568890
  48.274333 8227.198099
  52.214444 8221.825343
  49.028385 8225.291728
  39.924545 8231.041992
  33.703624 8222.573032
  33.278778 8224.734573
  48.570591 8214.741559
  29.636863 8227.502274
  48.389185 8232.584444
  38.141925 8219.458269
  62.039308 8223.720927
  55.796166 8226.732469
  40.568239 8222.350422
  64.323191 8216.326212
  36.627872 8225.754927
  47.091539 8222.566811
  66.364250 8218.627915
  31.090604 8230.655505
  35.073905 8223.367400
  37.333807 8228.726439
  22.334743 8222.232182
  35.058683 8221.628836
  41.051262 8229.465025
  28.173537 8221.846679
  43.499104 8233.702954
  42.693736 8227.295136
  34.403985 8228.542502
  24.912960 8223.648720
  39.996920 8221.253960
  66.059833 8233.399761
  48.163433 8223.775581
  51.669617 8224.878997
  34.083242 8223.244337
  47.503619 8220.255153
  56.794450 8226.216890
  37.148378 8229.956373
  75.523163 8219.575185
  66.112366 8232.430936
  68.676472 8234.826183
  55.337874 8228.945067
  68.399007 8226.839734
  66.619266 8234.328451
  35.229679 8228.043539
  49.068923 8229.373756
  46.563940 8225.164238
  41.969838 8228.162058
  24.144147 8226.316782
  27.324644 8224.349630
  22.498563 8226.540854
  28.980033 8228.631344
  31.584212 8224.240871
  45.451005 8228.997280
  60.830044 8220.082167
  53.532267 8224.747294
  31.210972 8231.528937
   8.852634 8233.691567
  14.668858 8232.242862
  20.754732 8227.894020
