0.547453 1.597831
0.568587 1.396804
0.568793 1.653803
0.560650 1.618327
0.560152 1.546939
0.581833 1.258723
0.600170 2.449558
0.548396 1.760807
0.569504 1.012473
0.568227 1.553613
0.559449 1.392167
0.546848 1.696490
0.554226 0.983328
0.523611 1.428922
0.534215 1.328048
0.537704 1.495157
0.556385 1.596764
0.553253 1.241977
0.473650 1.011996
0.504649 1.533950
0.514726 1.676052
0.476710 1.203144
0.460449 1.584871
0.474001 1.510713
0.500871 1.523346
0.476053 1.624472
0.494228 1.613759
0.457786 1.644201
0.516579 2.349632
0.511130 1.584543
0.500229 1.682845
0.528512 2.308552
0.537134 1.072955
0.563673 1.896917
0.545558 2.749085
0.510664 1.049460
0.488514 2.023195
0.531952 1.399192
0.514457 1.608179
0.494760 1.403632
0.512066 1.501240
0.515152 1.180580
0.545899 2.063000
0.575392 1.954257
0.579144 1.318715
0.606223 1.626688
0.583164 1.200491
0.577444 1.550672
0.559390 2.031943
0.539141 1.859013
0.561368 1.393075
0.581629 1.566102
0.580054 1.267743
0.566052 1.768732
0.593172 1.401023
0.586825 1.578067
0.598180 1.498758
0.584714 1.429096
0.550335 1.038016
0.550950 1.366781
0.521731 2.088596
0.520201 2.185010
0.557812 1.799513
0.560842 1.074199
0.528708 1.514135
0.519714 1.319496
0.541247 1.211549
0.529776 1.621014
0.489112 1.104961
0.514696 1.440504
0.520760 1.499479
0.521979 1.846617
0.581477 2.766470
0.558273 2.111686
0.562634 1.719696
0.528761 1.477439
0.547635 1.319067
0.555976 1.217914
0.562534 1.393736
0.534678 1.195280
0.555854 1.042084
0.587026 1.778104
0.587095 1.439463
0.586683 1.462619
0.583837 1.120676
0.539545 1.826574
0.577856 1.576422
0.579230 1.995076
0.575977 1.850795
0.585369 1.958216
0.599178 1.080204
0.596589 1.635599
0.547853 1.856192
0.555904 1.025721
0.583758 1.444626
0.592198 1.962068
0.589631 1.651714
0.563455 2.945742
0.533457 1.707269
0.570411 1.058540
0.566371 1.312640
0.540408 2.416961
0.550520 1.385490
0.570194 1.210541
0.561680 1.473715
0.549649 1.378821
0.550398 2.091270
0.530055 1.149390
0.547124 1.176218
0.558287 1.204380
0.503861 1.678812
0.515019 1.042828
0.518967 1.671977
0.552610 1.219223
0.536948 1.385176
0.533243 1.817699
0.505808 1.873514
0.502070 1.799725
0.489109 1.819496
0.488601 1.600980
0.445619 1.552605
0.457841 1.838803
0.442991 1.339095
0.445327 1.383391
0.441379 1.186015
0.406250 1.762494
0.424352 1.388586
0.456081 1.532869
0.468259 1.388013
0.467297 1.663842
0.455967 2.187741
0.441535 1.962548
0.447289 1.654391
0.417245 2.500014
0.433119 2.534136
0.425883 1.957744
0.410745 2.173959
0.448645 1.600369
0.466836 1.239604
0.480000 1.578333
0.469288 1.920058
0.514425 1.791002
0.518968 1.305094
0.521602 1.441657
0.495202 1.441809
0.506458 1.757575
0.501378 1.773718
0.504606 1.107664
0.516677 2.112195
0.463481 1.261331
0.502354 1.621303
0.475775 1.538305
0.436211 1.331820
0.452892 1.634641
0.397783 1.927482
0.381871 1.418751
0.418871 1.594077
0.392599 1.540323
0.379289 1.072798
0.389160 1.161478
0.398981 1.561454
0.460713 1.007882
0.404516 0.925602
0.426976 1.599433
0.406292 0.987624
0.428175 1.563233
0.436366 1.974127
0.415808 1.144581
0.411734 1.750755
0.377249 1.002088
0.386095 2.211248
0.359635 1.359344
0.390770 1.911824
0.353460 2.026569
0.388438 2.001774
0.401284 1.322611
0.415068 1.540945
0.412356 1.758125
0.421130 1.740086
0.432446 1.626280
0.471518 1.752752
0.464853 0.847132
0.460934 1.211730
0.454325 1.787828
0.429172 1.506422
0.420257 1.646773
0.441294 1.362759
0.414907 1.230402
0.385727 0.941273
0.390753 0.937517
0.371582 1.028120
0.392188 1.245663
0.415552 1.618720
0.409854 2.150011
0.409573 1.445806
0.420854 1.114054
0.467625 1.023493
0.437669 1.583245
0.420635 2.377344
0.432961 1.491212
0.429184 0.943487
0.466501 2.060038
0.457800 1.500057
0.466516 1.310414
0.498941 1.637553
0.489517 1.734256
0.504746 1.908008
0.528333 1.293842
0.497920 1.081971
0.494191 1.759070
0.453668 1.544150
0.450735 1.038958
0.497351 1.692686
0.439812 1.229986
0.501567 1.333917
0.503881 1.564635
0.514448 1.181560
0.527663 1.222441
0.549207 0.910199
0.556609 1.173408
0.608141 2.317202
0.583963 1.165384
0.595512 0.768871
0.580399 2.018526
0.584219 1.880903
0.588650 1.525254
0.573850 1.732469
0.564533 1.567449
0.602834 1.762282
0.587400 1.075886
0.628328 1.117111
0.646958 1.778150
0.618246 1.594495
0.646519 1.984604
0.641062 1.782153
0.659684 1.856625
0.636499 1.863578
0.644847 1.907718
0.662545 2.563569
0.661203 1.064946
0.651246 2.013464
0.681482 1.569296
0.663104 1.953835
0.698868 2.759908
0.667763 1.668389
0.637686 1.517906
0.677357 1.666929
0.692238 1.437825
0.661767 1.253829
0.667473 1.621870
0.662282 1.600269
0.646379 1.177817
0.640078 1.329733
0.642096 0.892231
0.635376 1.831618
0.662973 3.591591
0.645407 1.440170
0.661732 1.730140
0.668768 1.816308
0.650835 1.134384
0.696858 1.287429
0.713293 2.107315
0.723008 1.876623
0.693218 1.038504
0.715514 1.522051
0.738167 1.384177
0.715891 1.428586
0.749216 2.691381
0.753770 1.287297
0.778052 1.460029
0.763748 1.546144
0.772623 1.833156
0.729703 1.331676
0.747251 1.946709
0.768023 1.455702
0.739023 1.522903
0.719692 1.498609
0.748047 1.470144
0.720145 1.608100
0.756010 1.645042
0.769757 2.853129
0.755025 2.407920
0.743610 1.574290
0.767479 1.537335
0.777081 1.277878
0.763496 1.802201
0.765893 1.889483
0.709258 1.486688
0.748293 1.610290
0.713195 1.471440
0.752605 1.480914
0.757358 2.321673
0.760465 1.850480
0.741877 1.929643
0.725266 2.349150
0.741855 3.067971
0.714189 1.556869
0.727056 1.387979
0.738216 2.836874
0.743441 1.704630
0.726783 1.235842
0.749389 1.969031
0.743226 2.036077
0.708186 2.198445
0.691094 2.083214
0.687395 2.200136
0.693461 1.807333
0.668251 1.244780
0.649197 1.092406
0.658345 1.845173
0.641499 1.317777
0.655678 1.509876
0.631898 1.182352
0.638244 1.181211
0.645013 2.195265
0.631755 1.321332
0.638931 3.161625
0.673047 2.242332
0.713309 2.438645
0.723367 1.285656
0.728279 1.859694
0.731434 2.792474
0.710744 3.417077
0.691516 1.507563
0.698950 1.688101
0.709430 2.329724
0.709726 1.551617
0.726713 2.921306
0.749568 2.483124
0.725346 3.009673
0.711444 1.498148
0.722898 1.717471
0.730193 1.347428
0.756684 2.043311
0.745776 1.263297
0.735744 1.086073
0.746858 1.259505
0.714292 1.715875
0.718008 1.164870
0.702616 1.523956
0.659503 1.123768
0.657935 1.191737
0.643139 1.019960
0.636519 2.201194
0.694137 1.729841
0.676403 1.608452
0.699202 1.519728
0.679971 1.517622
0.653895 2.386139
0.661932 1.590032
0.653400 1.086818
0.652646 1.358460
0.625411 1.893178
0.627831 2.316584
0.595651 1.338671
0.608720 3.149200
0.617642 2.152300
0.619405 1.089208
0.625925 1.679074
0.624647 1.671492
0.608235 1.228639
0.594168 1.372262
0.594094 1.490572
0.557844 2.225399
0.560807 1.473348
0.551527 1.412185
0.589694 1.675922
0.582624 1.708739
0.563139 1.987341
0.564100 1.647737
0.567780 2.876723
0.588990 3.020474
0.578154 1.557781
0.584701 1.105530
0.556321 1.733955
0.559526 1.754695
0.578745 1.132176
0.563474 2.436324
0.593055 1.868925
0.622680 1.679136
0.613957 1.901281
0.640181 1.697471
0.613076 1.756043
0.628091 1.348136
0.640169 1.863232
0.643429 1.668535
0.647972 1.918349
0.671550 1.625078
0.653121 1.668480
0.639722 0.950834
0.612672 1.059921
0.638930 1.482465
0.649076 1.223060
0.618078 1.005766
0.656239 1.339811
0.628242 3.632342
0.612805 3.466749
0.576483 1.794279
0.582779 1.690306
0.608570 1.814616
0.613354 2.347033
0.646665 2.079338
0.646060 1.849926
0.668557 1.758929
0.646635 1.826190
0.665335 1.258078
0.666455 2.030971
0.637550 1.231818
0.615966 1.064872
0.621771 1.191484
0.642201 2.906820
0.638284 1.171327
0.653726 1.493420
0.608779 1.542738
0.620032 1.209313
0.640976 0.908387
0.634396 1.310442
0.635334 1.429355
0.617570 1.683679
0.650929 1.483170
0.653549 1.668463
0.636768 1.347634
0.618808 1.841378
0.641480 1.693664
0.637181 1.199141
0.606916 1.450916
0.634196 1.369674
0.617775 2.357961
0.597747 1.693290
0.592574 1.874537
0.605603 2.770716
0.559417 2.452279
0.569350 1.092083
0.588605 1.548325
0.580725 2.192106
0.583365 1.732077
0.560918 1.518615
0.554481 1.938906
0.590219 1.313778
0.565473 0.988313
0.574789 1.569518
0.548199 1.434683
0.565114 1.805922
0.599371 1.818105
0.560879 1.426311
0.571908 1.598342
0.571219 1.100688
0.580113 1.199880
0.585968 1.211211
0.589324 1.865500
0.601830 1.554173
0.561813 1.219934
0.574964 4.536813
0.523844 1.628520
0.556818 1.479632
0.542042 1.852783
0.549155 1.199250
0.546093 1.233917
0.582060 1.769838
0.598327 1.325911
0.584554 2.366337
0.604619 1.427185
0.594821 1.887435
0.571333 2.120194
0.594568 1.227288
0.556395 1.666713
0.585797 1.351122
0.570854 1.754151
0.584667 2.403301
0.600918 1.373843
0.591305 0.993291
0.600575 1.188418
0.636757 1.442839
0.647412 1.722265
0.627260 1.486781
0.643470 1.328568
0.622456 2.130163
0.623406 0.886779
0.613213 1.246181
0.615328 1.195931
0.617317 1.859386
0.628119 1.515258
0.641146 1.592031
0.618220 2.545929
0.625859 1.726843
0.595647 1.277466
0.619102 1.192878
0.628486 1.773235
0.632931 1.337204
0.631581 1.901472
0.623886 1.425758
0.654874 1.341701
0.652517 1.221867
0.644988 1.761704
0.629493 1.906970
0.625976 1.232715
0.623469 1.447126
0.651106 1.444327
0.606434 1.096557
0.585348 1.236210
0.626423 1.554633
0.652428 1.133216
0.648002 1.633604
0.648240 1.546771
0.664976 1.301404
0.687935 1.248903
0.663694 1.397969
0.629398 1.706673
0.609616 1.100507
0.581643 1.255753
0.608837 1.955887
0.615911 1.526392
0.592426 1.568384
0.631281 0.955163
0.613225 1.361746
0.612905 1.803117
0.587188 1.723406
0.607576 3.137473
0.508114 1.005484
0.531656 1.149654
0.526301 1.509301
0.487934 1.297040
0.489565 1.660530
0.517198 1.212512
0.518772 1.179819
0.544721 1.409982
0.553258 1.852259
0.561252 1.916586
0.589193 1.579333
0.581182 0.964861
0.587965 1.361320
0.614396 0.991791
0.625578 1.618667
0.640081 1.906312
0.633295 1.269861
0.628953 1.513199
0.639000 3.466482
0.620228 1.109825
0.630228 1.753195
0.607309 1.317459
0.633289 1.235301
0.625124 1.626758
0.606644 1.227532
0.593338 1.392463
0.563285 1.519990
0.601812 2.325034
0.633520 1.555739
0.616853 1.247219
0.625623 1.290065
0.628591 1.294556
0.588871 0.962184
0.603751 1.155325
0.614002 2.576339
0.640890 2.048850
0.664976 1.300437
0.641283 1.778337
0.641190 1.269318
0.635879 1.527845
0.639710 2.037838
0.628615 1.474017
0.653315 2.008696
0.668337 1.149362
0.682636 1.375470
0.688811 1.364167
0.705820 1.462779
0.688328 2.504419
0.700394 2.029133
0.687247 1.564657
0.699303 1.229734
0.709701 1.702664
0.695398 1.441448
0.740173 1.474720
0.711457 1.067016
0.648161 1.985677
0.642680 2.049755
0.649751 1.584617
0.656513 1.096813
0.669793 2.289676
0.647445 1.818974
0.651981 1.531677
0.631417 1.942357
0.618361 1.868029
0.549115 1.562431
0.583108 1.089942
0.581107 2.136398
0.540769 1.419390
0.569228 1.499869
0.575017 1.758145
0.581948 1.509786
0.541146 1.377858
0.567576 1.319972
0.556636 2.769696
0.569943 1.245469
0.555833 1.536107
0.550746 2.049361
0.504599 2.433004
0.477928 1.309387
0.511931 1.173152
0.503067 1.288794
0.508799 2.321351
0.539991 3.349600
0.527925 2.431927
0.513999 1.788259
0.521514 1.876818
0.478705 1.364285
0.484097 1.299042
0.488266 1.636068
0.500932 1.722737
0.501757 1.340156
0.494123 1.078359
0.502820 1.408359
0.530537 1.738438
0.531566 2.040038
0.528350 1.538977
0.509178 1.038924
0.520151 1.210259
0.515159 1.526728
0.488007 2.086203
0.478310 1.543952
0.487159 1.189229
0.498777 1.100944
0.497185 1.523886
0.527844 2.047262
0.524058 1.594445
0.512285 1.463618
0.504107 1.339908
0.512058 1.615476
0.524307 1.412016
0.500724 1.519951
0.507957 1.059848
0.521085 2.177049
0.545422 1.968042
0.552144 1.565782
0.521164 1.324272
0.543144 1.257911
0.570414 1.654846
0.576698 0.837529
0.570230 1.293841
0.543795 1.045502
0.588250 1.858677
0.574016 1.834916
0.530192 1.926773
0.516576 3.208644
0.553845 1.301034
0.533059 1.264024
0.556565 1.147314
0.570402 0.986266
0.535799 1.290264
0.544714 2.297262
0.552154 1.864911
0.544930 1.271406
0.597807 1.816822
0.612192 1.529769
0.586046 2.175925
0.548777 1.667553
0.506572 2.214562
0.560656 1.358026
0.592275 1.210498
0.567232 1.196816
0.577521 1.499928
0.575608 1.563783
0.553487 1.466692
0.539261 1.770783
0.531030 1.394148
0.542355 1.757844
0.513272 1.538106
0.483316 1.028660
0.485538 1.445331
0.508058 1.820306
0.478485 1.942442
0.506823 1.157604
0.458171 1.182117
0.508840 1.842371
0.504110 1.736687
0.458170 1.315201
0.478375 1.253766
0.465887 1.479530
0.473439 1.628666
0.466187 1.297957
0.444014 1.667170
0.461831 1.497010
0.441426 1.201531
0.438143 1.384073
0.410149 1.235562
0.442517 1.221750
0.438953 1.604054
0.443036 1.270570
0.437614 1.845418
0.425876 1.316168
0.410723 1.299117
0.453102 1.423064
0.435412 1.109944
0.436966 1.040779
0.430583 1.942499
0.457949 1.230079
0.457813 1.067011
0.479703 1.412665
0.507565 1.880281
0.495552 1.344830
0.471746 1.223898
0.551729 1.093295
0.558636 1.512484
0.495348 1.615825
0.497060 1.449002
0.531105 1.127552
0.532566 1.670966
0.516551 1.377877
0.498566 1.443698
0.455079 0.973589
0.445629 2.450731
0.459098 1.384073
0.466118 1.442509
0.472520 1.785724
0.497099 1.256932
0.499115 1.652348
0.488421 1.210600
0.494242 1.567716
0.462354 1.980558
0.467342 1.848758
0.483138 1.580555
0.493372 1.557819
0.515544 1.922804
0.519291 1.822792
0.501658 1.546402
0.509848 1.033953
0.514198 1.053623
0.536784 2.087613
0.532475 2.134609
0.519531 2.061567
0.537975 2.293015
0.564603 1.393824
0.559536 1.246869
0.597463 1.402516
0.560304 1.906225
0.566244 1.918891
0.593124 2.257592
0.577893 1.548485
0.570095 2.182446
0.580013 1.341868
0.580568 0.846411
0.569776 0.937361
0.580336 1.306862
0.571517 1.835962
0.568125 1.742176
0.574720 1.380967
0.572014 1.247204
0.593029 1.317184
0.577145 1.918358
0.533800 1.762035
0.529422 1.661555
0.534231 2.004370
0.541299 1.054439
0.537377 1.341531
0.552981 2.017006
0.545699 1.586684
0.539496 1.054223
0.522294 1.204079
0.543412 1.326517
0.539401 1.137655
0.493729 1.021071
0.500573 1.025477
0.496009 1.856928
0.524909 1.231092
0.485839 1.966144
0.485957 1.567881
0.513298 1.770826
0.507414 1.547284
0.535295 1.671963
0.526454 1.140342
0.553922 1.238867
0.523496 2.237655
0.512851 1.818643
0.520859 1.482137
0.521303 1.824478
0.550134 1.131595
0.515249 1.032443
0.552064 1.572024
0.508167 1.313495
0.479667 1.389317
0.519305 1.542483
0.524288 1.508835
0.544765 1.050536
0.583413 1.576305
0.610158 2.913751
0.594070 1.577689
0.618521 1.244481
0.562885 1.121373
0.596456 2.051095
0.563242 1.496781
0.615270 2.035307
0.617604 0.984133
0.588185 1.486189
0.569960 1.577735
0.570280 2.371273
0.568113 1.197282
0.563413 1.592846
0.558616 1.415475
0.562293 1.826593
0.578830 0.956412
0.570214 1.542824
0.578757 1.858359
0.559133 1.380610
0.550614 1.509545
0.539059 1.960781
0.588998 1.393834
0.564850 1.320903
0.625525 1.854858
0.605149 1.203390
0.596425 1.595922
0.576355 1.364094
0.583416 1.718845
0.573778 2.523294
0.604994 1.411461
0.599809 2.588042
0.623839 1.446927
0.607206 1.801890
0.596595 1.981430
0.622194 1.688707
0.643000 1.408504
0.634622 1.330884
0.643744 2.791603
0.645449 1.317277
0.645584 1.614606
0.653505 1.679267
0.662846 1.086886
0.656194 1.551197
0.624894 1.614381
0.606334 1.770785
0.633808 1.915689
0.634571 1.399439
0.630526 1.809887
0.612900 1.508580
0.605412 1.104241
0.610468 1.535581
0.602362 1.450852
0.630754 2.402017
0.626557 1.885757
0.587698 2.429637
0.607014 0.948924
0.608518 1.332095
0.627210 1.360736
0.624335 1.028748
0.624242 1.572760
0.618252 2.008614
0.601607 1.911753
0.579995 1.693782
0.580609 1.176545
0.549124 0.952093
0.532127 1.460450
0.544109 1.372767
0.540298 1.782342
0.501157 1.417039
0.512627 1.474650
0.487612 1.892507
0.454314 1.993409
0.497274 1.335907
0.507859 1.513131
0.514570 1.268345
0.504484 1.228317
0.477656 1.475135
0.493811 2.798653
0.458403 2.718146
0.435677 1.271616
0.428647 1.078841
0.467909 1.081727
0.450226 1.513659
0.414927 1.225997
0.411818 1.605396
0.388154 1.120655
0.409659 1.242063
0.376435 1.334196
0.378064 1.701118
0.397052 1.523203
0.369987 1.104896
0.393170 1.967040
0.358017 1.108634
0.393892 1.257156
0.347231 1.284907
0.379124 1.219105
0.389447 1.001865
0.374029 1.038744
0.352199 1.657821
0.343433 0.788043
0.386135 2.017146
0.365881 1.252712
0.290988 1.965994
0.324265 0.911050
0.339165 1.714891
0.338495 1.820085
0.304765 1.462489
0.341472 1.715073
0.350997 1.289752
0.365611 1.533398
0.306241 1.455675
0.334663 2.424999
0.376170 2.614127
0.369315 1.592751
0.396159 1.387979
0.348461 1.661825
0.331471 1.949854
0.334320 1.622260
0.343318 1.901353
0.386320 1.373768
0.428364 1.709604
0.480318 1.442519
0.467842 2.150150
0.444044 2.185820
0.455556 1.629706
0.521357 1.380308
0.547195 1.221705
0.565158 1.994589
0.540324 1.407419
0.520423 1.353784
0.548449 1.694363
0.549433 1.668082
0.457216 1.552015
0.504174 1.462472
0.488274 2.048894
0.492556 1.503065
0.477188 1.332393
0.505262 2.562151
0.526285 1.772611
0.485496 1.828318
0.493768 1.924775
0.484349 1.660126
0.515837 1.534456
0.531546 1.325754
0.510279 1.219783
0.506615 1.455679
0.509279 1.350481
0.519935 1.286382
0.515425 1.506971
0.529017 1.376640
0.485114 0.979618
0.494669 1.948220
0.512136 1.703809
0.452746 1.690169
0.468954 1.329426
0.471226 1.322540
0.453635 1.272217
0.461093 1.763049
0.480430 3.326346
0.450974 1.346243
0.450915 1.175599
0.401277 2.402475
0.420570 1.153704
0.397212 1.343160
0.406317 1.555489
0.364981 1.411949
0.334905 1.378198
0.338237 1.951514
0.315556 1.140148
0.315937 1.429905
0.278355 2.056577
0.266874 1.196395
0.285240 1.300240
0.311141 1.665992
0.351502 1.415717
0.361677 1.777001
0.352747 1.191168
0.341086 1.255797
0.326653 1.985289
0.354651 1.370196
0.325408 1.584221
0.346626 1.036818
0.341837 1.171008
0.350467 2.007281
0.332447 1.069502
0.315981 1.507840
0.295074 1.083151
0.347739 1.905659
0.372120 1.974913
0.358695 1.331867
0.321588 1.277518
0.320954 1.409704
0.323054 1.767749
0.315925 1.216242
0.336064 1.917240
0.379743 1.216386
0.386887 1.169816
0.369118 1.220787
0.412333 1.369845
0.398702 1.788728
0.391675 1.735898
0.374681 1.324749
0.362618 1.373142
0.384337 1.202967
0.388455 1.106175
0.389510 1.165345
0.407678 1.762385
0.368693 1.245689
0.379500 1.271643
0.431221 1.429382
0.394031 2.419974
0.378205 2.097861
0.399763 1.239616
0.410427 1.776692
0.417804 1.347114
0.405363 2.089513
0.398350 1.414729
0.400195 1.662822
0.399985 1.386659
0.396472 1.189827
0.390036 1.739796
0.374217 1.440889
0.384002 0.994484
0.360941 1.464941
0.403847 1.780075
0.407979 1.616801
0.426324 1.160010
0.421579 1.527829
0.419852 1.678046
0.425396 1.133788
0.427953 2.566903
0.408484 1.274281
0.430114 1.529671
0.434163 1.323785
0.450205 2.119224
0.447510 1.269273
0.417201 1.026021
0.438750 2.064712
0.455054 1.111916
0.469183 1.743567
0.492811 1.349888
0.456621 1.703323
0.473004 1.366654
0.473516 1.911072
0.488641 1.581054
0.489707 1.374702
0.527819 2.015571
0.507472 1.519565
0.492686 1.121971
0.540149 1.583759
0.542992 1.139280
0.543749 1.357993
0.579035 2.540417
0.568210 2.360206
0.560600 1.924416
0.546589 1.003970
0.556184 1.198883
0.554428 1.238633
0.536699 1.682660
0.562486 2.121210
0.550356 1.382380
0.548629 1.638589
0.523706 1.349936
0.516301 1.201223
0.534385 2.350376
0.540396 1.283701
0.516788 1.344120
0.464499 2.125715
0.527015 1.393117
0.494904 1.619668
0.480492 1.225516
0.533984 1.372092
0.486568 1.409656
0.503616 1.194635
0.506944 1.641998
0.536947 2.237095
0.501352 1.119069
0.500027 1.510007
0.501916 1.658744
0.538349 1.405770
0.496094 1.358544
0.485494 1.851787
0.511066 1.605856
0.505683 1.523821
0.515365 1.754572
0.548060 1.175473
0.502501 2.117156
0.499101 2.821468
0.564346 1.401025
0.511455 1.372714
0.538299 1.370419
0.544410 1.146368
0.511010 1.294926
0.504150 1.660645
0.502864 2.101470
0.498867 1.490231
0.534950 2.049120
0.545038 1.532420
0.559567 2.310611
0.579569 1.574690
0.569001 2.589392
0.565329 2.018969
0.591927 1.877203
0.536241 1.297118
0.575749 1.892886
0.612328 1.865936
0.613846 2.003889
0.599982 1.813649
0.617585 1.555362
0.629082 1.339298
0.618394 1.596866
0.674221 1.685280
0.643978 1.891878
0.618294 1.618518
0.602864 1.882570
0.617745 2.026938
0.615350 1.329626
0.623035 1.285874
0.648544 1.893004
0.634585 1.368443
0.623178 2.123605
0.615790 1.763633
0.624840 1.293295
0.620057 1.261610
0.609530 1.775725
0.626719 1.885068
0.617207 1.906600
0.634745 1.244110
0.630096 1.596111
0.654599 1.476646
0.663445 2.247929
0.674926 1.041464
0.638904 1.564441
0.623779 2.276484
0.637230 1.524798
0.665834 1.486973
0.705149 1.861687
0.683617 1.293560
0.643423 1.618375
0.668080 1.510477
0.654314 1.352707
0.664790 1.407162
0.655351 1.986098
0.645633 2.349598
0.642315 1.576545
0.636181 1.572429
0.603108 1.520485
0.617394 1.562882
0.592828 2.373596
0.593931 1.722383
0.595623 1.173348
0.574230 1.656155
0.581252 1.179235
0.615202 1.391253
0.574831 1.899212
0.581697 1.224095
0.567446 1.804275
0.567291 1.140267
0.540927 1.695178
0.558196 1.372385
0.549411 1.381278
0.558189 1.375470
0.550657 1.739883
0.577063 1.420346
0.562062 1.516325
0.543261 1.314819
0.580245 1.285761
0.581048 2.294557
0.579088 1.951266
0.545499 1.994466
0.560044 1.493944
0.608921 1.798283
0.598304 1.488996
0.605430 1.989185
0.580504 2.048294
0.570772 1.559818
0.544331 2.271141
0.568261 1.120095
0.531994 2.822511
0.495860 1.541233
0.572479 1.536383
0.520493 1.598987
0.491423 1.342470
0.520083 1.476715
0.515558 1.448396
0.547245 1.179718
0.529247 1.396329
0.566943 1.213274
0.576586 1.866486
0.585837 1.640107
0.586106 1.064175
0.576037 1.373859
0.567211 1.478254
0.566770 1.907261
0.552180 1.547036
0.545288 1.708480
0.519925 1.927967
0.498836 1.880765
0.527199 1.586608
0.505250 1.181405
0.525945 1.313137
0.533965 1.357276
0.576789 1.091253
0.548396 1.388406
0.525232 2.549940
0.543965 1.358398
0.514187 1.735080
0.521131 1.488738
0.528189 1.996770
0.521165 2.054476
0.537654 1.559211
0.532480 1.819051
0.518230 1.599658
0.461806 1.834563
0.475206 1.711457
0.513731 1.675187
0.481644 1.226012
0.522183 1.306113
0.539297 1.066477
0.550946 1.222473
0.552760 1.884059
0.571332 1.665809
0.602467 1.425187
0.626539 1.839332
0.598975 1.194644
0.638573 1.545751
0.602136 1.769449
0.594009 1.452558
0.618452 2.033580
0.614824 1.396845
0.581971 1.376719
0.561599 1.808999
0.587462 1.554904
0.574326 1.375199
0.572380 2.858686
0.585166 1.285725
0.639718 1.626930
0.602161 1.724317
0.569687 0.966484
0.585906 1.680124
0.623648 1.809999
0.604732 1.139552
0.611616 1.287175
0.574565 1.921581
0.579758 1.506699
0.585549 1.623541
0.588073 1.421683
0.600611 1.800667
0.606159 1.181151
0.627415 0.934482
0.645599 2.104375
0.625053 1.478981
0.610734 1.302761
0.559658 1.271596
0.597705 1.452504
0.598000 1.738619
0.586713 1.128519
0.589987 1.493601
0.561670 1.550487
0.581563 1.336024
0.582013 1.056939
0.604787 1.209232
0.617795 1.486274
0.610869 1.650002
0.612820 1.539485
0.601701 1.722445
0.613626 1.550196
0.582492 1.304826
0.551137 2.164182
0.592768 1.954886
0.612423 1.088175
0.629848 1.082728
0.578043 1.723738
0.617826 1.033525
0.633576 1.403285
0.622482 1.598372
0.620494 2.861804
0.626135 2.714192
0.603040 1.160650
0.583866 2.269985
0.576354 1.642826
0.588686 1.874019
0.591497 1.572272
0.574005 1.479763
0.531410 1.298700
0.549572 2.256884
0.532777 1.877905
0.571172 0.957537
0.545170 1.405658
0.553493 1.667248
0.567470 1.682064
0.575520 1.717801
0.552369 0.944973
0.542428 1.387018
0.576499 1.495646
0.546740 1.101782
0.581490 1.421160
0.539033 1.356503
0.530941 1.429740
0.531174 2.211872
0.513623 1.293681
0.542542 1.401526
0.501708 2.016929
0.476937 1.559971
0.446813 1.189757
0.465118 1.175511
0.476493 1.354895
0.494067 1.447361
0.460905 1.788908
0.460623 2.168086
0.448389 0.959635
0.438717 0.922245
0.444183 1.341112
0.436534 1.048141
0.454463 1.752945
0.466313 2.015818
0.467384 2.035826
0.457803 2.569428
0.480231 1.218125
0.500486 1.565255
0.495863 1.094403
0.493472 2.111110
0.512330 1.092400
0.484254 1.378294
0.465340 1.178224
0.456393 1.285664
0.457514 1.142501
0.462478 2.110865
0.463359 1.243606
0.484768 1.531883
0.457174 1.248114
0.432311 1.622547
0.424966 1.228456
0.403374 1.219218
0.438394 1.028384
0.443001 1.784292
0.356719 1.521454
0.365123 1.494650
0.317235 1.580668
0.290608 1.347228
0.292243 0.980323
0.319711 1.310905
0.287060 1.265540
0.353772 1.844361
0.322171 1.092117
0.326269 1.625357
0.362828 1.297857
0.322588 1.046011
0.357516 0.986190
0.409254 2.083958
0.430402 1.107284
0.405625 1.233233
0.393364 0.939008
0.411228 1.197822
0.389657 1.505632
0.389223 0.874267
0.392177 1.646835
0.418460 1.197789
0.406151 2.191758
0.455454 1.237369
0.472507 1.218322
0.449580 1.781979
0.477691 0.920616
0.496563 1.533007
0.499128 1.754351
0.525189 2.017971
0.521690 1.726267
0.525059 1.292650
0.526359 2.285449
0.530531 0.887008
0.537952 1.656837
0.529002 2.605986
0.519745 1.534595
0.501901 1.232874
0.558608 1.390240
0.548033 1.342441
0.559563 1.285799
0.559030 2.022135
0.545819 2.468256
0.590358 1.866157
0.594711 2.211139
0.607534 1.161214
0.595854 1.308084
0.615492 2.183615
0.594207 1.433465
0.579772 4.186201
0.559935 1.411742
0.595063 1.271366
0.583737 1.655840
0.565613 1.321672
0.566350 1.734070
0.599403 1.094105
0.607083 2.147884
0.607010 1.406014
0.635903 1.354206
0.640471 1.235596
0.684710 1.017245
0.667337 1.867047
0.684672 1.552481
0.752282 1.669236
0.762589 1.656513
0.757208 1.211872
0.754022 1.650456
0.723517 1.786970
0.747227 1.582065
0.813572 2.232862
0.769736 1.647850
0.792058 1.694668
0.790275 2.068324
0.816052 1.743542
0.830199 1.405840
0.790977 1.172053
0.782451 1.012685
0.804734 1.939238
0.798271 1.841872
0.783153 1.592919
0.839725 1.824735
0.822437 1.636637
0.836793 1.635652
0.823873 2.472062
0.773808 1.670559
0.799031 1.036991
0.741871 1.564449
0.743357 1.660881
0.712272 2.776250
0.747140 2.135406
0.771072 3.089006
0.743259 1.860668
0.751444 1.879897
0.721583 1.240051
0.719816 1.185376
0.743531 1.502532
0.751059 2.191592
0.735796 1.549820
0.705415 1.965198
0.738216 1.999768
0.713617 1.376141
0.718621 1.739175
0.728696 2.366545
0.712001 1.784534
0.702470 1.673800
0.698720 1.953535
0.700991 1.701093
0.697477 1.560903
0.686547 1.806873
0.675927 1.347974
0.678322 1.617453
0.656463 1.246881
0.636929 1.589602
0.667630 1.186359
0.646205 1.260953
0.613322 2.034570
0.567421 1.360963
0.579031 1.309615
0.603828 1.267100
0.599518 1.452840
0.614220 2.521173
0.619286 1.554147
0.644758 1.279187
0.637811 1.238435
0.615819 1.161135
0.603428 1.561829
0.634284 2.217080
0.671808 1.344591
0.673566 2.068682
0.644184 1.323406
0.669630 2.036631
0.679944 1.702666
0.672235 1.275180
0.688140 1.999686
0.717170 1.582913
0.725217 1.750175
0.722549 1.250988
0.712170 1.272521
0.686977 1.535846
0.696635 1.559687
0.681527 2.154306
0.696335 1.830194
0.665161 1.040423
0.652947 0.959194
0.633727 1.388977
0.647927 2.078191
0.655005 1.545820
0.615386 1.340238
0.622567 1.810143
0.610820 1.290981
0.625982 1.240005
0.612990 1.532887
0.593671 1.833038
0.621776 1.827588
0.600078 1.239596
0.584314 2.385864
0.608642 1.645155
0.610129 1.394668
0.528512 1.356537
0.518168 1.108362
0.525785 1.618385
0.517544 1.392652
0.536192 1.231048
0.528039 1.815417
0.541771 1.408053
0.559044 1.352276
0.536278 1.425953
0.550766 1.955925
0.540114 1.429793
0.536113 2.482273
0.531116 2.561194
0.541669 1.182322
0.511793 1.786183
0.491937 1.494907
0.502706 2.363083
0.473906 1.884837
0.504824 1.527800
0.504100 1.183932
0.555000 1.502422
0.526388 1.489997
