17.3565 -16.4579
16.6842 -16.6337
14.6533 -17.3368
13.8014 -16.6337
13.1176 -17.161
12.0883 -16.6337
9.15157 -13.4696
7.93477 -13.1181
4.44018 -7.66885
4.96575 -6.61416
5.3159 -4.15322
4.61542 -2.21963
6.19037 1.12021
6.3651 4.28428
4.44018 6.04209
4.79061 8.50302
3.03696 9.73349
1.9833 9.38193
-0.653008 7.97568
-2.58574 9.55771
-8.3576 13.2491
-9.05262 12.8976
-11.1292 13.6007
-12.5057 13.4249
-13.1912 12.1944
-15.744 11.4913
-18.0982 11.4913
-22.7097 14.3038
-24.4815 14.3038
-27.3273 15.0069
-28.8778 16.0616
-32.5046 18.171
-32.8006 17.6437
-34.7004 19.4015
-34.1204 21.8624
-33.6827 26.6085
-31.01 30.2999
-28.2603 32.9366
-25.913 32.5851
-24.1612 35.2218
-22.5475 35.7491
-19.7609 34.6944
-18.0982 37.1554
-15.744 40.8468
-10.2656 40.3194
-5.56612 39.089
-2.76133 40.4952
-0.653008 42.4288
4.96575 48.4054
11.7443 51.2179
11.2276 43.3077
12.775 43.1319
16.6842 39.089
17.3565 -16.4579
