-11587279.052513
-11587233.374376
-11688067.485848
-11587228.404617
-11583156.643234
-11578515.328648
-11583587.802954
-11583586.890355
-11576344.720060
-11693312.061926
-11712853.322966
-11701161.913508
-11706905.210096
-11586438.338370
-11761563.243766
-11583644.600661
-11713201.455499
-11695644.953415
-11587437.987016
-11583090.308246
-11576339.369813
-11576296.042956
-11758535.546443
-11583587.002840
-11587586.300515
-11760519.660726
-11697907.487146
-11587485.216663
-11585628.416069
-11579602.675227
-11576295.617790
-11587215.618163
-11693569.929716
-11579875.191486
-11587485.583932
-11585298.819341
-11776332.949169
-11602821.287030
-11576390.249538
-11577514.776689
-11578514.361028
-11587952.647619
-11578514.362082
-11588456.334246
-11623578.396678
-11705413.867445
-11706698.975011
-11576295.347666
