-11539897.056260
-11398355.819753
-11391534.192649
-11365821.172927
-11385102.801738
-11388402.576965
-11381453.672687
-11407175.285191
-11383402.912552
-11375481.967104
-11371202.990683
-11381483.792527
-11378706.864951
-11402718.402226
-11370102.946392
-11353745.531255
-11371801.070648
-11426276.765415
-11381706.243797
-11383958.587529
-11379527.081962
-11368835.793299
-11378510.300219
-11379141.001845
-11395468.611804
-11412925.883621
-11383397.052359
-11384532.089555
-11511224.832701
-11371324.393860
-11382404.948901
-11370071.941575
-11351363.635867
-11393577.041638
-11391956.405034
-11370482.826268
-11552302.629604
-11382254.301711
-11351805.291412
-11380117.607855
-11385049.114970
-11516870.861878
-11508374.222499
-11370143.770882
-11381756.948499
-11351222.857571
-11371256.885145
-11413596.395605
-11399072.619930
-11389389.847578
-11401839.370644
-11378504.888164
-11373789.527265
-11382891.855016
-11380082.431451
-11370341.554897
-11557151.266355
-11362678.170654
-11382272.992228
-11384392.076264
-11372936.178331
-11375290.368858
-11515359.746316
-11382129.203351
-11508798.844255
-11401554.341434
-11402222.613960
-11400587.855476
-11371394.662640
-11384186.510397
-11371472.936817
-11404238.930750
-11384207.230260
-11387653.554904
-11383340.522203
-11376691.232835
-11400843.036301
-11353044.900319
-11370368.239364
-11406915.455609
-11410976.034295
-11402806.231177
-11381102.754998
-11351263.945491
-11379335.008171
-11381080.983423
-11383382.746310
-11351220.013448
-11351592.771892
-11403273.039916
-11372571.470318
-11371306.343891
-11403409.228840
-11401584.548363
-11394769.106017
-11370557.796826
-11384994.369165
-11384096.318193
-11406991.108205
-11370368.442667
