-11160444.812798
-11156143.835270
-11197681.647892
-11187255.309869
-11150318.093532
-11229298.742748
-11164210.472968
-11203427.646649
-11158652.967620
-11187636.315121
-11152321.765348
-11179745.932317
-11158342.720955
-11220019.376763
-11200578.657015
-11182597.412605
-11163719.793996
-11183913.762958
-11154003.569460
-11155630.331502
-11159923.427370
-11155644.219294
-11168249.029182
-11157926.557564
-11176302.840750
-11214347.014721
-11224470.507237
-11157192.006762
-11158889.909741
-11210327.627581
-11201094.662970
-11196396.006706
-11177589.619891
-11214457.721989
-11177696.412008
-11172854.572793
-11168302.093240
-11158029.512372
-11174085.436072
-11204038.558737
-11157862.752918
-11214732.177924
-11160645.250397
-11194043.372170
-11169343.565229
-11206716.351085
-11199478.452457
-11183811.816131
-11171253.611687
-11213797.202956
-11183515.348679
-11204916.364278
-11201636.837189
-11189579.870128
-11225654.537620
-11153497.519157
-11189461.293496
-11208278.477926
-11189926.245605
-11192330.725318
-11149937.496401
-11205413.292963
-11156619.353425
-11156925.772511
-11184051.055673
-11170424.615031
-11157164.554525
-11148808.060784
-11177679.104536
-11149420.930326
-11157780.631408
-11184938.485586
-11201129.263902
-11225542.806504
-11157850.700921
-11174529.509308
-11204226.230309
-11185017.815873
-11149284.047607
-11217436.420182
-11209969.010154
-11156964.099375
-11155796.763910
-11207490.535974
-11164136.702397
-11215575.540597
-11200079.336321
-11163938.885136
-11204797.319143
-11156507.247642
-11208906.023048
-11152507.882291
-11193779.779074
-11172082.835285
-11206108.948164
-11203859.359131
-11191774.700558
-11189470.452609
-11166331.183147
-11402367.791661
