-10986980.238461
-10991048.673576
-11015038.224104
-10981631.377893
-10988698.254849
-10977574.059629
-11007637.351538
-10991891.847941
-11016464.891340
-10990694.532249
-11042512.637387
-10964174.548670
-10982301.013849
-10964851.444345
-10984901.868626
-10984343.904766
-11026947.348118
-10997176.230267
-11023591.841495
-10988623.935659
-10954879.536441
-11018917.197000
-10947024.919900
-11016863.348231
-10984203.244517
-10987898.524530
-10993912.155548
-10985849.679931
-10963755.373844
-10992523.256986
-10966949.491987
-10959938.116359
-10983601.238643
-11001808.630305
-11047065.522699
-11034296.843979
-11002434.297992
-10999361.155242
-11038870.696894
-10968267.737299
-11026818.643299
-11027799.085273
-10965419.353239
-10961967.080828
-10996668.185437
-11050282.461344
-11046052.606713
-10982305.697555
-10993593.972938
-10996410.048270
-11004573.552627
-11048339.391570
-10951138.679349
-11027128.043136
-10972827.314567
-11029764.211560
-10980816.909655
-10977570.386631
-10947036.397729
-11047301.173533
-10965624.550243
-11000898.784966
-11002410.011406
-10961471.733008
-10962935.194071
-10998367.703087
-11045682.651271
-10962868.814059
-11020654.646708
-10991364.490638
-10962108.372742
-10986814.885152
-10980496.031923
-11005430.566797
-10962483.084802
-11044654.983674
-10975796.863293
-10985990.403261
-11031276.651720
-11034187.508150
-10979854.661444
-11130718.861146
-10991304.067989
-11018287.731530
-10986060.490745
-10979135.288722
-10964565.779316
-10965544.761937
-10946815.434099
-11003040.411019
-11029035.519410
-10975444.675597
-10993484.218100
-11007403.436290
-10981946.213900
-10975322.366952
-11022996.554125
-11017475.825192
-10960320.716722
-11031132.882519
