-10831868.156055
-10809420.707719
-10822910.569864
-10872119.725106
-10800184.530287
-10814341.214872
-10760538.126814
-10814010.675069
-10785471.518072
-10863272.824652
-10834295.893301
-10776816.411860
-10863473.829057
-10869800.244624
-10900945.138151
-10792836.763407
-10801942.099546
-10861734.130339
-10801519.769483
-10806870.583786
-10799162.655070
-10798457.825926
-10808227.728271
-10779825.214091
-10806953.779829
-10825003.780158
-10762632.410652
-10836066.109093
-10810035.335655
-10769523.466949
-10829520.455122
-10802728.434443
-10801005.504935
-10865326.451307
-10841156.400704
-10807403.628170
-10923642.102098
-10816293.884786
-10827719.659709
-10822055.319871
-10819314.216336
-10770696.631550
-10813308.168757
-10799968.734137
-10841798.192918
-10869664.872291
-10884241.481206
-10839120.721978
-10763070.019608
-10845020.771033
-10826349.910717
-10807404.039116
-10847584.407799
-10764897.139697
-10762824.495311
-10799451.314606
-10766146.958550
-10813581.188990
-10831903.377693
-10810409.900345
-10817511.266234
-10830577.689753
-10827333.010496
-10823685.111727
-10793876.313906
-10870709.378270
-10813628.191204
-10798818.809658
-10793477.405312
-10830071.827165
-10860541.760729
-10818061.316582
-10849832.854138
-10799137.096612
-10823239.108188
-10884034.883839
-10805000.418646
-10826740.325678
-10834426.980381
-10837472.233700
-10797811.383000
-10824645.957464
-10854181.974063
-10802586.813964
-10816752.643754
-10822032.059850
-10836656.078705
-10827523.854495
-10799916.327338
-10766319.663176
-10823568.170631
-10896659.884374
-10775960.972382
-10791566.872587
-10798307.979814
-10764772.101586
-10779747.841875
-10848271.673013
-10793848.031765
-10876064.798267
