  1.239423  30.692741
 -4.855486  12.188159
  7.837728  28.950955
 -4.389692  33.699815
  9.685592  26.719016
 -1.065047  27.450379
  7.143817  35.350119
  9.583491  33.154749
 -1.487673  15.957007
  9.457680  13.165658
 13.009517 -11.159264
 -4.721598  12.406237
  5.971037   8.535699
  6.669597  -7.359363
 -1.677356  17.699590
-11.896526  25.981795
-18.736721  20.337967
-26.795473  16.708573
 -3.971262  14.039429
 -7.594130  32.981275
 -3.110486  39.011409
-17.307519  29.258086
 15.604667  32.777891
