  26.825413 1126.209118
  38.102291 1123.009790
  46.955592 1126.834095
  48.241858 1120.080002
  48.404586 1123.055805
  23.959668 1130.950180
  56.228772 1123.136864
  25.846735 1125.397911
  34.610611 1119.876012
  42.699252 1121.130381
  28.748319 1121.661262
  43.765065 1125.478089
  49.720851 1123.979741
  37.156130 1124.389804
  37.212120 1119.847339
  41.731850 1112.374009
  45.655107 1116.005637
  38.133642 1123.854247
  62.699871 1122.043697
  32.666892 1125.304997
  51.889029 1126.439578
  36.651797 1124.847426
  31.407100 1122.066869
  50.549969 1123.649882
  68.736568 1109.023152
  40.843855 1122.018194
  51.749486 1117.964599
  44.735378 1128.526132
  30.802828 1134.689836
  38.083615 1125.470444
  40.543394 1130.493059
  50.994450 1124.525786
  55.187327 1125.771139
  82.757667 1123.980407
  73.061232 1121.310044
  39.895589 1118.779114
  74.516028 1118.532149
  46.635052 1121.511311
  61.418323 1120.833442
  70.990519 1113.672055
  58.334776 1123.947965
  67.033343 1117.982306
  44.786731 1122.205800
  46.059099 1120.920346
  44.712821 1116.717784
  34.678323 1113.517747
  49.391037 1119.456945
  45.171998 1120.097344
  44.903758 1121.024259
  45.198127 1118.883495
  37.906175 1114.731171
  37.494482 1106.875036
  46.938045 1114.362090
  34.516261 1118.417796
  42.443958 1124.644210
  59.585135 1117.523020
  48.186298 1125.608839
  37.043972 1119.487265
  26.475474 1128.877506
  39.468678 1124.351019
  60.565969 1118.392259
  40.061407 1129.757566
  67.553702 1124.214375
  27.231881 1125.356238
  50.944547 1117.294559
  34.613001 1118.200720
  29.464422 1127.210530
  47.508915 1121.573421
  49.320919 1122.055713
  55.945145 1113.803173
  80.724277 1116.768528
  53.805079 1118.836052
  49.712704 1125.001585
  36.352879 1111.630443
  53.787278 1115.200638
  61.277323 1117.573874
  59.729542 1124.445862
  55.621143 1121.949550
  34.472902 1121.012215
  51.239650 1114.059833
  53.258999 1120.225887
  39.591919 1115.654733
  39.010194 1122.984303
  44.387177 1120.068125
  62.607507 1119.389524
  49.247746 1120.374380
  52.428390 1118.599616
  31.954698 1127.956704
  46.212164 1121.747998
  17.112133 1128.125727
  25.206900 1131.272236
  27.516403 1123.675610
  28.891669 1123.430637
  46.494186 1127.609331
  52.766981 1121.015770
  86.968609 1119.966637
  65.026227 1116.447298
  47.860048 1116.982995
  26.647683 1118.968659
  47.057228 1121.294076
  46.690358 1120.659773
  23.158839 1116.814721
  46.429031 1124.498790
  32.345318 1121.131020
  52.267643 1138.244323
  19.664276 1131.019745
  43.375272 1127.299680
  37.681802 1118.710244
  40.110907 1120.242905
  56.713489 1121.598830
  54.277295 1121.465231
  59.867378 1118.327039
  41.606809 1119.217791
  46.791161 1116.943876
  54.204027 1116.657285
  39.657234 1120.525364
  53.696920 1115.155963
  38.423242 1114.078681
  47.304768 1126.657639
  37.630931 1122.769664
  71.558047 1117.683475
  46.617192 1128.180647
  57.061710 1124.399494
  73.294017 1125.121273
  36.055812 1126.630515
  38.161363 1120.726224
  46.124178 1116.426582
  55.429158 1121.637925
  40.676468 1124.201085
  34.773665 1120.346573
  31.228258 1126.974671
  57.910893 1129.117376
  46.178533 1126.851995
  33.995878 1122.935788
  54.900658 1127.456311
  52.912304 1120.929064
  71.082485 1126.303458
  36.167032 1115.842634
  51.249614 1127.495892
  31.972555 1125.982787
  45.802780 1122.368653
  21.617880 1127.473259
  38.547187 1130.302854
  37.885763 1125.996144
  42.527628 1117.604722
  46.141363 1123.096751
  26.586263 1127.342626
  42.364687 1127.165550
  69.297905 1124.492950
  38.797042 1126.022497
  49.282264 1121.959471
  67.104618 1121.181022
  30.928384 1124.493846
  46.824685 1117.317690
  47.254261 1121.829218
  42.550722 1122.213827
  40.968268 1121.776803
  34.392888 1127.045530
  50.371439 1125.073923
  57.071418 1125.432401
  53.006483 1120.879000
  51.242972 1131.147099
  46.420511 1130.299698
  32.384697 1126.162821
  48.809163 1126.813869
  30.147167 1122.393390
  39.667873 1130.821753
  32.342964 1125.661121
  72.030442 1125.144132
  48.143741 1129.793606
  45.450163 1119.857765
  42.913739 1122.722717
  55.222877 1120.297065
  61.233821 1122.934652
  31.654164 1129.394534
  35.486662 1128.402165
  36.417898 1117.325880
  45.417095 1115.796842
  27.210841 1125.115687
  46.909797 1121.653424
  67.597182 1114.168678
  50.978389 1125.624199
  51.693405 1123.986589
  54.422496 1122.745209
  41.067333 1126.217868
  54.401669 1115.191715
  47.134490 1118.709532
  75.018650 1120.593473
  59.665696 1124.131431
  45.472297 1122.740997
  45.796351 1128.389167
  49.305231 1125.892227
  43.838190 1120.713621
  52.827456 1125.843547
  33.740196 1132.318224
  43.062926 1127.532669
  30.695972 1127.327013
  24.815201 1132.577619
  32.153029 1118.526787
  36.569665 1121.484927
  46.320898 1120.308582
  30.671550 1126.203754
  73.282136 1124.437822
  65.699576 1134.610190
  31.060788 1119.926498
  53.394525 1114.226196
  27.644357 1123.770593
  26.852125 1124.114649
  32.476400 1128.731947
  60.731600 1126.419512
  68.852804 1126.417131
  39.316537 1127.086377
  56.317498 1123.643331
  39.871519 1130.442895
  36.338241 1132.524400
  69.832933 1122.416669
  57.328634 1129.218621
  53.180391 1123.434540
  62.803765 1114.700240
  43.714122 1119.847566
  57.758965 1118.531947
  67.596566 1124.821091
  58.543735 1125.064011
  37.559575 1118.014671
  31.110851 1128.050341
  25.992948 1127.929696
  32.165861 1129.348514
  29.047544 1123.066161
  35.559012 1124.450877
  57.364767 1113.648487
  37.250991 1115.915280
  49.819358 1120.940632
  49.805795 1116.930068
  41.729529 1117.754492
  56.181489 1108.894413
  39.477720 1113.275556
  49.841079 1119.413398
  50.641204 1117.490621
  34.561239 1114.851834
  58.239942 1121.734470
  46.905658 1125.676874
  43.351675 1119.688655
  53.653752 1123.188169
  54.417494 1117.157533
  53.666540 1122.037448
  92.831326 1116.955879
  73.592792 1121.001718
  69.411657 1119.997979
  50.797578 1115.128024
  52.006433 1122.165389
  43.664594 1124.893154
  29.083506 1120.380818
  24.475836 1121.828856
  20.056837 1119.617814
  34.972174 1125.757579
  32.202937 1125.211912
  26.397441 1125.876643
  42.597796 1121.574296
  37.096904 1122.752684
  44.631819 1128.023922
  56.816931 1114.528835
  76.522143 1122.922248
  31.674362 1136.541991
  41.668966 1122.596201
  21.356887 1121.368926
  22.357239 1118.686515
  36.689388 1123.007476
  27.893976 1119.027950
  38.494773 1116.430323
  35.307372 1121.041063
  53.308889 1121.565593
  54.411740 1107.088160
  36.081460 1110.084369
  53.291031 1116.844551
  42.619464 1116.564564
  59.934332 1114.984282
  38.712619 1120.621343
  57.754313 1113.645757
  56.161812 1113.424333
  75.986533 1117.258176
  70.739952 1115.310405
  28.108018 1120.373430
  59.862981 1122.028636
  51.554932 1127.577554
  45.492331 1127.621516
  25.163600 1118.287499
  72.773258 1120.957038
  32.529616 1116.778756
  23.276978 1125.459573
  42.005092 1120.679678
  36.361742 1119.086937
  45.291109 1124.472818
  33.115398 1122.497484
  41.300374 1129.152089
  16.387398 1123.639963
  31.527171 1130.732411
  28.136751 1130.983855
  46.103604 1122.083254
  42.895851 1116.469382
  47.167718 1120.992026
  15.838614 1126.875921
  18.289560 1121.954974
  50.220212 1118.719255
  28.237179 1120.814916
  38.663602 1132.262185
  38.162696 1129.627108
  68.460907 1123.913504
  67.474418 1126.731352
  52.443443 1120.156625
  33.260695 1128.369011
  37.097124 1120.494949
  23.765700 1120.922307
  37.301323 1121.284367
  25.098084 1123.876937
  64.958713 1117.891296
  78.465912 1119.946516
  55.764017 1127.455716
  73.004849 1122.139664
  72.561563 1121.358096
  59.134340 1116.178240
  34.762357 1122.797993
  29.649469 1116.830446
  25.200916 1119.757496
  43.895060 1122.717498
  20.162949 1124.530060
  36.215529 1121.644376
  32.277198 1125.025264
  22.180434 1122.021825
  44.742542 1119.585790
  37.860102 1121.643184
  42.523144 1124.798854
  58.885927 1115.255596
  58.940722 1121.885608
  61.653810 1120.591642
  39.210286 1114.031722
  30.209058 1103.388931
  45.814604 1118.610128
  66.425877 1115.287599
  29.111826 1111.809492
  37.803546 1125.176368
  48.030343 1123.281383
  62.305830 1130.188936
  60.944014 1124.973859
  66.788225 1121.269208
  59.079833 1124.071344
  50.303067 1118.375338
  43.079541 1119.929931
  46.622531 1118.934822
  43.895022 1117.202128
  37.620637 1124.582602
  45.068102 1125.038120
  48.505702 1122.584653
  35.691742 1132.106280
  73.776274 1123.966712
  85.232782 1121.273117
  64.074489 1113.990825
  53.339384 1118.145946
  66.630370 1117.235513
  73.616058 1108.233200
  56.828202 1126.754014
  43.724141 1125.853895
  49.451572 1130.281492
  58.210228 1120.373201
  53.378425 1113.345718
  39.031836 1127.560502
  31.115730 1122.767086
  44.171912 1126.239124
  40.975826 1121.257790
  31.153106 1122.533389
  52.343625 1128.542932
  30.465554 1122.263776
  65.087797 1121.933180
  42.465270 1125.554951
  25.890578 1127.031895
  32.905029 1129.009661
  39.030537 1124.953782
  47.299945 1125.639290
  25.557154 1122.986337
  33.288147 1112.615573
  18.209186 1124.628430
  18.131479 1120.317576
  43.298329 1118.665713
  37.991750 1126.664040
  49.165266 1129.755347
  58.305164 1129.937506
  41.826560 1129.199023
  30.887395 1127.504150
  60.184230 1122.929409
  66.332738 1120.628487
  62.010942 1124.370978
  66.543366 1116.063383
  64.096462 1123.503168
  42.344617 1126.034814
  36.657751 1121.755200
  32.399885 1123.373477
  48.209919 1118.184530
  52.893695 1128.460442
  53.201144 1125.471516
  35.786483 1112.840051
  41.729836 1121.031656
  40.974025 1119.735078
  54.956267 1125.730973
  62.656684 1132.228052
  54.437252 1125.486247
  28.491289 1128.455119
  36.849084 1127.010446
  33.665295 1124.363506
  59.592563 1126.446770
  45.836899 1129.182006
  25.060854 1124.633461
  36.525376 1127.571557
  34.024254 1134.473332
  42.471238 1126.107243
  33.381711 1137.846650
  37.245497 1123.557151
  24.645053 1131.288111
  47.224961 1126.572208
  52.563665 1120.733521
  71.638789 1126.124504
  49.474625 1125.802219
  37.180653 1129.016680
  46.299594 1120.210267
  58.089439 1116.405517
  56.701119 1120.331734
  73.426066 1119.333888
  53.229993 1120.848197
  42.935623 1116.424762
  50.618104 1115.191299
  28.750402 1116.957561
  38.160130 1118.979718
  32.081553 1112.445095
  41.039916 1119.214395
  35.233121 1117.319082
  35.640069 1119.150405
  34.368883 1116.609675
  59.327399 1119.427180
  48.423583 1118.187179
  52.144953 1117.851754
  46.244983 1108.614017
  41.478702 1126.107909
  33.425766 1116.202911
  27.479954 1127.909378
  45.871144 1122.944719
  41.192188 1122.803607
  33.009997 1126.637385
  63.072291 1123.819159
  56.619100 1118.575667
  76.272255 1117.443673
  84.609081 1113.749214
  54.695777 1122.123382
  27.907830 1127.168111
  45.720867 1124.860682
  48.592051 1124.455934
  45.553838 1107.393402
  57.429678 1116.038592
  41.861125 1112.334613
  72.795030 1119.349565
  83.151689 1109.635076
  76.774972 1122.713725
  75.729021 1120.505973
  41.839381 1125.232651
  55.131255 1115.694701
  17.043495 1112.506736
  35.649541 1112.372167
  45.089955 1119.419500
  33.632452 1115.048399
  45.172962 1124.288348
  39.952806 1125.296234
  56.500659 1131.470065
  31.978581 1127.044546
  47.927647 1122.172963
  56.960312 1115.803808
  64.612325 1125.491619
  57.378026 1127.033960
  28.010021 1125.839893
  36.128221 1107.044022
  48.891168 1124.121167
  28.155419 1121.107211
  34.764401 1115.179159
  48.580564 1106.447246
  49.038737 1119.576256
  52.054288 1127.776592
  35.501681 1128.286107
  44.077817 1128.172374
  21.527385 1116.916862
  24.419728 1128.260679
  28.631459 1128.282618
  28.735394 1124.983309
  37.657259 1121.579673
  52.095525 1111.075939
  53.731651 1123.342652
  46.477729 1115.559379
  51.585628 1122.434302
  74.601835 1115.364401
  75.423041 1120.914871
  38.125106 1117.234314
  37.563289 1122.380268
  49.379574 1118.177950
  42.061017 1118.959659
  36.864917 1130.578325
  19.927912 1132.069800
  10.719055 1123.714878
  17.766027 1127.654081
  26.884632 1135.021176
  50.261953 1130.809398
  61.144333 1119.225087
  41.074461 1122.395931
  40.800684 1114.657550
  55.349923 1125.933391
  49.874161 1126.316085
  48.945536 1118.781523
  48.902426 1124.303987
  44.227808 1124.765667
  38.632809 1123.563588
  42.726272 1118.021991
  57.997328 1124.219341
  42.816158 1117.642766
  47.710257 1116.142926
  23.680177 1116.205432
  27.342686 1119.808034
  28.428884 1129.124536
  64.379466 1122.843623
  36.952632 1123.777509
  54.295510 1129.319757
  72.349843 1129.466251
  55.275086 1128.877409
  66.018731 1126.575516
  65.272812 1123.182189
  39.697239 1122.894877
  52.186733 1114.372400
  53.168763 1123.901990
  45.137093 1128.079813
  49.871368 1130.169221
  37.618077 1127.372524
  55.814101 1130.812049
  55.944507 1128.690139
  44.965414 1120.615011
  51.901114 1121.439737
  37.648555 1116.985750
  35.365583 1122.589499
  23.819823 1123.606924
  38.653217 1129.150395
  27.715764 1129.851790
  32.180658 1121.171177
  56.176397 1123.673559
  53.496471 1120.747259
  67.429407 1123.340448
  65.952640 1113.797113
  51.923536 1115.335659
  43.409604 1116.922373
  49.215880 1122.775134
  39.562010 1123.076890
  74.312091 1124.271915
  57.491045 1125.796526
  40.772934 1125.245643
  50.500738 1119.949933
  67.462099 1125.621296
  83.995541 1125.561816
  70.566584 1125.392797
  39.933699 1114.867478
  73.318402 1119.887107
  81.607141 1112.599163
  73.713123 1120.065670
  61.501555 1123.703428
  43.921586 1128.249236
  46.146885 1109.396301
  39.132802 1119.566674
  80.217401 1123.257131
  48.133228 1124.607623
  39.778653 1121.945578
  78.897599 1120.434149
  56.177519 1122.242722
  47.892201 1126.354840
  36.387745 1124.276795
  48.842112 1117.454588
  26.028379 1118.609697
  35.007856 1127.969522
  39.259817 1126.390462
  70.435928 1125.174101
  39.349833 1126.742831
  44.609559 1126.275600
  31.857896 1117.387901
  26.105448 1124.095095
  40.245248 1124.107582
  30.872863 1129.326835
  41.770668 1122.262053
  46.361524 1118.032728
  51.354842 1110.710163
  44.494729 1122.216450
  52.979592 1118.382363
  58.854735 1116.256639
  56.547041 1120.634495
  63.055360 1128.352125
  48.291087 1119.699279
  81.564003 1119.346970
  69.858291 1120.754219
  65.121584 1121.421378
  59.524127 1114.420172
  57.143510 1120.792072
  30.504792 1124.768626
  36.575289 1122.574269
  41.225986 1123.905539
  51.599263 1120.329367
  41.113495 1120.053796
  51.941621 1116.951033
  42.377058 1125.600584
  45.339193 1120.451275
  65.209643 1113.776572
  49.989844 1114.988730
  67.698209 1117.030861
  54.222025 1107.672681
  35.852837 1121.861043
  76.764778 1127.144995
  36.661739 1131.155562
  60.257440 1124.024270
  47.610937 1122.639728
  52.996690 1128.632702
  58.946157 1126.624007
  40.558453 1111.387808
  41.644196 1128.064219
  49.208469 1115.894475
  39.956884 1117.049949
  29.049085 1117.764985
  31.523919 1110.570202
  37.670304 1121.373975
  41.841834 1113.789717
  47.376826 1118.230234
  22.987578 1124.202974
  32.676809 1120.194060
  40.636014 1121.996207
  45.044149 1117.934541
  41.335542 1113.417576
  36.252366 1115.072070
  31.195567 1125.069650
  47.598173 1130.206256
  19.721786 1124.948683
  43.794992 1114.723350
  48.398303 1116.930260
  55.553651 1119.003634
  48.410030 1116.025463
  58.167036 1120.082816
  50.460783 1122.449348
  46.152529 1119.324003
  85.792081 1108.655712
  45.043159 1115.342059
  46.413086 1112.263287
  77.794070 1115.498822
  72.156308 1115.467382
  67.097490 1116.525724
  35.063111 1123.970025
  51.415193 1121.331707
  39.688649 1121.429295
  55.897757 1123.530578
  70.141376 1126.195352
  75.421510 1114.816714
  42.494835 1114.812817
  40.478352 1119.007144
  56.064372 1118.878826
  52.985943 1123.346920
  37.202348 1118.946782
  25.341120 1115.197069
  51.087988 1119.549874
  45.727812 1113.921027
  30.967679 1121.049464
  34.795660 1124.406605
  50.803294 1115.435110
  47.415360 1116.616865
  46.217542 1119.612990
  54.211835 1121.076377
  34.841041 1115.924359
  49.376725 1114.441639
  43.139280 1124.160848
  43.380120 1115.591386
  37.215592 1102.810805
  33.034421 1114.861153
  34.030704 1124.622271
  73.320459 1122.477154
  39.156263 1119.952851
  18.279684 1120.189800
  37.521107 1123.142722
  64.111880 1122.309908
  51.437179 1116.704355
  36.832077 1121.080279
  50.625281 1127.160032
  44.373511 1123.427983
  61.123728 1125.187367
  71.372166 1118.192469
  59.869468 1118.459784
  53.186603 1118.915789
  48.131056 1114.351321
  41.212455 1119.629865
  42.286727 1123.066140
  45.240741 1114.208351
  45.398497 1119.545987
  58.017968 1117.319173
  60.582583 1116.254410
  48.758891 1117.227088
  70.525934 1116.985671
  55.855032 1117.494756
  62.688394 1111.884118
  29.815884 1112.026914
  61.366875 1112.172384
  51.275879 1110.575086
  59.487163 1109.504183
  70.707861 1114.514568
  52.335202 1109.455598
  64.790775 1115.653448
  34.472253 1115.126179
  64.996289 1123.148939
  41.079774 1125.602504
  49.813501 1126.426081
  63.871322 1124.316363
  67.874901 1113.641617
  78.966730 1121.003911
  51.781557 1118.535869
  73.693144 1109.350883
  36.770359 1121.222219
  38.583460 1113.115506
  44.152889 1112.136245
  36.346530 1122.484559
  54.916658 1125.302782
  85.993091 1124.985165
  54.220505 1126.151666
  67.732825 1117.999156
  81.445238 1120.533418
  86.158957 1115.847202
  65.991340 1122.188974
  42.296614 1117.066011
  30.014471 1118.424402
  38.047823 1115.636572
  68.283524 1124.298323
  47.979308 1121.807078
  77.305548 1125.097100
  76.828012 1120.397740
  59.230269 1119.858834
  37.237412 1125.121692
  41.368259 1124.092003
  61.779093 1128.195188
  51.380633 1125.335483
  64.343878 1120.525640
  36.742810 1117.621293
  42.801744 1115.125384
  72.162601 1120.175910
  74.438517 1120.197960
  64.649956 1123.066924
  53.043072 1119.878622
  48.648249 1125.337163
  60.519710 1136.011519
  46.436869 1135.619766
  32.494498 1123.251132
  65.103812 1132.204134
  42.583369 1129.377718
  66.453710 1132.127667
  59.288317 1117.889304
  56.909088 1118.398679
  40.503284 1120.332174
  44.531777 1119.835893
  54.312504 1117.707067
  56.561240 1125.721080
  58.382541 1123.715999
  43.203559 1116.848566
  43.932048 1126.672551
  48.237617 1123.018001
  26.530792 1123.036417
  35.539961 1118.922308
  42.360145 1116.568893
  37.428969 1108.676173
  61.105289 1126.966068
  84.325421 1124.531883
  47.586971 1133.426676
  39.521115 1123.432351
  50.614774 1130.786747
  41.574295 1131.097217
  76.758245 1126.701452
  56.152277 1125.281208
  43.733957 1126.466012
  79.083067 1126.852770
  54.674245 1130.649473
  51.277961 1130.951943
  34.501847 1130.149554
  21.852005 1124.092339
  28.040236 1119.690161
  24.549513 1125.992328
  65.332255 1121.029430
  65.430918 1121.676148
  75.335981 1121.981450
  58.747433 1123.663063
  57.151957 1118.706356
  61.862333 1120.410553
  77.381850 1137.534171
  61.165537 1131.956179
  74.238816 1124.383708
  67.891280 1128.231155
  97.299119 1124.204642
  46.895560 1126.322291
  39.601933 1123.364531
  31.307991 1124.514977
  41.273030 1119.481779
  49.832069 1114.863361
  91.657638 1114.176550
  64.291327 1122.091309
  42.807602 1112.153661
  46.693498 1110.063227
  52.269103 1112.409697
  46.860368 1112.164452
  57.295030 1120.837577
  74.445981 1125.028394
  67.406274 1120.519304
  55.350357 1112.796257
  43.494416 1128.360977
  75.342849 1118.755662
  40.462943 1117.850704
  56.989774 1116.380656
  50.873473 1120.033293
  32.876678 1122.509796
  33.571361 1130.121818
  35.948772 1122.461390
  66.199412 1130.571586
  39.084047 1127.583041
  34.081844 1122.731502
  60.746437 1123.250678
  62.074706 1132.888787
  22.674521 1121.305973
  28.184207 1121.367074
  31.022528 1111.846019
  36.188460 1117.453030
  39.402580 1125.231664
  61.922403 1121.654187
  50.650845 1125.611684
  58.354940 1124.851327
  50.853525 1123.181567
  27.811037 1131.022268
  35.468456 1127.976798
  46.670445 1129.414144
  33.305083 1131.839152
  19.914272 1132.231059
  31.829799 1119.438975
  31.145979 1125.803702
  28.811216 1127.608086
  31.865895 1130.621015
  32.118108 1123.774049
  48.574432 1122.291262
  61.267073 1130.050960
  33.381150 1122.710108
  43.655969 1128.165399
  45.971085 1125.520388
  51.936903 1122.061163
  55.707316 1116.018800
  44.546060 1126.879108
  40.836979 1103.570099
  30.094212 1120.916875
  50.452285 1119.895181
  51.569368 1118.742112
  49.695579 1118.373578
  35.717190 1123.821574
  76.059332 1123.937706
  31.894290 1113.166913
  36.599079 1127.042907
  42.435894 1124.677082
  28.928116 1125.839802
  46.920867 1125.573746
  14.952461 1129.542177
  31.525318 1125.707196
  30.016293 1128.748573
  37.328396 1121.285983
  24.630809 1130.578548
  34.992569 1125.452838
  54.058039 1119.953064
  33.232050 1123.553527
  15.357009 1121.538643
  51.521211 1117.249120
  44.304202 1118.873827
  40.886906 1107.175742
  39.569851 1115.894841
  52.766809 1116.285728
  34.696150 1120.341912
  35.185048 1123.982725
  26.494558 1127.990193
  30.890681 1115.473203
  27.271816 1129.442001
  49.099907 1123.445364
  68.160423 1121.256253
  30.737836 1132.190738
  58.799757 1128.730326
  47.116509 1120.997840
  51.507381 1126.227886
  75.973004 1119.588274
  48.615287 1130.503052
  40.477410 1126.276559
  60.260875 1120.731820
  65.339962 1116.672386
  55.002139 1123.153632
  52.548829 1124.680950
  69.186454 1125.860819
  76.104318 1124.624655
  35.203319 1121.058904
  53.624319 1123.277187
  37.442915 1116.013260
  41.396680 1121.257227
  79.727212 1124.556245
  31.493016 1122.623929
  46.361873 1116.843537
  12.278213 1117.485320
  34.923572 1117.396573
  23.643730 1120.375417
  26.254809 1128.607563
  40.414488 1132.870244
  32.783709 1125.108919
  16.909431 1123.979397
  40.311014 1126.639997
  67.839854 1135.294645
  39.810236 1132.909593
  37.015244 1129.681564
  38.206180 1128.419405
  27.414290 1130.452601
  45.787758 1122.827266
  58.085831 1114.188911
  36.128485 1119.053415
  48.395047 1118.046671
  54.948513 1113.442485
  49.837210 1119.460215
  37.092482 1120.952964
  38.155169 1119.005368
  43.461568 1121.803470
  33.067610 1123.725017
  55.707336 1118.029533
  24.428877 1119.536175
  29.360378 1125.267746
  37.596516 1123.934375
  40.350173 1122.536804
  31.542237 1128.098255
  34.098600 1120.772219
  60.252843 1120.295172
  35.288306 1106.262157
  48.397097 1125.162266
  64.361589 1122.779216
  70.174393 1122.636037
  57.274708 1118.104105
  49.767891 1126.423087
  27.276125 1122.373095
  37.189172 1131.851206
  28.296484 1129.998871
  42.230842 1118.272700
  22.186737 1125.495666
  29.407418 1109.842545
  43.151017 1123.451556
  56.248357 1124.649270
  56.433557 1122.267628
  62.285566 1122.504099
  54.776153 1118.889740
  30.549104 1120.379243
  57.370495 1117.340127
  48.593877 1116.264921
  83.649918 1124.059304
  69.557489 1118.809160
  57.071322 1121.809258
  42.044302 1127.571267
  73.397145 1130.225489
  39.430413 1133.355665
  52.887449 1125.196326
  52.163061 1125.713771
  38.764334 1121.007450
  34.048070 1122.948123
  38.753640 1126.487452
  72.157848 1110.492067
  91.454913 1114.319446
  98.101531 1122.297909
  77.197789 1122.038004
  59.029222 1123.779772
  56.299690 1121.038656
  70.940626 1117.396087
  60.094290 1121.522107
  47.986627 1126.715258
  45.833137 1125.833934
  62.277341 1116.851785
  51.557062 1119.542869
  39.060992 1125.166903
  42.058176 1127.160163
  39.185654 1120.471047
  36.664154 1118.275312
  48.245419 1122.893421
  22.838486 1126.270717
  38.196166 1121.438076
  14.830023 1121.014338
  28.419224 1121.357795
  40.421988 1115.804156
  52.664944 1114.179324
  52.460898 1119.739721
  45.914316 1112.626671
  77.359043 1123.912095
  63.217529 1123.823146
  54.592109 1113.534396
  46.888566 1123.881724
  34.983884 1124.205873
  53.616121 1118.904636
  42.323090 1124.976406
  44.579259 1116.597655
  70.855878 1117.527503
  51.502673 1118.302347
  52.709867 1112.375508
  56.207299 1117.897938
  47.621190 1109.253224
  76.629869 1117.651344
  40.643373 1115.589084
  45.287838 1122.705598
  38.677125 1126.770762
  41.227443 1123.117793
  44.012539 1124.717059
  55.979780 1127.461879
  84.444982 1120.350123
  29.283450 1127.511838
  38.419733 1122.976188
  40.459390 1124.407282
  54.112546 1117.327866
  55.067436 1110.234772
  69.049567 1123.345260
  30.681721 1117.473981
  53.593058 1121.422013
  66.413783 1126.594135
  42.037432 1116.754410
  56.447593 1111.383816
  52.014173 1121.853396
  45.213317 1121.703623
  43.748576 1118.832837
  36.087873 1120.291269
  37.100600 1119.828618
  38.974773 1121.048832
  44.356114 1117.652670
  65.931714 1116.119033
  67.531001 1120.360479
  91.898529 1120.583747
  72.457055 1118.845367
  53.107464 1128.824796
  65.636633 1109.668185
  62.610876 1112.698317
  67.118242 1121.538807
  40.896468 1121.871492
 103.113116 1120.212184
  81.574203 1121.753212
  52.826717 1125.013002
  29.171647 1118.894775
  61.607937 1124.911102
  46.448839 1118.722333
  46.534339 1116.263952
  58.323773 1127.868811
  56.659803 1117.162249
  44.730922 1127.427452
  40.789023 1122.567698
  64.149127 1128.197029
  52.084176 1121.211679
  31.366876 1129.879135
  44.824978 1119.388779
  66.088165 1125.566270
  62.612558 1120.690784
  40.602008 1115.228167
  47.994994 1121.753121
  30.139914 1130.577564
  66.992696 1115.525204
  87.938347 1111.298181
  55.656633 1112.486295
  59.312403 1122.637737
  59.699528 1123.672505
  48.383429 1118.793971
  46.079671 1124.159935
  66.109307 1105.787516
  55.838397 1117.119080
  36.444842 1123.371472
  34.974238 1128.922748
  51.748507 1116.554817
  73.708321 1126.948491
  64.927348 1126.704135
  48.891801 1115.720487
  46.168976 1125.614711
  31.139841 1117.339881
  61.901420 1115.661826
  49.010972 1119.299104
  40.001303 1116.241145
  33.029681 1123.920062
  36.354354 1128.637206
  40.352034 1120.462156
  50.849366 1122.183137
  28.327739 1126.157356
  49.539933 1130.493655
  35.017459 1129.550616
  22.669527 1123.916081
  38.278529 1119.074209
  39.190282 1124.167180
  29.536963 1124.767510
  51.492713 1121.568296
  46.587469 1118.652241
  65.840931 1126.570333
  77.067485 1126.202986
  67.703976 1121.517651
  38.834255 1129.162552
  53.614631 1127.347220
  20.764564 1131.576164
  50.115623 1114.017424
  48.880847 1113.474426
  38.580141 1121.615693
  53.500203 1127.509640
  63.871583 1130.035822
  61.901215 1131.559126
  47.092526 1122.878045
  39.403268 1127.988484
  48.264823 1124.389843
  65.458423 1125.946261
  45.956560 1130.692478
  56.827406 1132.407049
  77.702299 1123.381507
  22.770123 1116.544568
  52.289780 1126.556919
  60.560315 1124.531961
  48.418833 1127.887952
  47.976511 1120.208022
  44.715516 1117.449675
  73.896380 1123.694286
  28.849458 1123.492167
  23.647191 1120.056522
  55.635327 1124.576931
  50.297814 1131.257062
  49.805597 1124.045293
  32.769387 1124.073915
  40.726815 1127.564554
  55.430813 1113.498560
  82.206506 1116.698824
  86.844610 1113.037817
  57.523942 1112.302693
  36.469796 1110.204048
 114.325249 1115.448898
  84.675988 1114.086182
  52.515936 1118.811413
  50.380870 1117.446188
  60.562591 1124.617505
  44.495545 1108.348020
  17.942894 1119.435506
  42.004329 1123.810811
  19.296205 1118.622320
  33.903041 1117.938955
  28.252072 1127.224484
  35.629883 1133.327517
  34.851823 1130.207553
  34.433567 1132.703332
  21.813907 1122.990288
  31.802150 1123.855836
  55.625275 1126.422316
  65.346793 1121.634830
  48.475473 1119.018786
  51.609854 1124.677189
  72.993483 1124.349035
  59.382249 1116.653471
  51.588054 1115.789724
  50.196951 1113.365503
  31.758376 1118.736392
  42.570024 1116.020767
  28.338805 1124.591549
  37.446455 1122.816448
  33.135596 1133.933010
  34.157323 1125.292389
  24.251150 1127.875552
  20.449615 1130.937022
  37.737169 1127.317833
  30.093129 1119.090535
  25.808523 1125.449935
  38.297339 1124.421868
  35.969356 1130.262639
  66.801545 1128.042985
  90.916755 1125.902727
  70.634315 1129.254783
  56.419798 1125.435438
  79.786788 1127.289476
  53.777134 1130.150907
  61.213342 1113.597371
  46.813492 1126.509538
  68.962806 1129.688782
  48.726170 1122.491539
  36.057628 1131.469040
  35.836291 1123.611817
  39.810926 1127.009714
  38.932531 1117.516480
  59.264536 1122.337958
  36.662758 1125.849009
  59.680414 1119.934564
  61.563709 1127.947647
  59.046458 1122.765404
  56.029160 1117.504277
  44.887404 1121.884287
  70.892552 1121.067137
  58.385725 1120.830260
  60.664375 1119.834591
  47.343574 1128.292224
  42.549360 1127.214481
  74.745540 1127.997554
  31.928077 1123.143848
  32.221897 1125.456678
  24.372594 1122.770620
  31.388917 1112.829548
  47.403259 1119.607217
  41.728299 1126.535172
  40.798383 1119.259274
  38.614041 1130.397581
  37.156296 1120.754855
  44.247719 1127.695735
  23.280416 1129.344921
  41.084068 1125.169369
  33.309760 1131.665067
  35.646265 1124.525319
  54.177464 1125.125774
  42.976540 1122.285105
  28.196216 1123.027218
  43.428793 1126.634315
  28.554139 1127.799555
  16.624534 1123.209313
  55.810578 1121.511399
  52.115750 1126.285953
  34.031235 1119.776407
  38.101129 1115.585296
  53.493155 1123.618165
  71.887778 1122.589814
  53.021218 1127.624980
  28.366207 1122.994867
  45.732262 1124.974534
  69.096250 1126.736601
  56.016472 1131.781542
  24.981565 1126.723369
  31.694062 1128.369459
  44.215216 1130.784972
  23.782964 1134.344894
  33.659262 1128.454310
  66.839097 1121.905126
  69.401456 1132.293082
  42.387084 1125.798792
  54.707950 1130.259619
  50.423266 1131.109389
  52.136875 1131.663823
  55.188113 1127.377505
  51.025472 1136.610974
  91.747415 1132.183171
 106.888082 1134.524119
  42.876949 1123.304858
  42.495526 1119.946329
  34.572037 1118.737618
  32.811996 1123.990596
  30.506807 1130.328154
  49.518727 1130.330777
  64.683975 1120.705266
  52.278736 1115.974820
  52.359639 1121.785256
  54.144124 1119.525915
  85.394210 1111.997107
  49.638775 1120.717674
  64.837691 1121.999987
  41.542246 1126.426079
  32.185350 1128.322264
  47.352108 1127.403301
  48.166817 1125.783880
  21.137083 1122.368314
  33.001215 1116.420859
  31.569480 1125.876933
  35.503627 1118.699713
  35.930103 1123.261701
  55.930149 1123.256134
  42.394635 1121.893900
  45.875450 1125.075035
  29.009580 1129.745506
  55.421254 1125.220303
  52.792195 1124.313673
  55.194880 1126.468014
  49.403403 1123.543917
  47.588477 1118.242955
  39.897001 1121.671739
  50.815511 1112.528345
  47.083370 1112.648946
  33.933883 1125.408518
  33.467522 1135.263203
  46.319629 1118.752434
  31.582598 1118.080175
  36.048981 1127.751043
  36.745495 1115.863790
  26.453436 1121.208723
  27.455103 1132.041773
  22.974924 1126.342801
  22.376087 1125.415293
  35.186309 1126.399599
  35.600443 1129.292091
  39.565378 1119.033965
  38.627500 1121.912147
  22.400788 1117.192957
  37.451651 1123.289038
  41.917295 1129.034807
  48.556184 1126.934179
  27.727568 1124.398962
  39.968302 1131.533847
  46.947557 1128.007111
  21.996961 1123.930619
  56.968419 1130.898997
  70.318274 1125.864359
  31.621390 1125.033460
  49.609174 1131.304394
  30.704932 1128.001230
  47.304389 1124.328343
  57.084862 1118.507400
  77.285680 1123.138080
  62.868694 1119.412534
  65.521854 1126.768881
  52.202514 1125.270885
  41.805882 1121.682733
  78.178392 1123.614174
  75.872377 1128.276758
  52.056549 1125.661400
  47.096134 1118.619568
  46.754349 1119.154904
  22.692179 1119.683310
  35.538936 1119.922364
  38.340025 1125.375116
  33.909386 1125.254978
  62.114408 1121.687468
  55.843893 1123.296831
  66.046374 1123.842685
  77.639765 1127.954038
  54.193436 1108.952043
  51.294728 1117.312077
  41.655119 1128.384598
  59.130892 1127.786586
  51.372009 1116.316532
  35.697692 1124.223957
  35.497831 1128.351065
  34.307337 1127.481002
  29.691614 1128.858795
  32.544651 1128.554673
  44.371426 1127.357636
  45.242423 1126.350802
  56.400444 1109.951042
  43.088027 1128.601168
  47.588768 1123.283733
  46.741473 1122.962827
  54.527598 1116.260174
  53.909620 1120.934143
  61.104299 1121.941755
  47.101657 1121.372224
  47.302839 1127.852637
  44.483235 1118.312470
  36.559869 1125.894001
  49.886726 1115.138389
  59.278672 1120.053348
  38.424044 1130.154778
  21.201527 1123.049900
  27.258847 1124.907112
  58.515997 1129.206592
  47.965088 1116.770247
  49.938971 1111.381381
  52.021481 1119.807366
  42.614717 1124.572608
  64.533259 1120.403877
  48.702676 1121.863459
  47.068232 1109.303672
  52.000069 1122.431107
  45.397657 1122.856651
  40.844506 1119.908695
  51.050142 1112.673890
  39.340932 1114.967736
  78.841167 1113.186488
  61.923528 1122.710495
  52.102850 1126.548775
  73.453803 1114.330182
  63.367681 1104.652318
  33.100216 1118.108632
  50.966674 1115.264108
  23.206473 1124.534112
  46.351811 1128.650382
  66.894838 1124.160175
  59.921244 1114.169758
  49.812349 1129.792546
  62.960844 1114.208930
  37.350528 1124.231254
  26.785001 1117.770716
  45.189885 1124.832538
  57.485803 1124.351139
  45.361155 1119.106910
  57.121357 1127.462810
  53.013358 1119.416101
  51.479019 1125.834449
  31.671671 1127.655931
  36.408091 1127.063833
  54.960820 1128.309859
  58.253627 1121.094795
  51.260273 1127.498948
  22.046124 1127.351017
  45.642514 1126.710809
  60.886667 1132.058306
  68.265430 1123.955088
  31.722630 1128.240492
  44.687771 1120.198156
  53.037008 1132.391465
  79.595165 1122.397585
  43.343197 1117.036724
  71.903166 1121.362041
  41.810981 1126.312053
  36.826117 1131.437285
  51.998203 1129.084826
  27.116850 1126.644970
  41.898497 1130.975994
  49.715187 1125.247441
  27.885491 1119.913419
  36.334711 1126.283371
  30.576096 1125.349998
  29.523124 1133.646125
  25.063888 1129.791600
  34.869531 1122.166932
  15.315982 1119.468366
  31.603455 1121.848789
  28.703944 1117.295494
  20.598522 1118.519882
  58.959154 1112.844409
  56.265241 1121.755836
  42.958484 1117.212201
  21.021046 1120.683933
  58.292225 1129.021225
  62.596813 1124.373137
  31.451596 1119.417928
  35.428453 1123.909789
  64.372067 1123.568775
  49.818660 1126.667114
  69.514325 1126.620797
  63.129969 1123.135173
  80.395883 1128.505577
  47.871696 1118.397194
  69.986256 1129.405440
  49.639800 1130.450437
  47.385967 1131.309771
  47.850695 1111.341101
  84.245587 1112.501518
  61.924883 1120.390221
  48.496623 1132.461585
  45.156298 1121.197190
  62.999376 1125.246577
  59.606771 1126.753089
  41.687598 1121.129590
  45.822358 1130.683355
  70.600588 1126.741641
  63.335074 1126.082971
  50.557456 1129.072213
  63.973282 1125.788652
  40.053492 1118.568909
  34.001173 1122.716505
  39.513945 1128.610197
  63.552390 1126.148955
  67.656844 1119.914223
  54.273834 1125.364320
  45.063800 1126.311847
  44.540041 1127.612584
  63.686501 1124.806391
  42.726082 1124.134752
  37.499306 1128.606926
  48.504418 1116.339329
  46.463498 1116.293098
  49.187050 1116.078666
  59.464149 1118.985712
  61.610309 1115.670561
  73.006587 1127.006252
  46.742008 1125.746315
  52.828589 1122.336598
  71.982884 1117.449127
  48.639267 1123.309716
  44.131212 1121.671447
  41.423066 1130.878175
  66.599083 1120.883356
  42.919215 1122.994992
  63.763769 1109.399966
  79.321201 1112.662421
  47.729379 1121.182342
  64.299089 1121.136290
  67.092286 1117.708070
  60.945897 1114.619137
  53.972858 1114.555980
  49.392892 1114.680480
  58.663962 1119.085726
  66.495939 1125.928125
  74.746568 1123.780962
  60.504634 1114.033246
  69.682226 1120.148497
  45.827494 1121.895543
  35.978159 1117.459665
  36.744833 1113.625843
  47.863196 1110.479384
  51.190339 1117.936431
  60.702620 1112.556618
  32.950119 1117.522305
  41.386448 1114.767607
  36.356252 1119.121203
  32.425964 1112.642385
  36.761015 1118.792034
  80.068540 1112.379421
  59.281583 1120.182871
  46.801381 1117.852866
  24.260206 1122.377534
  37.325700 1119.598592
  43.326062 1115.288483
  38.522227 1123.142121
  41.577767 1118.098393
