-0.513299  1.038457
-0.588506  0.643034
-0.287769  0.950670
-0.395950  1.151209
-0.267368  1.034789
-0.556205  0.905251
-0.479794  0.753199
-0.489289  0.786245
-0.505245  0.863619
-0.408186  0.881745
-0.368948  0.938472
-0.190139  0.668174
-0.115522  0.546053
-0.204027  0.908766
-0.227847  0.934800
-0.288664  0.800554
-0.390268  0.912121
-0.585245  0.921971
-0.758070  0.943217
-0.631815  0.917667
-0.494297  0.818422
-0.446293  0.839348
-0.552961  1.709764
-0.637958  0.757250
-0.660125  0.926386
-0.396007  1.013611
-0.422332  0.719466
-0.384354  1.022340
-0.221023  0.907688
-0.145173  0.482725
-0.237233  0.680035
-0.313302  2.042610
-0.383991  1.133344
-0.499443  0.779678
-0.528289  0.848992
-0.584613  0.808521
-0.480018  1.027717
-0.417694  0.583107
-0.515218  0.729535
-0.359611  1.495282
-0.452217  0.678182
-0.387818  1.437569
-0.468800  0.767257
-0.502012  1.874995
-0.291238  0.872634
-0.376388  0.981887
-0.307995  0.887550
-0.413180  0.829547
-0.404757  1.992149
-0.305383  1.020430
-0.287582  0.841516
-0.204098  0.507781
-0.258683  1.090121
-0.265478  1.001870
-0.222645  1.032601
-0.165247  0.769606
 0.036356  1.009618
-0.086908  0.823795
-0.192809  0.874977
-0.297977  1.648194
-0.489137  0.726478
-0.507514  0.543776
-0.444720  0.628364
-0.636146  1.406703
-0.660313  0.722058
-0.766796  1.177775
-0.702152  1.161143
-0.689034  1.216517
-0.598244  0.714957
-0.799774  1.580047
-0.709084  0.867714
-0.818967  1.172252
-0.633436  1.299434
-0.635567  0.782433
-0.563051  1.224231
-0.686784  0.535138
-0.652597  0.845789
-0.631790  0.628856
-0.636181  0.558527
-0.732047  0.662760
-0.632878  0.785105
-0.505826  0.422298
-0.718349  0.522354
-0.907463  0.677465
-0.685796  0.854581
-0.596677  0.687197
-0.439334  1.223546
-0.607162  0.971701
-0.574427  0.922815
-0.461753  1.242921
-0.589159  0.688824
-0.664692  0.714747
-0.715010  0.819369
-0.648400  0.871679
-0.748044  0.867504
-0.780699  0.738081
-0.871725  0.604727
-0.782430  0.896387
-0.668365  0.907448
-0.810374  0.996631
-0.628140  0.731397
-0.554189  0.579775
-0.345936  0.654939
-0.388015  0.707643
-0.387516  0.697056
-0.381565  0.826556
-0.160842  1.177707
-0.371242  0.741137
-0.287862  0.943685
-0.072868  0.661704
-0.229070  1.977832
-0.261794  0.596428
-0.320050  1.703300
-0.384544  0.830107
-0.324033  0.843668
-0.446034  0.712880
-0.417165  0.600049
-0.361164  0.679414
-0.243625  1.575104
-0.215423  1.638704
-0.356799  1.614861
-0.496244  0.745560
-0.662503  1.181433
-0.611767  1.164199
-0.623814  1.026918
-0.553768  1.348684
-0.494096  0.801103
-0.573864  0.592066
-0.459000  0.903406
-0.577786  0.998793
-0.501377  0.907622
-0.549319  1.376364
-0.306218  1.133685
-0.259862  0.942331
-0.199588  1.004785
-0.080849  1.813406
-0.329615  0.691080
-0.203598  0.681076
 0.018845  0.805546
-0.063036  1.004370
 0.093176  0.952657
-0.118121  1.052982
-0.187523  1.702218
-0.323884  0.793046
-0.571162  1.179940
-0.596724  0.770221
-0.631736  0.770702
-0.721654  0.759802
-0.586406  0.686551
-0.562039  1.005527
-0.461606  1.053633
-0.373014  1.080557
-0.399362  1.071352
-0.303032  1.274441
-0.205533  0.625529
-0.186316  1.026920
-0.153827  1.078329
-0.237246  1.039178
-0.341363  0.662398
-0.353022  0.986958
-0.447313  1.146578
-0.542782  0.632814
-0.683857  0.935502
-0.598664  0.714920
-0.563864  1.265569
-0.407817  0.951930
-0.412355  0.633622
-0.415231  1.324330
-0.303804  2.782187
-0.248116  1.038350
-0.255756  0.963140
-0.230482  0.592409
-0.232764  0.989001
-0.451928  0.480346
-0.508803  0.843902
-0.577787  1.046626
-0.502695  0.621459
-0.582541  1.341640
-0.674186  1.869369
-0.472748  1.210994
-0.481993  0.454044
-0.564096  0.478584
-0.505946  0.694325
-0.507634  1.092149
-0.420754  0.851731
-0.231768  0.791283
-0.103960  1.070717
-0.154461  0.812267
-0.161281  1.685356
-0.204958  1.042215
-0.108846  0.635311
-0.327106  0.965645
-0.354949  1.011275
-0.302324  1.032741
-0.230998  0.967133
-0.148594  0.636915
-0.319516  1.108756
-0.285745  1.068603
-0.365786  1.175148
-0.586507  0.728415
-0.432666  0.530007
-0.592164  0.804271
-0.643077  0.945405
-0.713072  0.829190
-0.719568  0.550387
-0.488780  0.974653
-0.456061  1.205760
-0.443840  1.375152
-0.346124  0.969274
-0.337558  0.541811
-0.667217  1.872037
-0.630574  1.188263
-0.563381  0.521461
-0.485720  0.948510
-0.499115  0.919545
-0.743932  0.745656
-0.669793  1.217618
-0.577706  1.416718
-0.715307  0.709524
-0.815253  1.235758
-0.646364  0.742592
-0.649503  0.959823
-0.462710  0.786061
-0.432681  0.843926
-0.287654  0.447296
-0.271108  1.013703
-0.466566  0.624230
-0.557878  1.119223
-0.575015  1.350875
-0.452142  1.395765
-0.633752  0.900209
-0.617355  1.091095
-0.635676  0.791734
-0.559367  1.264447
-0.487012  1.331303
-0.433417  0.583696
-0.672983  0.802754
-0.621220  1.104181
-0.463519  0.962051
-0.458983  0.994768
-0.437072  1.132539
-0.549013  0.929697
-0.401554  1.092377
-0.505850  1.411210
-0.535365  1.478923
-0.345943  0.755699
-0.364563  0.855526
-0.517465  0.615270
-0.660514  1.071691
-0.498743  0.398355
-0.379766  1.232628
-0.317787  1.034459
-0.179814  0.768504
-0.304529  0.601328
-0.323466  1.532400
-0.270573  0.937339
-0.116790  1.376641
-0.332605  0.830556
-0.529206  1.212990
-0.626407  0.708166
-0.638506  0.793656
-0.561651  1.030461
-0.609528  0.762378
-0.551453  1.422078
-0.465327  0.818205
-0.681818  0.979831
-0.722233  0.611105
-1.007243  0.922210
-1.021411  1.252156
-0.996134  1.873821
-1.050864  1.002363
-1.113963  0.813719
-1.008138  2.012430
-1.016593  0.818082
-1.108632  0.863982
-1.081822  1.772070
-1.099011  0.839351
-1.016257  0.857740
-0.894176  0.608869
-0.572055  1.129838
-0.533440  0.829939
-0.686364  0.654164
-0.755112  0.609643
-0.828718  1.053800
-0.672209  1.109194
-0.562183  0.915657
-0.423200  0.953474
-0.558344  0.542147
-0.635029  0.776993
-0.473757  1.209037
-0.417069  0.748216
-0.314845  0.665220
-0.190796  0.898534
-0.133767  0.580608
 0.008340  1.041690
-0.055605  0.918918
-0.102830  0.634320
-0.184754  0.821383
-0.040743  0.602992
-0.226453  0.621721
-0.382647  1.047568
-0.579181  0.896806
-0.614989  0.655097
-0.614271  0.869706
-0.595532  1.053311
-0.534704  0.770551
-0.657801  0.788426
-0.793234  0.632410
-0.641269  0.834895
-0.540642  0.726188
-0.596836  1.106684
-0.664347  0.803929
-0.389307  1.039323
-0.466691  1.024960
-0.477725  1.211755
-0.523132  1.635979
-0.376126  1.111977
-0.422676  0.406054
-0.337941  0.687358
-0.377426  0.782761
-0.423113  0.669162
-0.609303  0.533742
-0.364190  0.992736
-0.325506  0.682861
-0.289718  0.763408
-0.338060  0.755281
-0.002704  2.278545
 0.019372  0.782521
 0.001904  1.657019
-0.418576  1.288359
-0.396203  0.574678
-0.588264  0.535188
-0.370149  0.566419
-0.323914  0.894232
-0.506880  0.638512
-0.502340  0.489434
-0.384465  0.371395
-0.551215  0.653119
-0.647747  1.324792
-0.690202  0.627283
-0.444297  1.018944
-0.523520  0.690061
-0.646704  0.787542
-0.704213  1.230649
-0.609076  0.587379
-0.963011  1.223710
-0.760567  0.560578
-0.757032  1.409697
-0.689091  1.219933
-0.650924  1.314991
-0.651699  1.158745
-0.505550  0.947275
-0.399019  0.754561
-0.401997  0.856733
-0.389363  0.602800
-0.305094  2.936358
-0.239266  0.804833
-0.236812  1.561043
-0.315459  0.751373
-0.324851  0.849140
-0.273224  2.295688
-0.284331  1.087699
-0.418110  1.158336
-0.492353  0.863671
-0.488758  1.192176
-0.489649  1.148788
-0.564921  0.685362
-0.710282  0.453700
-0.561135  1.258194
-0.562423  0.646567
-0.491339  0.809712
-0.585513  0.719408
-0.528600  0.574549
-0.563067  0.694058
-0.432448  0.988294
-0.494068  0.895843
-0.483729  0.908118
-0.426667  1.341420
-0.456585  0.755536
-0.401509  1.515553
-0.643231  1.014193
-0.556983  0.484300
-0.613781  1.161760
-0.726035  0.867134
-0.660166  0.869691
-0.496751  0.809773
-0.559278  0.771081
-0.573017  0.808534
-0.554193  0.457549
-0.498883  1.032263
-0.317752  0.682062
-0.336110  0.822513
-0.336634  0.948528
-0.353948  1.761901
-0.289964  1.178014
-0.260082  0.940505
-0.301492  1.370601
-0.212661  1.178646
-0.480662  0.626201
-0.187897  1.385096
-0.168691  1.095265
-0.305039  1.395498
-0.244624  0.855731
-0.334341  1.359197
-0.342900  1.173088
-0.391373  1.348093
-0.240133  1.250086
-0.107438  1.104416
-0.222371  0.908116
-0.345343  0.902292
-0.598029  0.477195
-0.623724  0.536534
-0.299972  0.741271
-0.317912  1.268437
-0.272504  1.198394
-0.240581  1.145531
-0.232754  0.989393
-0.314261  1.620927
-0.332717  1.494891
-0.694864  1.302795
-0.561109  1.420514
-0.630843  0.706068
-0.506620  0.390916
-0.609464  0.946224
-0.602742  0.758007
-0.803610  0.941267
-0.811457  1.097232
-0.870153  1.280703
-0.988866  1.251455
-1.016359  1.196737
-1.003598  0.688276
-1.089290  0.941235
-1.147174  0.792122
-1.061647  1.143902
-0.920559  1.632423
-0.809914  0.537623
-0.676109  0.589595
-0.836031  0.503031
-0.892958  1.978382
-0.958505  0.859208
-1.190813  0.981199
-1.167989  1.326733
-1.339987  1.728868
-1.091739  1.188782
-0.935401  1.409629
-1.100899  1.505168
-1.135006  1.123335
-1.064514  2.060474
-0.980007  0.996979
-0.889213  1.074385
-1.038443  0.919923
-1.071251  0.662518
-1.049926  1.291035
-1.061581  1.177277
-0.855172  1.736353
-0.821788  1.610613
-0.789495  0.768740
-0.621393  1.329474
-0.529915  0.466483
-0.437743  1.336105
-0.462257  0.800691
-0.608963  0.773904
-0.766932  0.988207
-0.754872  0.714854
-0.457597  0.612526
-0.385353  1.016991
-0.344667  1.278106
-0.489106  1.005570
-0.393124  0.686734
-0.467630  0.792758
-0.438417  0.768900
-0.421742  1.570940
-0.514541  1.231569
-0.611897  1.075231
-0.453556  1.680715
-0.255557  1.363931
-0.401454  1.062885
-0.693087  1.135559
-0.703858  0.703425
-0.611548  0.674361
-0.763084  0.982144
-0.653103  1.215132
-0.560613  0.774628
-0.520052  1.023835
-0.367012  0.846786
-0.460180  1.265896
-0.471395  1.920411
-0.358570  0.526295
-0.224940  1.588554
-0.219922  0.822797
-0.566231  0.673856
-0.395738  0.767284
-0.424112  0.425308
-0.420520  1.932872
-0.369371  0.742495
-0.481227  0.755634
-0.334199  1.064173
-0.150294  1.061120
-0.157466  1.674962
-0.196955  1.215427
-0.472581  0.982390
-0.554124  0.859795
-0.306977  0.863125
-0.417200  0.815472
-0.518688  1.216033
-0.587627  1.105230
-0.615906  0.533454
-0.669857  1.025969
-0.692309  1.093579
-0.666292  0.875224
-0.843163  1.011582
-0.907672  1.032993
-0.906168  1.958750
-0.796420  0.709633
-0.613340  0.657363
-0.479628  1.113489
-0.533828  0.582181
-0.580583  0.645651
-0.509096  0.583277
-0.548524  0.468382
-0.566855  0.777602
-0.520966  1.430358
-0.755360  1.499229
-0.638440  0.909096
-0.497401  1.605667
-0.465075  0.993359
-0.559898  1.104961
-0.426588  1.140712
-0.452700  0.948286
-0.405357  0.687524
-0.497035  0.908081
-0.401686  0.718064
-0.422413  1.098482
-0.476955  0.666610
-0.529339  0.928987
-0.521189  1.055968
-0.292483  1.242342
-0.625097  0.481426
-0.379435  0.967215
-0.339189  0.740342
-0.426075  0.892756
-0.320692  0.623270
-0.137091  0.765780
-0.232540  0.740140
-0.104183  1.372769
-0.210161  0.871447
-0.413861  0.534919
-0.434434  0.697873
-0.656648  0.845945
-0.643110  1.196127
-0.588186  1.082030
-0.517691  0.663767
-0.550987  0.839895
-0.413399  0.618279
-0.399281  0.868230
-0.400697  0.951422
-0.391341  0.841762
-0.383449  0.846237
-0.383707  0.848727
-0.516343  0.956300
-0.447753  0.902730
-0.592538  0.397050
-0.510593  1.206088
-0.338994  0.603006
-0.254805  1.073872
-0.374845  0.691227
-0.235344  1.108017
-0.097158  0.578107
-0.260746  0.745127
-0.312194  1.020989
-0.414191  1.471838
-0.450575  0.777310
-0.555803  0.654664
-0.636808  0.845332
-0.683848  0.954334
-0.655010  0.750068
-0.671780  0.972752
-0.538137  0.873031
-0.563278  1.283086
-0.531517  1.008348
-0.777396  0.693102
-0.873051  0.679859
-0.946485  0.939917
-0.761183  0.930612
-0.907215  1.167251
-0.770659  0.949727
-0.608107  0.799680
-0.656094  0.608041
-0.519720  0.847474
-0.583666  0.712268
-0.688641  0.972005
-0.470299  0.557812
-0.320941  1.124364
-0.148133  0.983020
-0.406668  0.553272
-0.297002  0.844846
-0.328660  0.716275
-0.305244  0.796317
-0.431724  1.169584
-0.628736  1.251599
-0.568150  1.482237
-0.485536  1.282419
-0.458373  1.705350
-0.380521  1.390226
-0.390720  1.296683
-0.452645  0.629206
-0.558025  0.919827
-0.427071  1.272549
-0.401331  0.591856
-0.441882  0.633595
-0.359932  0.671845
-0.237334  1.030448
-0.269040  0.915326
-0.323763  1.074740
-0.209222  0.812038
-0.240964  0.868869
-0.200690  1.207451
-0.414501  0.985274
-0.346125  0.809568
-0.400072  1.199858
-0.515360  1.553922
-0.555434  0.803239
-0.557189  1.226656
-0.875772  0.524422
-0.722391  0.736372
-0.709752  0.711655
-0.575940  0.699517
-0.736582  1.483285
-0.731601  1.049538
-0.770618  0.761080
-0.698871  0.859302
-0.909622  0.968015
-0.779044  1.131088
-0.805281  1.172396
-0.612301  0.737370
-0.692823  0.905796
-0.736053  0.692522
-0.794968  0.899841
-0.736001  0.910235
-0.684861  1.131639
-0.830127  1.044891
-0.804628  1.076232
-0.815082  0.926194
-0.792133  0.936570
-0.919336  1.298631
-0.739500  1.160336
-0.699239  0.839198
-0.850725  1.285036
-0.684303  1.840279
-0.424013  0.787684
-0.513701  0.735906
-0.518073  0.804080
-0.601210  0.983479
-0.426770  0.526448
-0.494976  0.526951
-0.546205  1.097091
-0.471762  1.025996
-0.483228  0.732323
-0.381605  1.086282
-0.543227  0.956739
-0.519330  1.149008
-0.559041  1.051068
-0.814513  1.045213
-0.873642  0.781244
-0.926997  1.511035
-0.944919  0.841256
-0.945569  0.638241
-0.849819  0.835229
-0.854483  0.902672
-0.565438  0.762767
-0.380457  1.200388
-0.391539  0.750389
-0.354561  1.527703
-0.279358  1.156721
-0.231924  1.242482
-0.312900  1.285495
-0.463887  1.210734
-0.222937  1.199939
-0.271416  1.068277
-0.319453  1.568608
-0.221068  1.139541
-0.364606  0.593877
-0.379268  1.184786
-0.454838  0.458248
-0.468851  1.307641
-0.669871  1.219068
-0.740898  2.927038
-0.569186  0.752302
-0.650857  1.157672
-0.634416  1.122550
-0.525747  0.943706
-0.698889  1.133110
-0.521278  1.218428
-0.536039  0.759009
-0.556331  0.832395
-0.581438  0.821147
-0.727860  0.627523
-0.774694  0.646063
-0.603745  0.810316
-0.553284  0.496911
-0.602268  0.685243
-0.740964  0.482358
-0.385868  1.584892
-0.468698  1.124817
-0.502506  0.478123
-0.416954  1.328849
-0.331005  1.086250
-0.355685  0.908139
-0.266907  0.607234
-0.293266  1.006675
-0.318322  1.485550
-0.261311  1.129809
-0.433821  0.656189
-0.434576  1.779071
-0.461433  1.140877
-0.601152  0.998437
-0.724444  0.501086
-0.731485  1.184727
-0.778558  0.454554
-0.613896  0.982696
-0.788908  1.648130
-0.670524  1.014224
-0.589711  0.704911
-0.539915  0.771188
-0.509329  0.659964
-0.216445  0.793815
-0.013079  0.720252
-0.114111  2.001547
 0.015114  1.048823
 0.043250  1.270589
-0.307857  0.748130
-0.379686  1.144024
-0.500813  0.984973
-0.586664  0.895942
-0.233305  0.878153
-0.246708  0.884830
-0.148130  1.234480
-0.263055  0.871418
-0.213418  0.986957
-0.374634  0.577182
-0.450454  1.122134
-0.431165  1.009367
-0.422817  0.554622
-0.486604  0.582514
-0.314591  0.647178
-0.250999  0.547079
-0.281232  0.773833
-0.196971  0.895124
-0.337067  1.780181
-0.448944  0.790326
-0.677297  0.539444
-0.707728  1.000258
-0.491183  0.779603
-0.483515  1.043773
-0.284611  1.045982
-0.309776  0.705659
-0.180937  1.085019
-0.147331  2.109896
-0.338168  1.028410
-0.697451  0.903378
-0.543097  1.089469
-0.592230  1.421556
-0.688385  0.841541
-0.798319  0.833807
-0.865905  1.770256
-0.750253  1.133046
-0.717570  0.797940
-0.668073  1.156698
-0.728667  2.537967
-0.606147  0.729992
-0.559695  1.045594
-0.544031  1.331028
-0.648296  0.819974
-0.508633  1.477707
-0.529035  1.863876
-0.597163  1.474769
-0.735460  0.940191
-0.495400  0.735005
-0.362693  0.983898
-0.387085  1.305105
-0.530487  1.221551
-0.560379  1.180661
-0.545496  1.155034
-0.457269  0.513094
-0.367985  0.558310
-0.644874  1.014513
-0.528964  0.854327
-0.468961  1.099683
-0.616268  0.758094
-0.589715  0.896406
-0.458940  0.915900
-0.608044  0.853742
-0.613362  0.408968
-0.570508  0.708860
-0.616642  0.668510
-0.646621  1.312802
-0.819849  1.147889
-0.674365  0.745925
-0.632056  0.755681
-0.577674  0.609025
-0.439527  0.885829
-0.718778  0.665882
-0.520117  1.322776
-0.359680  0.963840
-0.238789  0.593441
-0.516005  0.745255
-0.594731  0.862013
-0.601739  1.043421
-0.774646  0.664148
-0.655364  0.706627
-0.638689  0.754158
-0.698009  1.006515
-0.696292  0.928394
-0.625276  0.871280
-0.629849  0.851887
-0.669525  1.372496
-0.631140  0.621980
-0.716769  0.885106
-0.789699  0.887992
-0.708482  0.775708
-0.561008  0.761435
-0.510447  0.888255
-0.647539  0.839721
-0.663213  1.005825
-0.639307  0.528075
-0.728954  0.862102
-0.914382  0.800163
-1.010856  1.463203
-0.646820  0.659334
-0.401444  0.812210
-0.447846  0.920373
-0.538748  0.749252
-0.503764  1.040287
-0.664560  0.610894
-0.687992  1.095580
-0.695809  0.924797
-0.546783  1.342302
-0.344572  1.003449
-0.433225  0.536675
-0.428583  0.874976
-0.717992  1.246303
-0.644514  0.535602
-0.415780  0.839066
-0.426689  0.770302
-0.311651  1.964273
-0.426116  0.759623
-0.317437  0.512333
-0.579589  0.809678
-0.546131  1.186527
-0.695383  1.003224
-0.619248  1.179684
-0.593914  0.751271
-0.718121  0.876297
-0.795199  0.762220
-0.747981  1.602782
-0.813272  1.990977
-0.761795  1.182018
-0.864284  1.094868
-0.801134  1.076111
-0.662280  1.376645
-0.637767  0.790441
-0.595915  0.571907
-0.643620  0.530238
-0.381798  0.893562
-0.560733  1.013461
-0.583011  1.125388
-0.633028  0.550857
-0.559426  0.916035
-0.857090  0.925939
-0.932772  1.308503
-0.637628  1.024088
-0.561052  0.712957
-0.508166  0.591236
-0.535647  0.966793
-0.649391  0.550294
-0.622835  0.934094
-0.628436  0.728012
-0.500927  1.163849
-0.416890  1.541896
-0.616182  1.400806
-0.608425  1.279706
-0.572330  0.505338
-0.283778  0.965118
-0.506198  0.700412
-0.692501  0.729621
-0.686281  1.461338
-0.494890  0.688498
-0.581058  0.676342
-0.606080  0.570418
-0.780828  0.957564
-0.569525  1.069607
-0.578365  2.114278
-0.494661  1.566523
-0.371520  0.819469
-0.499551  0.966482
-0.579814  1.007472
-0.683890  0.762260
-0.699997  0.794392
-0.539021  1.021784
-0.547260  1.106500
-0.633521  0.795790
-0.846072  1.698565
-0.842645  1.015811
-0.920569  0.684921
-0.582020  0.897598
-0.624530  0.868650
-0.633310  1.347851
-0.576210  0.860361
-0.484902  1.090663
-0.239943  0.744415
-0.625618  0.515078
-0.746448  1.440165
-0.815786  0.902234
-0.685601  1.317412
-0.810553  0.902470
-0.786248  1.247218
-1.044203  1.985560
-1.008958  0.856067
-0.879014  0.612275
-0.683867  0.595617
-0.550241  1.040952
-0.643584  1.017901
-0.658025  2.103354
-0.720079  0.774107
-0.559540  1.069315
-0.549678  0.624400
-0.584301  1.044087
-0.589273  0.912584
-0.587879  0.717799
-0.625933  0.716250
-0.604627  0.754017
-0.666145  0.717451
-0.517843  0.602874
-0.421413  0.970079
-0.649361  0.933521
-0.607089  0.841714
-0.511004  0.889805
-0.506328  0.728604
-0.640493  0.660293
-0.529789  0.816233
-0.449439  1.374073
-0.543729  0.801793
-0.523353  0.828711
-0.544830  0.616192
-0.524023  0.444486
-0.300922  0.924716
-0.293016  0.359277
-0.267094  0.564315
-0.501183  1.225780
-0.640365  0.868583
-0.626349  1.169275
-0.639336  0.720771
-0.606332  1.362614
-0.607058  0.647274
-0.567328  1.138302
-0.508540  1.140495
-0.631808  0.772544
-0.509410  1.401709
-0.458729  1.388956
-0.486523  1.174420
-0.601323  1.016384
-0.541810  1.384904
-0.441290  0.674263
-0.407635  1.345631
-0.399796  1.119732
-0.484433  0.507114
-0.297765  0.932412
-0.264765  0.895045
-0.098561  0.878310
-0.035327  1.668692
 0.028620  0.788539
-0.074033  1.682404
-0.015284  1.995219
-0.131401  0.811785
-0.333847  1.168478
-0.375335  1.141948
-0.400263  0.840406
-0.416730  0.615601
-0.685864  1.399728
-0.601199  1.104281
-0.477674  1.201275
-0.477829  0.890625
-0.553108  0.476310
-0.557566  1.272504
-0.667253  1.014257
-0.567382  0.959661
-0.452238  0.716665
-0.240907  0.717803
-0.275404  1.094577
-0.406745  0.676832
-0.412775  0.866008
-0.498319  1.052327
-0.592892  1.278073
-0.506536  0.800193
-0.536241  1.491058
-0.534840  0.871662
-0.322061  0.928801
-0.242073  1.673190
-0.256918  0.849026
-0.203226  1.770645
-0.690599  0.804323
-0.780252  0.945640
-0.662736  0.911061
-0.484921  1.031677
-0.522057  0.551609
-0.492571  1.030549
-0.544980  0.878170
-0.591966  0.825354
-0.527059  0.603308
-0.503956  0.877390
-0.540209  0.730341
-0.595596  1.053175
-0.371638  1.311506
-0.396904  0.596688
-0.351877  0.541544
-0.280769  0.765353
-0.194362  0.991343
-0.159363  1.243424
-0.230360  0.761400
 0.028669  0.575659
-0.167767  1.101565
-0.199388  1.099053
-0.260818  0.442752
-0.411340  0.836952
-0.553937  1.063855
-0.471906  0.769219
-0.522324  0.929576
-0.462674  1.008395
-0.498977  0.690211
-0.336932  0.978784
-0.318063  0.605515
-0.321968  0.692101
-0.293235  2.338246
-0.266169  1.195834
-0.258775  0.735184
-0.330087  1.191973
-0.101069  1.541120
-0.104896  2.746955
-0.192546  0.778895
-0.399463  1.057963
-0.450313  0.702443
-0.609521  1.445669
-0.681435  0.959202
-0.505511  2.190694
-0.487346  0.843525
-0.699621  0.925099
-0.311694  0.863333
-0.402242  1.115096
-0.290199  0.808987
-0.324218  0.518560
-0.107162  0.995188
-0.261023  1.119262
-0.564927  0.788692
-0.320172  1.161137
-0.384687  0.995294
-0.581845  0.807124
-0.569882  0.909597
-0.504994  1.037810
-0.189562  0.810842
-0.121593  0.893325
-0.186267  0.779543
-0.363820  0.631774
-0.301279  1.034624
-0.263144  0.697831
-0.388848  1.221093
-0.591925  0.748379
-0.561643  1.053137
-0.605259  0.752539
-0.389050  0.771043
-0.370168  1.180929
-0.296701  0.935940
-0.430744  0.595066
-0.422660  0.673236
-0.281862  0.526219
-0.398361  0.869329
-0.365368  0.811370
-0.372831  0.640752
-0.524216  0.930151
-0.581273  0.795594
-0.326547  0.702555
-0.356468  0.443897
-0.292698  0.826192
-0.306866  0.966413
-0.431677  0.915564
-0.522821  0.775610
-0.668250  1.119962
-0.809639  0.639221
-0.699939  0.829885
-0.744233  0.407846
-0.355481  0.636605
-0.114879  0.820483
-0.099072  1.093543
-0.231691  0.673721
-0.281792  0.539786
-0.301071  1.946398
-0.575259  0.860227
-0.595601  0.772272
-0.468004  0.627628
-0.564378  1.474819
-0.490659  1.030029
-0.385862  1.079486
-0.419073  0.929389
-0.504156  0.775192
-0.489804  1.411938
-0.485374  0.897583
-0.571579  0.747474
-0.542168  1.179906
-0.406080  1.156183
-0.394072  0.876738
-0.438668  1.012641
-0.228445  1.123850
-0.279396  1.026296
-0.519230  0.472772
-0.588661  0.912403
-0.570724  0.746381
-0.586370  1.342391
-0.512642  0.899376
-0.472253  0.975346
-0.753013  1.984884
-0.493609  1.060869
-0.617666  0.804480
-0.599147  0.932865
-0.559079  1.067103
-0.731854  1.000804
-0.687924  1.024266
-0.610027  0.609919
-0.674533  0.640946
-0.644927  1.138335
-0.680476  0.939027
-0.694379  1.559691
-0.688392  0.686079
-0.779934  0.573285
-0.695708  0.923656
-0.689647  0.935051
-0.638495  0.917402
-0.687578  1.052081
-0.483470  1.030032
-0.448113  0.597403
-0.495801  0.672388
-0.510407  0.992178
-0.357638  0.949816
-0.400584  1.181886
-0.475306  0.998330
-0.467976  0.636502
-0.307624  0.761743
-0.174725  0.911425
-0.250992  0.922815
-0.187014  1.210282
-0.193557  1.111355
-0.258162  1.033382
-0.283734  0.685776
-0.385879  0.521789
-0.538933  0.805392
-0.551037  0.899661
-0.624356  0.973680
-0.400331  0.596130
-0.381988  0.760736
-0.318729  0.829567
-0.153838  1.193820
-0.204080  0.816161
-0.295336  0.896249
-0.313737  0.592662
-0.258152  1.579940
-0.291831  0.834867
-0.389682  0.495596
-0.596066  0.517664
-0.518078  0.746246
-0.247562  0.657012
-0.338526  1.217521
-0.292543  0.562598
-0.417963  0.732890
-0.622285  0.488177
-0.631136  0.910616
-0.636206  1.068001
-0.710303  1.039634
-0.604359  0.675471
-0.536854  0.717884
-0.756229  0.972127
-0.806862  0.885000
-0.729648  1.178272
-0.535470  0.944816
-0.415578  0.596238
-0.489518  0.940114
-0.569925  1.109394
-0.691553  1.222270
-0.589685  0.895647
-0.404544  0.593446
-0.406259  1.006488
-0.494367  0.611957
-0.606310  0.950891
-0.497236  0.849892
-0.545689  1.088756
-0.536930  0.925967
-0.559741  1.216199
-0.707296  0.786767
-0.709148  0.900171
-0.738535  0.640703
-0.686949  1.723648
-0.891537  1.205642
-0.837586  0.907402
-0.607024  0.431364
-0.671869  1.088233
-0.588169  1.219083
-0.450798  0.812397
-0.299381  0.690276
-0.279447  1.482348
-0.373233  0.768355
-0.127235  0.884127
-0.349650  0.903751
-0.363715  0.615931
-0.455732  0.516541
-0.322582  0.729867
-0.357926  0.670238
-0.357242  0.775796
-0.306897  0.882409
-0.353842  1.612728
-0.383062  0.523375
-0.500165  0.732140
-0.592600  0.839947
-0.632917  0.831919
-0.543930  0.778870
-0.533715  1.011302
-0.535590  1.164753
-0.593605  0.754861
-0.615689  0.823974
-0.449797  1.895482
-0.376776  1.141782
-0.334015  0.816960
-0.405778  0.886557
-0.196812  0.674106
-0.059904  1.354846
-0.236848  0.825972
-0.258653  0.578306
-0.144555  1.185927
-0.135552  0.951014
-0.393350  1.173945
-0.368998  1.147395
-0.460242  1.067349
-0.481220  0.858627
-0.452954  0.857892
-0.615809  1.720188
-0.491108  1.256355
-0.481230  0.662561
-0.418967  1.313400
-0.440871  1.114031
-0.455438  1.224335
-0.622183  0.846766
-0.726652  0.657474
-0.591368  0.950799
-0.430990  0.864514
-0.413437  1.229038
-0.398661  1.099137
-0.504946  0.868035
-0.389895  1.582099
-0.289300  0.999522
-0.383689  0.933164
-0.363551  1.266847
-0.244769  0.798192
-0.311211  1.281213
-0.403643  0.487070
-0.473050  1.147510
-0.306516  1.482819
-0.430296  0.963255
-0.620076  0.943554
-0.553227  1.196352
-0.509135  0.816629
-0.386446  0.815897
-0.389551  1.339880
-0.300941  1.257322
-0.357183  1.588852
-0.485603  0.683396
-0.409103  1.131458
-0.419895  0.819111
-0.433955  0.882974
-0.547837  0.608987
-0.542988  0.942947
-0.344939  0.863126
-0.565554  0.500533
-0.664941  0.915935
-0.809381  0.671007
-0.639463  0.759417
-0.569812  0.767785
-0.698491  1.208183
-0.681839  0.847869
-0.688013  1.027470
-0.647716  0.650189
-0.563067  1.105121
-0.742787  1.113586
-0.671220  1.107240
-0.545611  0.939497
-0.437558  1.229518
-0.470830  1.224997
-0.453951  1.219567
-0.556313  1.320812
-0.576421  1.799659
-0.284616  0.909122
-0.274449  1.027569
-0.309795  0.887814
-0.539234  1.632709
-0.434051  1.110015
-0.542157  0.798182
-0.549733  1.249389
-0.637460  0.925690
-0.610041  1.213740
-0.496584  1.109645
-0.146532  1.588442
-0.185370  0.886848
 0.016904  1.198867
-0.085537  1.252004
-0.501155  2.008246
-0.521453  2.091359
-0.505679  0.821397
-0.473765  1.431712
-0.247870  0.838604
-0.106860  0.600730
-0.076415  0.830482
-0.127723  1.525432
-0.048869  1.290811
-0.165840  1.268317
-0.000366  1.052734
-0.056881  0.930325
 0.057644  0.964646
 0.050426  1.456139
-0.178081  0.856901
-0.379835  0.680973
-0.313518  1.040458
-0.289788  0.683576
-0.234878  0.960844
-0.474359  0.890646
-0.455056  1.204473
-0.429289  1.242419
-0.532571  0.580710
-0.427586  1.118216
-0.562073  0.825515
-0.571245  1.443064
-0.490462  0.765145
-0.422364  0.751789
-0.517069  0.785793
-0.421433  1.162571
-0.269151  1.014343
-0.470433  0.939005
-0.497483  1.230304
-0.692219  0.961551
-0.822402  1.928681
-0.715416  0.778874
-0.805174  0.691004
-0.892906  0.919955
-0.628097  0.591968
-0.661020  0.694909
-0.716995  0.888844
-0.743102  0.952372
-0.694022  0.655141
-0.578025  1.462265
-0.675395  1.011508
-0.531589  0.652750
-0.598828  1.012497
-0.509170  0.587712
-0.690025  0.842537
-0.672726  0.576040
-0.782262  0.995374
-0.727896  0.928003
-0.604746  0.882963
-0.492848  0.913395
-0.457342  0.520057
-0.489558  0.874109
-0.560786  0.789173
-0.410483  0.408239
-0.336135  0.879754
-0.338040  1.230783
-0.533000  0.430501
-0.452681  0.604579
-0.384342  1.159282
-0.541529  0.793450
-0.302413  0.863539
-0.363712  0.981559
-0.304809  1.053474
-0.296146  1.255285
-0.120993  0.621473
-0.256406  1.030002
-0.462651  1.306066
-0.163250  0.471186
-0.398934  0.608233
-0.396802  0.788277
-0.185119  0.878653
-0.330876  1.363177
-0.406600  2.137156
-0.204186  0.873784
-0.475181  0.739637
-0.607241  1.089096
-0.649307  0.899231
-0.390664  0.876163
-0.524663  0.814226
-0.393915  1.287553
-0.236036  0.784767
-0.393944  0.641865
-0.189120  0.697451
-0.099733  0.957945
-0.132755  1.794226
-0.172000  0.569756
-0.302553  0.795881
-0.316132  0.658847
-0.342388  0.872943
-0.513677  0.431556
-0.530695  1.051120
-0.413149  0.717508
-0.340934  1.466456
-0.475011  0.880537
-0.441771  0.638804
-0.588306  0.801180
-0.701982  0.918983
-0.745894  1.147499
-0.816388  0.987554
-0.791836  0.798258
-0.809126  0.585258
-0.808543  0.853774
-0.622215  0.610046
-0.488467  0.607728
-0.593950  0.844579
-0.494856  1.155587
-0.457281  0.552618
-0.482155  1.264546
-0.531357  0.723162
-0.525358  1.345374
-0.480756  0.805407
-0.227880  0.634922
-0.291903  0.658567
-0.132593  0.663270
-0.216441  0.615021
-0.415826  0.721777
-0.656117  1.169702
-0.733777  0.760423
-0.722406  0.703281
-0.638182  0.849420
-0.739246  0.776928
-0.527221  0.798023
-0.528701  0.840226
-0.620235  1.187418
-0.633310  0.988880
-0.673446  0.912705
-0.556382  0.536168
-0.629041  1.073578
-0.588818  1.190822
-0.571335  1.206602
-0.472061  0.927227
-0.546114  0.788256
-0.490676  0.696722
-0.526567  0.829888
-0.349077  0.620969
-0.253930  0.646991
-0.252176  0.857961
-0.309143  0.741846
-0.322969  0.987159
-0.254032  0.743588
-0.154459  0.584674
-0.208898  0.778557
-0.279182  0.665345
-0.252768  0.674135
-0.560162  0.977319
-0.662831  0.648850
-0.675738  1.475913
-0.561636  0.904739
-0.627488  1.169826
-0.712959  1.065871
-0.626397  1.399140
-0.695177  0.919012
-0.704429  0.901592
-0.751074  0.929970
-0.766244  1.438734
-0.824395  1.433043
-0.620368  1.239952
-0.659544  1.220522
-0.634747  0.737773
-0.525926  0.680482
-0.718542  0.487947
-0.679811  1.161149
-0.897707  0.997499
-0.934121  0.961095
-0.864148  3.047419
-0.948985  0.695120
-0.823004  1.223279
-0.880671  0.862044
-0.888126  1.032122
-0.866450  0.966486
-0.882788  0.688365
-0.830219  1.710110
-0.797614  1.179010
-0.762952  1.088051
-0.732930  1.380267
-0.699687  0.894389
-0.779412  0.763666
-0.732683  0.938726
-0.740322  1.220273
-0.608718  0.664977
-0.670983  1.204388
-0.815341  0.630513
-0.859133  0.863852
-0.724070  0.564358
-0.586669  0.808406
-0.573426  0.810200
