0.000000 0.213099
0.000000 0.035350
0.000000 0.033298
0.000000 0.060691
0.000000 0.115559
0.000000 0.053848
0.000000 0.034971
0.000000 0.085606
0.000000 0.042393
0.000000 0.040054
0.000000 0.300977
0.000000 0.061601
0.000000 0.054565
0.000000 0.026759
0.000000 0.074787
0.000000 0.052701
0.000000 0.064419
0.000000 0.051740
0.000000 0.025444
0.000000 0.049824
0.000000 0.027713
0.000000 0.042565
0.000000 0.095733
0.000000 0.049978
0.000000 0.031672
0.000000 0.035660
0.000000 0.031812
0.000000 0.036614
0.000000 0.040701
0.000000 0.048184
0.000000 0.047149
0.000000 0.037754
0.000000 0.045663
0.000000 0.037478
0.000000 0.016294
0.000000 0.049171
0.000000 0.029788
0.000000 0.033967
0.000000 0.037142
0.000000 0.021111
0.000000 0.020205
0.000000 0.038239
0.000000 0.020595
0.000000 0.056038
0.000000 0.045914
0.000000 0.063777
0.000000 0.087054
0.000000 0.057816
0.000000 0.083728
0.000000 0.109440
0.000000 0.090470
0.000000 0.276970
0.000000 0.039480
0.000000 0.055860
0.000000 0.079319
0.000000 0.018032
0.000000 0.074201
0.000000 0.187804
0.000000 0.338527
0.000000 0.205865
0.000000 0.068636
0.000000 0.076661
0.000000 0.039751
0.000000 0.446237
0.000000 0.138582
0.000000 0.092417
0.000000 0.158263
0.000000 0.027716
0.000000 0.035995
0.000000 0.047693
0.000000 0.020124
0.000000 0.032666
0.000000 0.033574
0.000000 0.142269
0.000000 0.061668
0.000000 0.055585
0.000000 0.020481
0.000000 0.048227
0.000000 0.077060
0.000000 0.051498
0.000000 0.024579
0.000000 0.049407
0.000000 0.108879
0.000000 0.158455
0.000000 0.027402
0.000000 0.083005
0.000000 0.055029
0.000000 0.044825
0.000000 0.031554
0.000000 0.159905
0.000000 0.122522
0.000000 0.119658
0.000000 0.043494
0.000000 0.033194
0.000000 0.015129
0.000000 0.026841
0.000000 0.040449
0.000000 0.039671
0.000000 0.062015
0.000000 0.031079
0.000000 0.087967
0.000000 0.144631
0.000000 0.031330
0.000000 0.033205
0.000000 0.022564
0.000000 0.097416
0.000000 0.026831
0.000000 0.045394
0.000000 0.057385
0.000000 0.023173
0.000000 0.054645
0.000000 0.070626
0.000000 0.047050
0.000000 0.055164
0.000000 0.040591
0.000000 0.043820
0.000000 0.032742
0.000000 0.045870
0.000000 0.100982
0.000000 0.035520
0.000000 0.036766
0.000000 0.036091
0.000000 0.046161
0.000000 0.034950
0.000000 0.026622
0.000000 0.044424
0.000000 0.046099
0.000000 0.043763
0.000000 0.040776
0.000000 0.028603
0.000000 0.049933
0.000000 0.047025
0.000000 0.039107
0.000000 0.087777
0.000000 0.065065
0.000000 0.049800
0.000000 0.017682
0.000000 0.030201
0.000000 0.029483
0.000000 0.392948
0.000000 0.026902
0.000000 0.042648
0.000000 0.050598
0.000000 0.062734
0.000000 0.021026
0.000000 0.159855
0.000000 0.074657
0.000000 0.069788
0.000000 0.021198
0.000000 0.093720
0.000000 0.098091
0.000000 0.018367
0.000000 0.069481
0.000000 0.080161
0.000000 0.105888
0.000000 0.057644
0.000000 0.149834
0.000000 0.023325
0.000000 0.037289
0.000000 0.102274
0.000000 0.055817
0.000000 0.062263
0.000000 0.031222
0.000000 0.059917
0.000000 0.099722
0.000000 0.098322
0.000000 0.087666
0.000000 0.029906
0.000000 0.043787
0.000000 0.036768
0.000000 0.057907
0.000000 0.069547
0.000000 0.082898
0.000000 0.051846
0.000000 0.047656
0.000000 0.157927
0.000000 0.032207
0.000000 0.079537
0.000000 0.076949
0.000000 0.019134
0.000000 0.026118
0.000000 0.065079
0.000000 0.042047
0.000000 0.030210
0.000000 0.045232
0.000000 0.064703
0.000000 0.104149
0.000000 0.029911
0.000000 0.032734
0.000000 0.056954
0.000000 0.135579
0.000000 0.037549
0.000000 0.033708
0.000000 0.038185
0.000000 0.070435
0.000000 0.021715
0.000000 0.053946
0.000000 0.164088
0.000000 0.183370
0.000000 0.044979
0.000000 0.084919
0.000000 0.055136
0.000000 0.020503
0.000000 0.032898
0.000000 0.074060
0.000000 0.045120
0.000000 0.110514
0.000000 0.053828
0.000000 0.087366
0.000000 0.041691
0.000000 0.024217
0.000000 0.063353
0.000000 0.039584
0.000000 0.070253
0.000000 0.038591
0.000000 0.041768
0.000000 0.050130
0.000000 0.023063
0.000000 0.055247
0.000000 0.051903
0.000000 0.021294
0.000000 0.050162
0.000000 0.060273
0.000000 0.088344
0.000000 0.099305
0.000000 0.606771
0.000000 0.068812
0.000000 0.039476
0.000000 0.036783
0.000000 0.024345
0.000000 0.071323
0.000000 0.069711
0.000000 0.041346
0.000000 0.124782
0.000000 0.030504
0.000000 0.102865
0.000000 0.041824
0.000000 0.030819
0.000000 0.117928
0.000000 0.029740
0.000000 0.069169
0.000000 0.054662
0.000000 0.037011
0.000000 0.029666
0.000000 0.042793
0.000000 0.017393
0.000000 0.014061
0.000000 0.020000
0.000000 0.056391
0.000000 0.020143
0.000000 0.053496
0.000000 0.201189
0.000000 0.062777
0.000000 0.283009
0.000000 0.079043
0.000000 0.066832
0.000000 0.040107
0.000000 0.074333
0.000000 0.067918
0.000000 0.036761
0.000000 0.035811
0.000000 0.026109
0.000000 0.043491
0.000000 0.082068
0.000000 0.060326
0.000000 0.193136
0.000000 0.070922
0.000000 0.123157
0.000000 0.049326
0.000000 0.071370
0.000000 0.027393
0.000000 0.040190
0.000000 0.237353
0.000000 0.044643
0.000000 0.086491
0.000000 0.061142
0.000000 0.028451
0.000000 0.029606
0.000000 0.081731
0.000000 0.028619
0.000000 0.054485
0.000000 0.193024
0.000000 0.025446
0.000000 0.031947
0.000000 0.034990
0.000000 0.041875
0.000000 0.018171
0.000000 0.043499
0.000000 0.437549
0.000000 0.052119
0.000000 0.050800
0.000000 0.137999
0.000000 0.051775
0.000000 0.112617
0.000000 0.441615
0.000000 0.077151
0.000000 0.122589
0.000000 0.046020
0.000000 0.047087
0.000000 0.149971
0.000000 0.077563
0.000000 0.967177
0.000000 0.051547
0.000000 0.082580
0.000000 0.074376
0.000000 0.021565
0.000000 0.022486
0.000000 0.032880
0.000000 0.031267
0.000000 0.090051
0.000000 0.210098
0.000000 0.208115
0.000000 0.037714
0.000000 0.055059
0.000000 0.024884
0.000000 0.017700
0.000000 0.020862
0.000000 0.023577
0.000000 0.059911
0.000000 0.033408
0.000000 0.053165
0.000000 0.109287
0.000000 0.139565
0.000000 0.091882
0.000000 0.167150
0.000000 0.076864
0.000000 0.155254
0.000000 0.088522
0.000000 0.053722
0.000000 0.064837
0.000000 0.064709
0.000000 0.051065
0.000000 0.037030
0.000000 0.016944
0.000000 0.395762
0.000000 0.164828
0.000000 0.030541
0.000000 0.025038
0.000000 0.104151
0.000000 0.035286
0.000000 0.034262
0.000000 0.035527
0.000000 0.043351
0.000000 0.023586
0.000000 0.042470
0.000000 0.032284
0.000000 0.060845
0.000000 0.037510
0.000000 0.085068
0.000000 0.051210
0.000000 0.030144
0.000000 0.109708
0.000000 0.030114
0.000000 0.030103
0.000000 0.047661
0.000000 0.016443
0.000000 0.028951
0.000000 0.061519
0.000000 0.040397
0.000000 0.064801
0.000000 0.020260
0.000000 0.029824
0.000000 0.019474
0.000000 0.045484
0.000000 0.066615
0.000000 0.050805
0.000000 0.095304
0.000000 0.032179
0.000000 0.020240
0.000000 0.033407
0.000000 0.061112
0.000000 0.022929
0.000000 0.025915
0.000000 0.192529
0.000000 0.016116
0.000000 0.042079
0.000000 0.072562
0.000000 0.034087
0.000000 0.030150
0.000000 0.415633
0.000000 0.067224
0.000000 0.039629
0.000000 0.041846
0.000000 0.195105
0.000000 0.040337
0.000000 0.031020
0.000000 0.062276
0.000000 0.018287
0.000000 0.025730
0.000000 0.029222
0.000000 0.023768
0.000000 0.020251
0.000000 0.116194
0.000000 0.039864
0.000000 0.463317
0.000000 0.066116
0.000000 0.058232
0.000000 0.037873
0.000000 0.053901
0.000000 0.055240
0.000000 0.058180
0.000000 0.046106
0.000000 0.041984
0.000000 0.034779
0.000000 0.084532
0.000000 0.028209
0.000000 0.042345
0.000000 0.041951
0.000000 0.044989
0.000000 0.126460
0.000000 0.072444
0.000000 0.068214
0.000000 0.134864
0.000000 0.186105
0.000000 0.044054
0.000000 0.095879
0.000000 0.040606
0.000000 0.039368
0.000000 0.016570
0.000000 0.027525
0.000000 0.157328
0.000000 0.057178
0.000000 0.066305
0.000000 0.049013
0.000000 0.032100
0.000000 0.056614
0.000000 0.157017
0.000000 0.034251
0.000000 0.065134
0.000000 0.043197
0.000000 0.059592
0.000000 0.049676
0.000000 0.085449
0.000000 0.099659
0.000000 0.183847
0.000000 0.060511
0.000000 0.095016
0.000000 0.121973
0.000000 0.044037
0.000000 0.046026
0.000000 0.157994
0.000000 0.150629
0.000000 0.071435
0.000000 0.190530
0.000000 0.022082
0.000000 0.022359
0.000000 0.019370
0.000000 0.036378
0.000000 0.022894
0.000000 0.069841
0.000000 0.065607
0.000000 0.041332
0.000000 0.039370
0.000000 0.021710
0.000000 0.022362
0.000000 0.042061
0.000000 0.030703
0.000000 0.024684
0.000000 0.030195
0.000000 0.029244
0.000000 0.044864
0.000000 0.036480
0.000000 0.131066
0.000000 0.059837
0.000000 0.017551
0.000000 0.040379
0.000000 0.027586
0.000000 0.043402
0.000000 0.043628
0.000000 0.028689
0.000000 0.067344
0.000000 0.053210
0.000000 0.065312
0.000000 0.049307
0.000000 0.060730
0.000000 0.133578
0.000000 0.051422
0.000000 0.072333
0.000000 0.128897
0.000000 0.026781
0.000000 0.060246
0.000000 0.017865
0.000000 0.042805
0.000000 0.036219
0.000000 0.167224
0.000000 0.064571
0.000000 0.156502
0.000000 0.078807
0.000000 0.052147
0.000000 0.057460
0.000000 0.050937
0.000000 0.093952
0.000000 0.029421
0.000000 0.033652
0.000000 0.021938
0.000000 0.092007
0.000000 0.103952
0.000000 0.102069
0.000000 0.160558
0.000000 0.171393
0.000000 0.338554
0.000000 0.235264
0.000000 0.133198
0.000000 0.109838
0.000000 0.080495
0.000000 0.043984
0.000000 0.027889
0.000000 0.040610
0.000000 0.052270
0.000000 0.035088
0.000000 0.084752
0.000000 0.059363
0.000000 0.037324
0.000000 0.028470
0.000000 0.044681
0.000000 0.050193
0.000000 0.068517
0.000000 0.177465
0.000000 0.104863
0.000000 0.144206
0.000000 0.063908
0.000000 0.032786
0.000000 0.114318
0.000000 0.045186
0.000000 0.033654
0.000000 0.049104
0.000000 0.035751
0.000000 0.026415
0.000000 0.079784
0.000000 0.037670
0.000000 0.028411
0.000000 0.041726
0.000000 0.031855
0.000000 0.098780
0.000000 0.027867
0.000000 0.019260
0.000000 0.029110
0.000000 0.070091
0.000000 0.120847
0.000000 0.067667
0.000000 0.096124
0.000000 0.195553
0.000000 0.224343
0.000000 0.072280
0.000000 0.089586
0.000000 0.028967
0.000000 0.033319
0.000000 0.017651
0.000000 0.033422
0.000000 0.096110
0.000000 0.060752
0.000000 0.027309
0.000000 0.035442
0.000000 0.037136
0.000000 0.041221
0.000000 0.052551
0.000000 0.028072
0.000000 0.023012
0.000000 0.022542
0.000000 0.042206
0.000000 0.060927
0.000000 0.028118
0.000000 0.034813
0.000000 0.026025
0.000000 0.082898
0.000000 0.128513
0.000000 0.182789
0.000000 0.056792
0.000000 0.019951
0.000000 0.066562
0.000000 0.029647
0.000000 0.035176
0.000000 0.044890
0.000000 0.052345
0.000000 0.042732
0.000000 0.612637
0.000000 0.024348
0.000000 0.047821
0.000000 0.031712
0.000000 0.050487
0.000000 0.040652
0.000000 0.099817
0.000000 0.295963
0.000000 0.035519
0.000000 0.027220
0.000000 0.092431
0.000000 0.063506
0.000000 0.035139
0.000000 0.028232
0.000000 0.027556
0.000000 0.017881
0.000000 0.042735
0.000000 0.062695
0.000000 0.024272
0.000000 0.029450
0.000000 0.030463
0.000000 0.026290
0.000000 0.021920
0.000000 0.025408
0.000000 0.075873
0.000000 0.076955
0.000000 0.063472
0.000000 0.025199
0.000000 0.076292
0.000000 0.038880
0.000000 0.018985
0.000000 0.043743
0.000000 0.025468
0.000000 0.062826
0.000000 0.035788
0.000000 0.021885
0.000000 0.032903
0.000000 0.034430
0.000000 0.028139
0.000000 0.026648
0.000000 0.055202
0.000000 0.041298
0.000000 0.026983
0.000000 0.071544
0.000000 0.083937
0.000000 0.038718
0.000000 0.083694
0.000000 0.590370
0.000000 0.061550
0.000000 0.077865
0.000000 0.209892
0.000000 0.046149
0.000000 0.366301
0.000000 0.094041
0.000000 0.048834
0.000000 0.042047
0.000000 0.047906
0.000000 0.052081
0.000000 0.141904
0.000000 0.032054
0.000000 0.121436
0.000000 0.076477
0.000000 0.033477
0.000000 0.027489
0.000000 0.026282
0.000000 0.077357
0.000000 0.063305
0.000000 0.105228
0.000000 0.026782
0.000000 0.021975
0.000000 0.050003
0.000000 0.017257
0.000000 0.080074
0.000000 0.033686
0.000000 0.023744
0.000000 0.039454
0.000000 0.041409
0.000000 0.042407
0.000000 0.022656
0.000000 0.023671
0.000000 0.064415
0.000000 0.049263
0.000000 0.027466
0.000000 0.049991
0.000000 0.069570
0.000000 0.090495
0.000000 0.073381
0.000000 0.079317
0.000000 0.106150
0.000000 0.092595
0.000000 0.096439
0.000000 0.095664
0.000000 0.108431
0.000000 0.039055
0.000000 0.070886
0.000000 0.030006
0.000000 0.095495
0.000000 0.047109
0.000000 0.063189
0.000000 0.065044
0.000000 0.714169
0.000000 0.035613
0.000000 0.030219
0.000000 0.064179
0.000000 0.051574
0.000000 0.019380
0.000000 0.039823
0.000000 0.060735
0.000000 0.021811
0.000000 0.066281
0.000000 0.048120
0.000000 0.023415
0.000000 0.034502
0.000000 0.058223
0.000000 0.032618
0.000000 0.159926
0.000000 0.151225
0.000000 0.028810
0.000000 0.057654
0.000000 0.050385
0.000000 0.081555
0.000000 0.035507
0.000000 0.071923
0.000000 0.025765
0.000000 0.025819
0.000000 0.026124
0.000000 0.033328
0.000000 0.042149
0.000000 0.044066
0.000000 0.062415
0.000000 0.109491
0.000000 0.030549
0.000000 0.140336
0.000000 0.045427
0.000000 0.059883
0.000000 0.035613
0.000000 0.045737
0.000000 0.056823
0.000000 0.017804
0.000000 0.061065
0.000000 0.042940
0.000000 0.141004
0.000000 0.144340
0.000000 0.075312
0.000000 0.032566
0.000000 0.095224
0.000000 0.019550
0.000000 0.030330
0.000000 0.021313
0.000000 0.030843
0.000000 0.025725
0.000000 0.018843
0.000000 0.043602
0.000000 0.047052
0.000000 0.837041
0.000000 0.031618
0.000000 0.031179
0.000000 0.028915
0.000000 0.037188
0.000000 0.029001
0.000000 0.059497
0.000000 0.054907
0.000000 0.024216
0.000000 0.059640
0.000000 0.042699
0.000000 0.022759
0.000000 0.048161
0.000000 0.027553
0.000000 0.036796
0.000000 0.014664
0.000000 0.027545
0.000000 0.069757
0.000000 0.029986
0.000000 0.053366
0.000000 0.206813
0.000000 0.025110
0.000000 0.056304
0.000000 0.036574
0.000000 0.020783
0.000000 0.034251
0.000000 0.042765
0.000000 0.051859
0.000000 0.046051
0.000000 0.081364
0.000000 0.026234
0.000000 0.034449
0.000000 0.031768
0.000000 0.059041
0.000000 0.300503
0.000000 0.070860
0.000000 0.041859
0.000000 0.097198
0.000000 0.027264
0.000000 0.017075
0.000000 0.055966
0.000000 0.046796
0.000000 0.044764
0.000000 0.042883
0.000000 0.024948
0.000000 0.025775
0.000000 0.062827
0.000000 0.025038
0.000000 0.044581
0.000000 0.024977
0.000000 0.108126
0.000000 2.701479
0.000000 0.086181
0.000000 0.184585
0.000000 0.024881
0.000000 0.030520
0.000000 0.041333
0.000000 0.039633
0.000000 0.037577
0.000000 0.028010
0.000000 0.018947
0.000000 0.090338
0.000000 0.027009
0.000000 0.022482
0.000000 0.017233
0.000000 0.022610
0.000000 0.104707
0.000000 0.142298
0.000000 0.078005
0.000000 0.054772
0.000000 0.028291
0.000000 0.033483
0.000000 0.036539
0.000000 0.079926
0.000000 0.068548
0.000000 0.022824
0.000000 0.039929
0.000000 0.019685
0.000000 0.024268
0.000000 0.080513
0.000000 0.030755
0.000000 0.016777
0.000000 0.049358
0.000000 0.020869
0.000000 0.027483
0.000000 0.100732
0.000000 0.034081
0.000000 0.034159
0.000000 0.028138
0.000000 0.027284
0.000000 0.045388
0.000000 0.051368
0.000000 0.027525
0.000000 0.105889
0.000000 0.272192
0.000000 0.122370
0.000000 0.045208
0.000000 0.020468
0.000000 0.037071
0.000000 0.144789
0.000000 0.034476
0.000000 0.021738
0.000000 0.047683
0.000000 0.114769
0.000000 0.033143
0.000000 0.043806
0.000000 0.101224
0.000000 0.059076
0.000000 0.052495
0.000000 0.063968
0.000000 0.165315
0.000000 0.051357
0.000000 0.091991
0.000000 0.051566
0.000000 0.060643
0.000000 0.042577
0.000000 0.063855
0.000000 0.037676
0.000000 0.040184
0.000000 0.038684
0.000000 0.040257
0.000000 0.068368
0.000000 0.021435
0.000000 0.045266
0.000000 0.018513
0.000000 0.071168
0.000000 0.038173
0.000000 0.261796
0.000000 0.033921
0.000000 0.040517
0.000000 0.059585
0.000000 0.054291
0.000000 0.105302
0.000000 0.506100
0.000000 0.076857
0.000000 0.526997
0.000000 0.324191
0.000000 0.084127
0.000000 0.038087
0.000000 0.071661
0.000000 0.279637
0.000000 0.025471
0.000000 0.067784
0.000000 0.042695
0.000000 0.032942
0.000000 0.055090
0.000000 0.056067
0.000000 0.145035
0.000000 0.046807
0.000000 0.119320
0.000000 0.528356
0.000000 0.046828
0.000000 0.023636
0.000000 0.072708
0.000000 0.083329
0.000000 0.037360
0.000000 0.035678
0.000000 0.021034
0.000000 0.035336
0.000000 0.072817
0.000000 0.027373
0.000000 0.042084
0.000000 0.040681
0.000000 0.058351
0.000000 0.026333
0.000000 0.031169
0.000000 0.093677
0.000000 0.060928
0.000000 0.126800
0.000000 0.036063
0.000000 0.027728
0.000000 0.070360
0.000000 0.049946
0.000000 0.568297
0.000000 0.077847
0.000000 0.087767
0.000000 0.069276
0.000000 0.023873
0.000000 0.043536
0.000000 0.024970
0.000000 0.032683
0.000000 0.030209
0.000000 0.187317
0.000000 0.049088
0.000000 0.033133
0.000000 0.133297
0.000000 0.061662
0.000000 0.031453
0.000000 0.093565
0.000000 0.114811
0.000000 0.053479
0.000000 0.021352
0.000000 0.030730
0.000000 0.087643
0.000000 0.059938
0.000000 0.078333
0.000000 0.084319
0.000000 0.141517
0.000000 0.091290
0.000000 0.070086
0.000000 0.040147
0.000000 0.034878
0.000000 0.071402
0.000000 0.025540
0.000000 0.088221
0.000000 0.039149
0.000000 0.042683
0.000000 0.034871
0.000000 0.042435
0.000000 0.019984
0.000000 0.118003
0.000000 0.140927
0.000000 0.119099
0.000000 0.044033
0.000000 0.260203
0.000000 0.182740
0.000000 0.048880
0.000000 0.090141
0.000000 0.025902
0.000000 0.025900
0.000000 0.033570
0.000000 0.094360
0.000000 0.086464
0.000000 0.074082
0.000000 0.026425
0.000000 0.030738
0.000000 0.021891
0.000000 0.053007
0.000000 0.016722
0.000000 0.053895
0.000000 0.036254
0.000000 0.036567
0.000000 0.069997
0.000000 0.032068
0.000000 0.030838
0.000000 0.024875
0.000000 0.020648
0.000000 0.017559
0.000000 0.033072
0.000000 0.058697
0.000000 0.017617
0.000000 0.046191
0.000000 0.059991
0.000000 0.040935
0.000000 0.046538
0.000000 0.030127
0.000000 0.019028
0.000000 0.088127
0.000000 0.055564
0.000000 0.064453
0.000000 0.040796
0.000000 0.089535
0.000000 0.242394
0.000000 0.035112
0.000000 0.216095
0.000000 0.113977
0.000000 0.118132
0.000000 0.078458
0.000000 0.035629
0.000000 0.031219
0.000000 0.023464
0.000000 0.056811
0.000000 0.058198
0.000000 0.031583
0.000000 0.036569
0.000000 0.073029
0.000000 0.042996
0.000000 0.028772
0.000000 0.027004
0.000000 0.045305
0.000000 0.067106
0.000000 0.025965
0.000000 0.037046
0.000000 0.023204
0.000000 0.046461
0.000000 0.062697
0.000000 0.107896
0.000000 0.104492
0.000000 0.075609
0.000000 0.026920
0.000000 0.044455
0.000000 0.080641
0.000000 0.047462
0.000000 0.044313
0.000000 0.032706
0.000000 0.054914
0.000000 0.018035
0.000000 0.115531
0.000000 0.037203
0.000000 0.021683
0.000000 0.029190
0.000000 0.055803
0.000000 0.064333
0.000000 0.087100
0.000000 0.044333
0.000000 0.045598
0.000000 0.217494
0.000000 0.139918
0.000000 0.103979
0.000000 0.030635
0.000000 0.041749
0.000000 0.018219
0.000000 0.030641
0.000000 0.020532
0.000000 0.025774
0.000000 0.041020
0.000000 0.057047
0.000000 0.192305
0.000000 0.019429
0.000000 0.020924
0.000000 0.031201
0.000000 0.031328
0.000000 0.032889
0.000000 0.083388
0.000000 0.064721
0.000000 0.042324
0.000000 0.073055
0.000000 0.027026
0.000000 0.105012
0.000000 0.040937
0.000000 0.106162
0.000000 0.065497
0.000000 0.032560
0.000000 0.015807
0.000000 0.043067
0.000000 0.044764
0.000000 0.028943
0.000000 0.036746
0.000000 0.029105
0.000000 0.014359
0.000000 0.092240
0.000000 0.052302
0.000000 0.045817
0.000000 0.023469
0.000000 0.051216
0.000000 0.083729
0.000000 0.053904
0.000000 0.304449
0.000000 0.159089
0.000000 0.070348
0.000000 0.026178
0.000000 0.072309
0.000000 0.056427
0.000000 0.187058
0.000000 0.105039
0.000000 0.049912
0.000000 0.056005
0.000000 0.063358
0.000000 0.084554
0.000000 0.077557
0.000000 0.090037
0.000000 0.022181
0.000000 0.035338
0.000000 0.055354
0.000000 0.188475
0.000000 0.069109
0.000000 0.026453
0.000000 0.064750
0.000000 0.032559
0.000000 0.045417
0.000000 0.043114
0.000000 0.020974
0.000000 0.029206
0.000000 0.020441
0.000000 0.062531
0.000000 0.029458
0.000000 0.045675
0.000000 0.049212
0.000000 0.025575
0.000000 0.041255
0.000000 0.037128
0.000000 0.030036
0.000000 0.039724
0.000000 0.042482
0.000000 0.034241
0.000000 0.032661
0.000000 0.039294
0.000000 0.036840
0.000000 0.027747
0.000000 0.024750
0.000000 0.077083
0.000000 0.041603
0.000000 0.023426
0.000000 0.040148
0.000000 0.026160
0.000000 0.040751
0.000000 0.034839
0.000000 0.155887
0.000000 0.033223
0.000000 0.015512
0.000000 0.038406
0.000000 0.024842
0.000000 0.024280
0.000000 0.285253
0.000000 0.055503
0.000000 0.025112
0.000000 0.016044
0.000000 0.029052
0.000000 0.020329
0.000000 0.020021
0.000000 0.026090
0.000000 0.046978
0.000000 0.082420
0.000000 0.026736
0.000000 0.030404
0.000000 0.077473
0.000000 0.052710
0.000000 0.078439
0.000000 0.281532
0.000000 0.150037
0.000000 0.045126
0.000000 0.110906
0.000000 0.020826
0.000000 0.153727
0.000000 0.052790
0.000000 0.035070
0.000000 0.031861
0.000000 0.053493
0.000000 0.062649
0.000000 0.026185
0.000000 0.018607
0.000000 0.034548
0.000000 0.076350
0.000000 0.091988
0.000000 0.058322
0.000000 0.105588
0.000000 0.437570
0.000000 0.083754
0.000000 0.045630
0.000000 0.227459
0.000000 0.140719
0.000000 0.058128
0.000000 0.119815
0.000000 0.117235
0.000000 0.195944
0.000000 0.070652
0.000000 0.026603
0.000000 0.021200
0.000000 0.031907
0.000000 0.052399
0.000000 0.024135
0.000000 0.052874
0.000000 0.061589
0.000000 0.036545
0.000000 0.020128
0.000000 0.049413
0.000000 0.064803
0.000000 0.050553
0.000000 0.048009
0.000000 0.038262
0.000000 0.044797
0.000000 0.070453
0.000000 0.065520
0.000000 0.043521
0.000000 0.019959
0.000000 0.053856
0.000000 0.034901
0.000000 0.016380
0.000000 0.017392
0.000000 0.036511
0.000000 0.033767
0.000000 0.035517
0.000000 0.015448
0.000000 0.056903
0.000000 0.032258
0.000000 0.176292
0.000000 0.087690
0.000000 0.094018
0.000000 0.083740
0.000000 0.030728
0.000000 0.086682
0.000000 0.067675
0.000000 0.050635
0.000000 0.054763
0.000000 0.092686
0.000000 0.025397
0.000000 0.040783
0.000000 0.037963
0.000000 0.039046
0.000000 0.035131
0.000000 0.046866
0.000000 0.035961
0.000000 0.160617
0.000000 0.027335
0.000000 0.085721
0.000000 0.083162
0.000000 0.043176
0.000000 0.042431
0.000000 0.022721
0.000000 0.022530
0.000000 0.092525
0.000000 0.078371
0.000000 0.040452
0.000000 0.057966
0.000000 0.149713
0.000000 0.089330
0.000000 0.029761
0.000000 0.101864
0.000000 0.030066
0.000000 0.034144
0.000000 0.027919
0.000000 0.031860
0.000000 0.020215
0.000000 0.033930
0.000000 0.024916
0.000000 0.032417
0.000000 0.024594
0.000000 0.017135
0.000000 0.018551
0.000000 0.072816
0.000000 0.035015
0.000000 0.091605
0.000000 0.068557
0.000000 0.039493
0.000000 0.051983
0.000000 0.020847
0.000000 0.046167
0.000000 0.033627
0.000000 0.064113
0.000000 0.023853
0.000000 0.037746
0.000000 0.013812
0.000000 0.199370
0.000000 0.083322
0.000000 0.027147
0.000000 0.043412
0.000000 0.123505
0.000000 0.193148
0.000000 0.317021
0.000000 0.036589
0.000000 0.091693
0.000000 0.046332
0.000000 0.082968
0.000000 0.056203
0.000000 0.062697
0.000000 0.110728
0.000000 0.059372
0.000000 0.067127
0.000000 0.078323
0.000000 0.139552
0.000000 0.159195
0.000000 0.048400
0.000000 0.042641
0.000000 0.093549
0.000000 0.163228
0.000000 0.041869
0.000000 0.029509
0.000000 0.043325
0.000000 0.147265
0.000000 0.146742
0.000000 0.176813
0.000000 0.068590
0.000000 0.065428
0.000000 0.037424
0.000000 0.020735
0.000000 0.062266
0.000000 0.050195
0.000000 0.100878
0.000000 0.078393
0.000000 0.047765
0.000000 0.051772
0.000000 0.097069
0.000000 0.078821
0.000000 0.093419
0.000000 0.131746
0.000000 0.035298
0.000000 0.034280
0.000000 0.248092
0.000000 0.041613
0.000000 0.050496
0.000000 0.034933
0.000000 0.025144
0.000000 0.036055
0.000000 0.014388
0.000000 0.046819
0.000000 0.024582
0.000000 0.059941
0.000000 0.026657
0.000000 0.018150
0.000000 0.025161
0.000000 0.041094
0.000000 0.061457
0.000000 1.041758
0.000000 0.157989
0.000000 0.139969
0.000000 0.029286
0.000000 0.027498
0.000000 0.037645
0.000000 0.038797
0.000000 0.023695
0.000000 0.073997
0.000000 0.095090
0.000000 0.073772
0.000000 0.056241
0.000000 0.035200
0.000000 0.081997
0.000000 0.060133
0.000000 0.212421
0.000000 0.201746
0.000000 0.055490
0.000000 0.046993
0.000000 0.043589
0.000000 0.025120
0.000000 0.039883
0.000000 0.045033
0.000000 0.047284
0.000000 0.029126
0.000000 0.035909
0.000000 0.032310
0.000000 0.062240
0.000000 0.038599
0.000000 0.045195
0.000000 0.059384
0.000000 0.047275
0.000000 0.063735
0.000000 0.092478
0.000000 0.224772
0.000000 0.128354
0.000000 0.048835
0.000000 0.042106
0.000000 0.028251
0.000000 0.025168
0.000000 0.087299
0.000000 0.033566
0.000000 0.044226
0.000000 0.056445
0.000000 0.026697
0.000000 0.083399
0.000000 0.323178
0.000000 0.110575
0.000000 0.060607
0.000000 0.023388
0.000000 0.026426
0.000000 0.025958
0.000000 0.024127
0.000000 0.051936
0.000000 0.123080
0.000000 0.157304
0.000000 0.138988
0.000000 0.068722
0.000000 0.031256
0.000000 0.060011
0.000000 0.073625
0.000000 0.033474
0.000000 0.089799
0.000000 0.102068
0.000000 0.035424
0.000000 0.045049
0.000000 0.049897
0.000000 0.041323
0.000000 0.029404
0.000000 0.038283
0.000000 0.079530
0.000000 0.189165
0.000000 0.052296
0.000000 0.028657
0.000000 0.072428
0.000000 0.211496
0.000000 0.030850
0.000000 0.030964
0.000000 0.015550
0.000000 0.154560
0.000000 0.037632
0.000000 0.037211
0.000000 0.016023
0.000000 0.080158
0.000000 0.025871
0.000000 0.031457
0.000000 0.028183
0.000000 0.062748
0.000000 0.131030
0.000000 0.045249
0.000000 0.056079
0.000000 0.118139
0.000000 0.119952
0.000000 0.047387
0.000000 0.285326
0.000000 0.108714
0.000000 0.042961
0.000000 0.061352
0.000000 0.070709
0.000000 0.042121
0.000000 0.097928
0.000000 0.026422
0.000000 0.040835
0.000000 0.079395
0.000000 0.157866
0.000000 0.050366
0.000000 0.039399
0.000000 0.164893
0.000000 0.091955
0.000000 0.033432
0.000000 0.045718
0.000000 0.023932
0.000000 0.029212
0.000000 0.032498
0.000000 0.041845
0.000000 0.028946
0.000000 0.030164
0.000000 0.049786
0.000000 0.043316
0.000000 0.033837
0.000000 0.030483
0.000000 0.028833
0.000000 0.033392
0.000000 0.021099
0.000000 0.031608
0.000000 0.030431
0.000000 0.033613
0.000000 0.021323
0.000000 0.040415
0.000000 0.097137
0.000000 0.027963
0.000000 0.035534
0.000000 0.076304
0.000000 0.033631
0.000000 0.075633
0.000000 0.031650
0.000000 0.054671
0.000000 0.033614
0.000000 0.120754
0.000000 0.028544
0.000000 0.060713
0.000000 0.024031
0.000000 0.047828
0.000000 0.178969
0.000000 0.024375
0.000000 0.033242
0.000000 0.051853
0.000000 0.027260
0.000000 0.061644
0.000000 0.038743
0.000000 0.018064
0.000000 0.079562
0.000000 0.048657
0.000000 0.054532
0.000000 0.056812
0.000000 0.034006
0.000000 0.061517
0.000000 0.021180
0.000000 0.024026
0.000000 0.057014
0.000000 0.024649
0.000000 0.036272
0.000000 0.028244
0.000000 0.034505
0.000000 0.034688
0.000000 0.021431
0.000000 0.051015
0.000000 0.031197
0.000000 0.022204
0.000000 0.036153
0.000000 0.145459
0.000000 0.071785
0.000000 0.022883
0.000000 0.054196
0.000000 0.038971
0.000000 0.104130
0.000000 0.024516
0.000000 0.048787
0.000000 0.088558
0.000000 0.037281
0.000000 0.015253
0.000000 0.023099
0.000000 0.062253
0.000000 0.581042
0.000000 0.085516
0.000000 0.057141
0.000000 0.057384
0.000000 0.547839
