  0.133573 680.798462
  0.131508 718.438663
  0.136542 764.472300
  0.137382 806.209886
  0.133506 722.343568
  0.136553 719.346884
  0.131091 735.482363
  0.130691 701.810853
  0.130619 693.678363
  0.133499 765.624797
  0.137655 747.685493
  0.132819 632.626524
  0.131415 673.912701
  0.133054 672.676578
  0.131867 748.960008
  0.135827 670.175573
  0.134793 668.092660
  0.129462 715.596376
  0.134039 703.180025
  0.134197 646.000262
  0.134155 694.934285
  0.133001 682.713047
  0.133224 731.435125
  0.131447 721.180473
  0.134922 690.673427
  0.131169 753.495238
  0.136119 762.905673
  0.131496 724.787067
  0.131955 745.621741
  0.132635 705.543476
  0.127113 790.805787
  0.128986 749.178841
  0.131509 697.502472
  0.129177 684.214743
  0.128248 782.757763
  0.134558 680.221423
  0.129130 786.387937
  0.134845 712.557126
  0.133309 686.016079
  0.134702 769.901366
  0.133379 660.857521
  0.134632 643.972830
  0.133843 685.489364
  0.132323 679.443305
  0.134750 698.519056
  0.135041 752.214770
  0.132744 694.999313
  0.135134 701.248726
  0.132671 722.750033
  0.133765 672.932232
  0.135536 622.739638
  0.135034 579.666007
  0.135190 710.421962
  0.132925 661.885868
  0.132806 725.482671
  0.132402 733.523374
  0.132485 746.382472
  0.136162 858.656082
  0.135426 735.916725
  0.137283 701.322636
  0.134204 642.195823
  0.131922 689.496491
  0.139449 613.510611
  0.135770 769.127241
  0.134769 681.685044
  0.135391 670.817455
  0.133364 658.649724
  0.130439 835.098824
  0.134569 746.017322
  0.135180 729.853380
  0.133260 724.924227
  0.135175 762.987071
  0.136271 741.840916
  0.132637 590.302786
  0.131976 671.958658
  0.134737 703.027778
  0.134745 692.802366
  0.134148 632.714824
  0.133907 723.824130
  0.134417 723.391691
  0.131871 651.995855
  0.129366 751.585787
  0.135530 757.934128
  0.133630 695.361750
  0.128075 733.941108
  0.133821 681.147655
  0.134247 738.165095
  0.134167 785.914629
  0.132669 661.243731
  0.136244 753.715597
  0.132672 754.433782
  0.135179 725.955043
  0.132911 718.608622
  0.132606 780.188965
  0.127989 736.668227
  0.132243 737.175084
  0.133219 715.156574
  0.138086 703.352797
  0.134499 642.594042
  0.131991 818.678701
  0.131670 737.070578
  0.137259 775.845747
  0.135627 730.732218
  0.134413 713.788521
  0.134450 738.338473
  0.132564 695.030667
  0.132592 712.865045
  0.132162 675.085373
  0.134994 680.549967
  0.136425 619.561938
  0.135656 686.858871
  0.135109 765.819262
  0.132387 820.865582
  0.135578 631.610770
  0.135423 669.827083
  0.132374 648.899184
  0.134706 665.895971
  0.133604 745.130362
  0.135386 697.129537
  0.135401 770.522531
  0.137639 718.535272
  0.133995 699.618012
  0.132078 702.330802
  0.134519 709.600252
  0.132918 701.029613
  0.129802 781.883521
  0.136379 719.615410
  0.136239 697.743141
  0.133374 670.265652
  0.134559 768.649519
  0.129778 753.584134
  0.130887 691.402744
  0.132910 678.857447
  0.132173 640.894302
  0.130716 781.066579
  0.136982 727.039808
  0.137754 746.175219
  0.133222 699.371186
  0.136445 737.229727
  0.133807 745.659768
  0.129825 655.810046
  0.134165 666.097513
  0.135816 746.319368
  0.134562 644.279578
  0.133214 752.358316
  0.132685 752.661593
  0.136109 727.265122
  0.132281 664.240027
  0.134363 611.792299
  0.130962 708.301075
  0.136436 648.419248
  0.134638 703.865784
  0.131159 843.267018
  0.126700 712.964098
  0.135093 645.146211
  0.129164 800.293567
  0.129870 665.438744
  0.137942 751.564261
  0.126374 703.536226
  0.131935 715.307737
  0.133491 759.731393
  0.134456 693.944449
  0.131828 661.415848
  0.137587 689.466752
  0.134973 687.294003
  0.135681 735.689746
  0.136022 714.167983
  0.135148 727.898812
  0.133606 763.233397
  0.130380 709.056929
  0.133725 776.137308
  0.135028 600.331251
  0.135404 746.718041
  0.136409 681.152207
  0.133483 811.218679
  0.132939 714.307239
  0.136697 704.348751
  0.133109 660.389627
  0.133142 708.021395
  0.132112 704.420008
  0.134873 678.313934
  0.131313 702.971593
  0.133175 681.021993
  0.131734 708.462108
  0.135312 819.855637
  0.134590 675.830509
  0.136441 669.012108
  0.130285 736.205291
  0.133329 721.438625
  0.134200 662.599477
  0.135024 704.312344
  0.134901 665.951276
  0.132327 733.854083
  0.129654 694.551085
  0.134573 720.413223
  0.130416 734.781122
  0.135357 702.514091
  0.133858 760.228890
  0.133072 695.542977
  0.131030 634.057494
  0.134332 795.289960
  0.135936 776.659109
  0.132805 652.257176
  0.133288 780.570712
  0.134418 622.656360
  0.135422 740.104681
  0.128573 785.766309
  0.133436 688.575316
  0.135349 753.739346
  0.132701 690.353630
  0.132497 822.015922
  0.131032 692.823667
  0.130511 674.427001
  0.129856 745.652235
  0.134682 818.501046
  0.131181 675.931486
  0.132796 719.636274
  0.132428 759.849635
  0.128828 674.343746
  0.133600 756.415775
  0.129868 804.580107
  0.135732 690.239906
  0.133149 698.677642
  0.137656 695.371431
  0.134883 661.205890
  0.133933 622.044878
  0.134737 728.384291
  0.135169 687.647442
  0.135323 827.586944
  0.135235 694.321607
  0.136579 904.666836
  0.131801 798.142301
  0.135768 668.009418
  0.129208 791.651667
  0.132894 744.390304
  0.135533 666.723295
  0.135707 728.950013
  0.133771 752.141551
  0.132793 697.330561
  0.135202 618.509357
  0.133527 745.275994
  0.135527 665.023913
  0.134353 624.080557
  0.135473 727.364894
  0.136683 670.782788
  0.136470 694.004088
  0.134162 681.765662
  0.127346 690.201872
  0.136803 679.852068
  0.132284 683.229853
  0.130357 771.188946
  0.134704 652.956670
  0.132256 754.384315
  0.135494 673.551106
  0.134163 811.870808
  0.132766 760.798781
  0.136702 736.175413
  0.133848 810.232219
  0.134252 660.398833
  0.131045 686.016420
  0.134054 686.508403
  0.135821 816.444357
  0.132467 752.313769
  0.133139 708.410114
  0.131609 657.946865
  0.133343 652.365663
  0.137987 634.954904
  0.133726 661.835299
  0.136023 648.833051
  0.133746 696.642572
  0.131930 659.655998
  0.134750 527.762247
  0.137948 624.266145
  0.134385 664.759174
  0.133452 664.060271
  0.134825 717.221918
  0.136506 714.944625
  0.133292 713.444326
  0.133502 680.117318
  0.134636 711.378602
  0.133606 715.559907
  0.135802 674.183807
  0.131579 765.446952
  0.129784 719.286290
  0.132516 731.171452
  0.129389 546.557704
  0.129760 694.464581
  0.133375 671.300597
  0.135496 745.927857
  0.132440 708.283907
  0.133478 755.906184
  0.133669 746.544656
  0.135756 782.916579
  0.132578 727.993844
  0.132769 716.293711
  0.133006 695.805622
  0.136682 709.963366
  0.136266 758.453318
  0.138016 694.363309
  0.133714 686.872670
  0.135265 684.165870
  0.132925 698.312999
  0.134786 761.839799
  0.133772 627.492674
  0.137345 776.344542
  0.135524 682.996176
  0.134720 755.810609
  0.132057 784.472385
  0.138325 679.200680
  0.133500 722.378180
  0.132994 733.656964
  0.133730 604.544436
  0.134216 775.824034
  0.136598 625.020124
  0.137832 733.741391
  0.131448 630.704699
  0.136825 652.518879
  0.136323 793.293765
  0.134587 711.870902
  0.131543 656.680466
  0.133873 629.839241
  0.135960 616.175971
  0.134297 641.955455
  0.136438 697.813697
  0.133029 711.880126
  0.136094 659.655714
  0.135064 689.769244
  0.134907 765.140677
  0.133251 722.398682
  0.136021 736.037245
  0.134242 727.910344
  0.130468 664.228732
  0.134894 678.157468
  0.135966 721.286741
  0.134977 688.697228
  0.139161 678.791870
  0.134385 696.194895
  0.132454 716.348379
  0.135765 644.783816
  0.135144 771.335039
  0.134865 634.803820
  0.133287 677.509755
  0.130761 694.667806
  0.133673 741.371930
  0.138192 670.760769
  0.129394 656.774786
  0.136894 794.863428
  0.131296 743.989065
  0.136225 671.657679
  0.132109 670.377775
  0.135443 680.663950
  0.134950 749.671137
  0.132891 735.590791
  0.134457 751.180502
  0.132328 728.989806
  0.138316 690.995456
  0.135593 689.567306
  0.133586 623.028876
  0.137369 652.517208
  0.133210 702.486621
  0.132363 637.673482
  0.133047 767.404116
  0.131399 660.056387
  0.133333 613.570761
  0.133870 712.129533
  0.133654 634.160925
  0.130199 713.361231
  0.132229 753.527915
  0.131541 772.313911
  0.133251 719.331396
  0.140159 680.204106
  0.133663 600.967421
  0.130890 706.937442
  0.133409 733.274076
  0.133720 709.214747
  0.135882 733.545377
  0.130452 625.092788
  0.140550 767.056891
  0.132575 702.390444
  0.134270 786.603785
  0.130023 676.195299
  0.139029 769.603768
  0.134325 707.395209
  0.134356 694.119551
  0.133262 784.261540
  0.133564 732.003817
  0.132776 816.732162
  0.132664 751.815301
  0.131941 733.042424
  0.135127 695.499838
  0.137854 762.069171
  0.129092 678.155403
  0.132884 687.152070
  0.128413 705.243427
  0.133723 820.381111
  0.131464 768.422952
  0.131246 682.539850
  0.132129 723.528527
  0.136373 668.741782
  0.130432 769.894742
  0.133291 721.416533
  0.135075 785.969055
  0.134121 800.796566
  0.129779 725.818924
  0.135015 642.212904
  0.131267 659.755151
  0.135197 729.343375
  0.136030 699.886641
  0.134001 669.874648
  0.133476 770.270128
  0.133788 660.690459
  0.131947 742.893136
  0.129578 690.235748
  0.131528 807.216288
  0.131172 659.344604
  0.133798 723.264706
  0.134390 758.076837
  0.134267 629.176810
  0.133313 699.660564
  0.130113 670.924801
  0.132593 677.706709
  0.139024 619.650155
  0.136066 647.712941
  0.133844 693.148524
  0.132162 725.919479
  0.130639 623.576059
  0.131369 692.834617
  0.133186 625.413021
  0.137810 773.525955
  0.136217 665.574032
  0.132944 660.694961
  0.134444 718.258163
  0.134511 693.310647
  0.137498 718.781579
  0.131573 620.941868
  0.133728 709.434433
  0.133512 661.197557
  0.132718 688.438977
  0.137112 687.760021
  0.134808 736.889199
  0.131762 678.747070
  0.135926 739.273884
  0.134036 667.611889
  0.131972 742.411600
  0.131238 773.391953
  0.136928 814.246489
  0.128408 789.570088
  0.138356 676.165603
  0.131192 732.563587
  0.132299 622.673058
  0.134629 705.656777
  0.133565 720.648825
  0.137141 714.951920
  0.133188 605.176959
  0.130944 676.620609
  0.137404 621.025278
  0.132952 714.899500
  0.130952 786.661543
  0.137283 757.553097
  0.133229 682.183478
  0.135188 718.906294
  0.130408 674.993321
  0.134125 662.357165
  0.134772 663.749540
  0.136151 690.895506
  0.133337 661.808911
  0.132830 698.578677
  0.135364 722.358231
  0.130038 728.838760
  0.132815 689.541053
  0.133371 718.457517
  0.132750 647.464582
  0.131682 684.566704
  0.132221 700.009081
  0.134777 738.588502
  0.140134 615.667074
  0.137094 698.113763
  0.130711 702.306897
  0.131176 748.511920
  0.134287 604.939498
  0.130200 796.395514
  0.132846 774.152164
  0.133810 672.600341
  0.137484 674.794011
  0.133309 688.105386
  0.132837 747.809574
  0.132695 757.118036
  0.134047 677.200561
  0.134091 668.248693
  0.131830 624.328412
  0.134928 700.770154
  0.132446 653.990711
  0.135035 688.597886
  0.130634 689.562699
  0.132897 628.007810
  0.133466 634.321515
  0.134950 708.677506
  0.129156 708.588661
  0.139374 673.969857
  0.133207 711.295963
  0.133396 762.773415
  0.133766 656.852319
  0.134305 719.229133
  0.135039 716.810429
  0.133357 767.484035
  0.133821 645.922450
  0.132691 736.874348
  0.132758 812.382421
  0.134684 714.549986
  0.136095 698.575208
  0.129912 638.259091
  0.130346 782.730667
  0.128561 651.603525
  0.135003 706.387161
  0.128208 579.740862
  0.132442 680.195027
  0.135206 760.869350
  0.136542 727.873895
  0.133825 717.369858
  0.133760 689.877033
  0.135335 793.047663
  0.137610 713.718889
  0.132145 721.067019
  0.132555 765.817747
  0.129500 733.473611
  0.135865 724.705647
  0.130859 782.122428
  0.134203 739.285926
  0.132925 737.199229
  0.132593 691.311623
  0.136459 744.504326
  0.131304 768.273249
  0.135301 805.563182
  0.133987 725.848829
  0.133242 754.234724
  0.133074 725.146690
  0.133196 849.502512
  0.132796 712.807582
  0.128010 673.128131
  0.135462 716.738941
  0.130591 696.959200
  0.135545 696.574136
  0.135723 838.292001
  0.132919 662.352284
  0.133147 666.986156
  0.135043 736.902080
  0.128743 687.206270
  0.131757 701.286842
  0.132842 695.683116
  0.134232 691.161120
  0.136786 677.869294
  0.132780 714.732043
  0.130822 672.573949
  0.132843 705.242627
  0.129962 777.739883
  0.130228 673.334171
  0.130166 721.138832
  0.133033 818.210391
  0.134521 657.991882
  0.134893 699.093061
  0.135913 697.241729
  0.127614 702.404861
  0.132447 678.759788
  0.132533 770.209336
  0.132420 675.086674
  0.131753 735.115148
  0.136903 703.071485
  0.134046 770.524842
  0.134174 702.235483
  0.136165 692.798818
  0.137820 664.485671
  0.134176 745.290895
  0.129603 680.529876
  0.137343 768.510329
  0.134550 707.608925
  0.137068 727.344725
  0.135411 729.990641
  0.133628 798.464192
  0.135945 672.013217
  0.130405 647.017174
  0.134324 714.930417
  0.135295 629.330168
  0.133532 750.438861
  0.133214 689.768766
  0.133522 759.740808
  0.132433 725.863977
  0.135299 707.794402
  0.135116 626.113612
  0.133314 702.486195
  0.134932 641.753533
  0.136517 647.154417
  0.134093 680.222106
  0.131985 715.576190
  0.131336 616.633812
  0.132104 647.991780
  0.135255 755.776231
  0.134711 703.556321
  0.133818 742.608809
  0.131556 692.161933
  0.136294 777.186985
  0.133575 749.003511
  0.133780 751.638293
  0.132312 696.568936
  0.129803 727.682469
  0.127773 665.746443
  0.133837 768.942522
  0.129719 712.678602
  0.131733 619.751815
  0.132637 649.503132
  0.132194 661.600947
  0.138658 654.107228
  0.131216 731.716792
  0.136184 710.215773
  0.134659 723.218627
  0.133742 665.223595
  0.133494 666.066252
  0.134268 694.976877
  0.132825 612.118247
  0.133267 630.140954
  0.132372 785.792615
  0.138481 741.425126
  0.136378 682.781968
  0.136545 634.510487
  0.131119 560.477092
  0.131451 770.181905
  0.135452 653.464935
  0.134618 683.851921
  0.136211 690.626472
  0.136017 702.603260
  0.133313 671.658053
  0.137997 763.645956
  0.139421 676.284858
  0.131454 675.041272
  0.130368 701.155028
  0.133350 767.700008
  0.134746 774.401981
  0.134769 737.284470
  0.134760 730.382384
  0.135784 704.330004
  0.133138 749.463857
  0.134110 725.512541
  0.134740 700.733251
  0.131115 635.779414
  0.137811 723.495235
  0.135585 676.372026
  0.134179 639.615920
  0.133280 648.259007
  0.134440 583.254759
  0.135136 674.390599
  0.132812 743.312275
  0.134869 660.219167
  0.129932 678.494328
  0.132474 777.693505
  0.134520 707.599917
  0.132143 766.338533
  0.133567 689.875527
  0.134738 739.064076
  0.129480 695.614187
  0.135304 761.988003
  0.133979 665.411030
  0.135622 602.497164
  0.134197 728.176156
  0.129957 808.691702
  0.135926 681.409015
  0.137404 774.744111
  0.132757 616.004214
  0.126673 610.093614
  0.134882 614.692199
  0.130707 644.890682
  0.132996 639.948225
  0.130991 671.596987
  0.134630 775.726952
  0.134174 613.392997
  0.136097 522.573431
  0.133351 689.769147
  0.134880 699.189567
  0.129052 772.264200
  0.128938 739.156332
  0.138016 706.752802
  0.134298 724.193304
  0.131141 700.465024
  0.133663 695.498866
  0.136577 674.716957
  0.133317 773.517971
  0.135651 795.433708
  0.134939 734.729876
  0.133117 693.458653
  0.133178 766.569369
  0.134368 775.181031
  0.133274 644.767979
  0.134180 664.184921
  0.132530 717.050917
  0.133363 631.896498
  0.131978 723.767478
  0.134235 696.616879
  0.132198 703.706415
  0.134143 702.938584
  0.130319 667.913327
  0.135499 728.142956
  0.136982 759.500205
  0.134800 761.317458
  0.127485 646.957248
  0.133785 585.131506
  0.127109 729.036962
  0.133671 610.987789
  0.132775 660.832698
  0.135386 695.397226
  0.135938 688.860656
  0.134180 740.534538
  0.138299 693.180483
  0.132173 661.011171
  0.135749 773.562632
  0.131542 722.045494
  0.135378 754.709649
  0.134372 740.879191
  0.134482 643.593798
  0.133580 684.924147
  0.134320 593.798224
  0.134395 728.829670
  0.135024 705.587703
  0.132968 667.869419
  0.130683 678.311343
  0.134274 681.702860
  0.133511 673.394950
  0.131322 823.045006
  0.132322 655.571337
  0.131215 704.812671
  0.136241 636.724821
  0.134475 715.330432
  0.134449 593.285803
  0.129248 666.164269
  0.131993 728.219150
  0.134045 735.949528
  0.134222 799.350913
  0.133722 724.196563
  0.134179 676.302709
  0.134786 690.522270
  0.137076 700.317926
  0.132872 735.735080
  0.130655 665.829111
  0.130278 627.791166
  0.136244 696.852505
  0.134704 704.292238
  0.134774 649.682540
  0.133719 683.536280
  0.133278 729.544682
  0.134626 685.967009
  0.132568 735.090468
  0.133440 689.123353
  0.136517 718.711736
  0.130196 814.961205
  0.131321 739.628775
  0.133484 856.764765
  0.132788 643.079911
  0.131381 676.898683
  0.132817 665.081635
  0.131422 732.460269
  0.128865 763.623195
  0.133159 742.679823
  0.131756 665.531645
  0.134891 715.061115
  0.130638 795.078651
  0.130551 807.150771
  0.130292 613.832640
  0.130841 661.176172
  0.135537 691.361548
  0.137816 615.458943
  0.134383 690.379270
  0.134095 723.792612
  0.131959 721.294085
  0.131444 679.492005
  0.132040 736.944044
  0.134529 669.434730
  0.133796 768.529105
  0.133671 795.117193
  0.135168 671.815114
  0.131793 731.256888
  0.131276 754.424644
  0.133375 735.374471
  0.133399 691.697548
  0.135114 788.328635
  0.136741 698.619137
  0.136365 715.798557
  0.131840 802.678689
  0.133032 710.853774
  0.133454 626.996614
  0.133260 662.948353
  0.133790 706.313818
  0.134728 697.557747
  0.132948 749.506370
  0.132537 787.422872
  0.131574 718.884689
  0.130490 730.278688
  0.132273 740.257056
  0.133137 716.692587
  0.135161 614.984994
  0.134216 703.852625
  0.132597 681.407877
  0.133024 778.223820
  0.135231 688.407183
  0.133776 654.157556
  0.134728 731.276824
  0.138180 597.649248
  0.131226 622.502224
  0.130748 685.360553
  0.134310 636.127090
  0.134392 803.722105
  0.133381 722.776408
  0.133499 654.507589
  0.131868 734.375051
  0.132499 746.430992
  0.135362 642.290062
  0.134833 616.936870
  0.135463 667.016436
  0.134936 865.750577
  0.135964 714.169644
  0.134790 714.017501
  0.131193 780.470950
  0.132729 676.329468
  0.130492 689.727340
  0.136953 723.214248
  0.134924 762.580298
  0.132077 707.580435
  0.135007 682.951887
  0.139954 694.662247
  0.134323 775.192661
  0.133128 659.286157
  0.135466 734.244081
  0.131538 630.919920
  0.132629 710.322576
  0.137036 736.474615
  0.131570 749.626589
  0.134605 753.058182
  0.134248 755.845613
  0.133156 736.315699
  0.131317 703.587264
  0.135893 742.283442
  0.135294 702.154701
  0.132094 726.998766
  0.134085 747.045943
  0.133276 671.205750
  0.126839 727.498810
  0.135432 720.188888
  0.131873 739.206094
  0.137226 749.383292
  0.134394 713.835548
  0.134223 642.054685
  0.133842 623.405645
  0.130887 773.197425
  0.135654 751.328441
  0.132831 657.003530
  0.131189 757.587740
  0.133260 752.229551
  0.134559 690.143783
  0.134918 699.446215
  0.132544 744.831378
  0.128754 693.739359
  0.132981 661.847520
  0.130956 724.261881
  0.135242 841.905206
  0.132481 817.105149
  0.135459 721.395151
  0.129164 688.265546
  0.134230 775.112687
  0.135906 614.085674
  0.134853 676.729134
  0.136626 638.588589
  0.136188 650.440907
  0.132557 724.429128
  0.135584 653.176634
  0.134678 733.349168
  0.134226 693.969617
  0.133962 724.689807
  0.135584 663.539350
  0.128927 765.878749
  0.135730 675.179575
  0.135837 737.615182
  0.135347 766.919590
  0.136320 664.138233
  0.135047 809.251476
  0.131093 684.850711
  0.134869 725.867358
  0.134345 746.630275
  0.135445 720.781887
  0.133427 778.869554
  0.131122 667.771916
  0.136528 650.863578
  0.128251 706.079136
  0.129314 668.971950
  0.131649 578.215376
  0.135203 812.973272
  0.135979 692.512704
  0.135435 693.196467
  0.134509 783.016266
  0.132409 663.470831
  0.136939 802.931036
  0.136851 687.007803
  0.134144 672.385241
  0.134175 836.384653
  0.134452 717.996746
  0.134982 697.582522
  0.136541 632.784563
  0.131804 693.144573
  0.135534 727.524133
  0.135647 568.519819
  0.133615 737.333051
  0.132017 766.380610
  0.136020 731.283619
  0.131713 714.668060
  0.134546 676.662044
  0.133310 692.259791
  0.132216 771.620605
  0.132545 650.671055
  0.134901 811.836835
  0.133322 733.992899
  0.135217 655.623023
  0.134477 717.823333
  0.133268 744.673482
  0.130342 630.803106
  0.134267 701.739270
  0.133825 697.589502
  0.134007 592.912033
  0.132881 643.277489
  0.137248 695.521081
  0.134073 712.218628
  0.127549 762.643202
  0.137672 719.003067
  0.135837 783.044543
  0.133771 761.291961
  0.136896 633.256268
  0.135140 749.463208
  0.134924 713.065656
  0.135596 721.751038
  0.136168 662.209749
  0.132569 676.410192
  0.135482 782.337649
  0.133468 639.111559
  0.137292 645.905425
  0.132447 764.900630
  0.130881 727.622405
  0.134607 704.404645
  0.132961 736.711203
  0.133669 705.734479
  0.136252 772.974915
  0.135293 748.809553
  0.132617 643.754751
  0.133698 715.463426
  0.132292 751.571303
  0.135003 726.205602
  0.133148 847.643726
  0.134003 740.825706
  0.134545 750.191097
  0.137956 665.734670
  0.129131 709.813110
  0.127717 641.946890
  0.135652 778.872916
  0.129099 694.575925
  0.128980 710.594959
  0.130981 727.546197
  0.127472 693.259687
  0.132406 749.645495
  0.129915 689.181966
  0.132820 735.331178
  0.130642 822.118404
  0.130921 607.373086
  0.131456 692.213033
  0.136651 651.198453
  0.133606 748.980250
  0.133960 697.192956
  0.134313 697.220218
  0.134608 737.250630
  0.128679 739.439272
  0.132269 816.738851
  0.131654 692.041053
  0.133599 737.896205
  0.136698 657.383420
  0.133224 702.408055
  0.132728 724.788889
  0.136367 703.818043
  0.136937 766.005925
  0.134696 654.320396
  0.131648 766.031950
  0.131994 807.142393
  0.133284 745.401148
  0.134226 669.412165
  0.134812 683.893126
  0.130809 711.435225
  0.131764 653.868642
  0.135094 740.865892
  0.130201 824.228223
  0.132718 736.986900
  0.135150 605.193526
  0.130417 706.558596
  0.132340 816.126409
  0.132576 745.226933
  0.130840 653.290367
  0.136251 752.450975
  0.133522 663.029797
  0.129606 628.817431
  0.136876 671.559747
  0.135191 641.652677
  0.137549 666.446359
  0.135781 617.453972
  0.135522 682.189388
  0.132668 657.742483
  0.135832 778.990027
  0.135465 589.022208
  0.130784 664.199844
  0.131665 728.107182
  0.133814 616.413429
  0.135338 783.609143
  0.134741 734.832020
  0.133471 682.855460
  0.133292 836.855869
  0.136910 634.987409
  0.132766 716.336842
  0.138867 769.215495
  0.133984 680.156476
  0.130773 818.889088
  0.134016 671.297525
  0.133070 682.010681
  0.135227 621.054686
  0.135340 647.627760
  0.132584 679.718616
  0.130986 667.308167
  0.135031 663.546763
  0.136200 697.683097
  0.130299 612.826886
  0.135700 664.971867
  0.127938 799.760049
  0.133798 689.279859
  0.135961 650.973129
  0.130529 794.588203
  0.132374 772.043732
  0.134690 679.552959
  0.133918 704.056882
  0.131398 780.879965
  0.132652 645.658181
  0.130387 665.655389
  0.136719 688.156997
  0.135423 697.216964
  0.134078 667.957390
  0.130440 787.438154
  0.135566 661.133340
  0.135198 687.530096
  0.136941 648.070323
  0.132274 698.241077
  0.132472 667.018164
  0.138262 703.570244
  0.134201 629.347428
  0.136959 693.771858
  0.133514 687.506368
  0.129162 640.517840
  0.134047 681.283194
  0.131824 588.869154
  0.130820 673.588810
  0.132336 662.606194
  0.125428 684.036647
  0.134055 713.242321
  0.133570 669.574746
  0.134053 675.622413
  0.130247 669.392069
  0.128586 680.963839
  0.133395 676.383445
  0.134300 774.755997
  0.132772 662.008017
  0.134402 691.919723
  0.134221 740.800741
  0.132777 642.273328
  0.133123 733.535864
  0.132551 685.505520
  0.133667 685.103777
  0.135738 713.423239
  0.131802 779.933095
  0.129582 681.148714
  0.133626 644.122065
  0.131051 636.231499
  0.135387 704.668665
  0.135332 779.234162
  0.137132 691.341007
  0.132638 757.851148
  0.136879 648.839854
  0.131580 739.863105
  0.136941 761.015763
  0.134327 736.728405
  0.134286 631.976455
  0.134849 654.442425
  0.135991 778.358092
  0.133826 739.385937
  0.134443 696.145756
  0.134097 757.421712
  0.134020 815.471269
  0.131068 653.879867
  0.130241 764.836690
  0.136797 724.213383
  0.129527 693.001062
  0.136767 674.764763
  0.133515 720.994393
  0.131175 777.074708
  0.131136 708.916892
  0.131225 648.299924
  0.134408 751.341607
  0.130558 760.585653
  0.127201 721.580715
  0.135036 662.857325
  0.130544 704.943514
  0.132360 678.637944
  0.136545 715.993109
  0.134208 794.949011
  0.135982 661.417630
  0.135806 723.657129
  0.136942 789.980566
  0.132343 775.099486
  0.133810 751.670424
  0.133793 643.283756
  0.132672 704.955959
  0.134642 739.922642
  0.136356 768.835161
  0.131246 762.873257
  0.130856 795.008305
  0.136864 736.225070
  0.132697 793.773618
  0.134154 690.678882
  0.136324 728.880984
  0.133889 627.707540
  0.137370 681.823759
  0.133301 695.539190
  0.135666 720.120554
  0.130472 701.600231
  0.131021 625.301903
  0.139125 682.715197
  0.132871 715.053148
  0.132778 716.443641
  0.130301 547.901006
  0.134873 646.149576
  0.132900 702.420784
  0.136955 668.326435
  0.134323 651.144284
  0.135954 680.870750
  0.135609 760.621165
  0.135145 696.007626
  0.134862 698.660238
  0.136469 729.001292
  0.132508 643.164679
  0.133122 740.884723
  0.130502 758.301749
  0.134154 702.115959
  0.131605 671.238013
  0.135424 731.641872
  0.134360 774.440746
  0.135114 651.773204
  0.132323 614.715651
  0.130406 731.257526
  0.132200 647.536446
  0.133328 739.584006
  0.136964 694.229232
  0.133084 727.544631
  0.132863 736.439932
  0.135722 770.341112
  0.133645 730.286496
  0.137249 671.371691
  0.137885 705.484977
  0.135347 681.612217
  0.134704 824.057639
  0.131840 737.956200
  0.133381 727.827956
  0.131223 771.505845
  0.135487 714.445985
  0.133670 712.116430
  0.133747 754.299232
  0.133875 691.275674
  0.129126 621.875962
  0.133534 618.145563
  0.133338 764.245105
  0.133545 719.138433
  0.134131 784.476282
  0.132630 742.917243
  0.130895 737.548971
  0.133718 728.252014
  0.135061 730.065503
  0.132603 757.362874
  0.130085 753.416815
  0.136197 738.887004
  0.129867 679.594778
  0.135519 737.010316
  0.133706 746.400750
  0.131569 669.477717
  0.131632 687.571257
  0.133178 680.906509
  0.132528 804.537714
  0.133194 770.797385
  0.134550 761.667496
  0.131571 665.264304
  0.133883 831.571042
  0.138011 728.375140
  0.131938 684.519120
  0.133916 696.974763
  0.135628 719.876562
  0.131312 708.512465
  0.132894 761.124464
  0.133345 628.096588
  0.135216 791.650673
  0.135547 736.935149
  0.131937 655.113498
  0.134655 752.877206
  0.136347 754.121661
  0.135291 637.402228
  0.136842 735.952632
  0.136519 826.035624
  0.134169 722.122889
  0.135909 738.380878
  0.137682 709.972249
  0.132845 791.140089
  0.133316 761.895704
  0.138271 703.851483
  0.135106 633.003371
  0.134730 794.861289
  0.137819 693.584933
  0.131591 678.316270
  0.135415 755.658337
  0.135712 662.573909
  0.133767 767.721737
  0.134130 724.824255
  0.133126 652.749354
  0.132937 717.064114
  0.135936 843.129822
  0.134245 711.639985
  0.131417 735.506742
  0.135767 748.240987
  0.129721 717.298281
  0.131013 767.942162
  0.135645 697.352872
  0.130258 663.245840
  0.132257 686.537004
  0.134010 741.911020
  0.131647 759.103493
  0.127615 655.467459
  0.129723 736.064874
  0.134615 672.153623
  0.132528 740.069260
  0.135079 574.336436
  0.133351 660.130909
  0.133584 725.496442
  0.135680 738.596433
  0.130915 810.508367
  0.136137 692.723442
  0.136027 677.169173
  0.138224 603.510743
  0.134709 774.971641
  0.133863 738.358478
  0.132522 692.542465
  0.132983 671.367646
  0.133180 710.857977
  0.133616 749.203153
  0.136727 684.589369
  0.130539 676.367005
  0.136551 662.436754
  0.135850 709.330336
  0.132668 686.372952
  0.137060 656.496290
  0.133565 712.781219
  0.131739 689.518892
  0.134476 803.235256
  0.132038 710.208920
  0.132772 714.074189
  0.132799 778.793531
  0.133904 776.515634
  0.131414 640.729535
  0.133268 667.842235
  0.135264 729.126756
  0.134698 732.494915
  0.133623 741.382656
  0.131034 761.729705
  0.133549 756.730472
  0.131344 699.484934
  0.134693 714.947092
  0.131347 662.105309
  0.133727 700.665331
  0.129216 758.908958
  0.132518 792.226072
  0.130942 684.754292
  0.131310 711.492618
  0.132391 676.426428
  0.133916 762.698264
  0.135935 671.336434
  0.135247 806.914092
  0.138125 676.663656
  0.131758 710.635907
  0.135526 801.100076
  0.133713 668.070286
  0.130816 747.541298
  0.133886 722.668506
  0.136715 785.848222
  0.133323 732.602618
  0.129934 785.179843
  0.135540 720.398943
  0.135702 714.636041
  0.133677 703.831972
  0.134371 776.973849
  0.135381 792.915790
  0.134629 710.596244
  0.131396 720.357901
  0.129477 628.854008
  0.131998 793.847435
  0.132461 675.209277
  0.133252 711.187145
  0.131284 699.997423
  0.134320 666.400479
  0.134237 701.009796
  0.132615 742.469820
  0.131445 766.114510
  0.134826 584.000786
  0.135489 695.276231
  0.135340 725.233921
  0.136334 611.579768
  0.139066 689.671417
  0.134986 764.205632
  0.135083 703.855831
  0.131375 690.646317
  0.131189 568.055128
  0.132160 744.443054
  0.134391 756.343429
  0.136468 728.445481
  0.132403 708.945139
  0.134672 726.598125
  0.133142 681.737342
  0.135039 767.846044
  0.135993 734.338444
  0.132747 706.179486
  0.133051 753.718628
  0.135942 678.910626
  0.135539 635.258733
  0.131567 699.490664
  0.131980 746.595911
  0.131454 666.899092
  0.135037 738.436442
  0.134733 627.307473
  0.134236 677.520461
  0.129913 709.804205
  0.132488 697.038527
  0.135874 780.804519
  0.134166 688.825384
  0.129514 618.525114
  0.136833 707.138174
  0.133681 718.404606
  0.131445 660.715436
  0.134056 671.982327
  0.133957 753.479934
  0.134585 749.240753
  0.138685 541.371686
  0.134760 751.844870
  0.131581 660.997982
  0.133249 624.846183
  0.132539 692.549794
  0.135543 683.384283
  0.133452 757.986283
  0.129751 750.976708
  0.134335 662.498338
  0.139010 618.408539
  0.134264 706.750243
  0.134654 715.507173
  0.133200 656.206883
  0.132385 734.290909
  0.133178 677.711597
  0.138473 556.720502
  0.137919 679.402546
  0.137324 680.884396
  0.138374 658.482123
  0.132190 760.568813
  0.135729 820.673217
  0.130374 598.135294
  0.132056 721.714072
  0.133152 749.405441
  0.136290 796.954473
  0.137544 687.018853
  0.129890 693.719183
  0.133538 721.946758
  0.133608 773.145612
  0.134912 766.640126
  0.133656 752.343230
  0.136196 771.652308
  0.134413 714.186945
  0.137062 691.843941
  0.133823 713.331527
  0.132095 693.707120
  0.136475 726.796874
  0.131944 769.326586
  0.130404 775.695039
  0.134774 710.844379
  0.133116 678.687209
  0.134183 769.903430
  0.131075 762.269850
  0.132340 692.028893
  0.131449 798.867253
  0.134717 796.709721
  0.135819 632.799175
  0.134023 790.075688
  0.131751 692.534676
  0.131697 759.557450
  0.131178 689.383377
  0.135606 870.568359
  0.134129 740.476521
  0.130586 710.687147
  0.133656 746.987163
  0.134545 658.981451
  0.134688 784.134729
  0.136085 783.434052
  0.135323 699.627106
  0.131147 692.235321
  0.130424 680.553020
  0.133587 695.156453
  0.133344 731.808428
  0.133055 715.683498
  0.134912 711.470043
  0.132477 788.811572
  0.130026 681.924484
  0.135699 698.180415
  0.131690 786.067844
  0.137946 625.474082
  0.132940 697.827555
  0.132508 676.899289
  0.131041 715.212350
  0.133732 737.674564
  0.131109 720.583288
  0.134331 737.351030
  0.132698 703.729001
  0.129710 687.145395
  0.131820 750.388886
  0.132620 753.953029
  0.130999 726.710541
  0.131572 609.345236
  0.134218 642.250589
  0.133058 765.649641
  0.129678 600.098407
  0.136559 673.234715
  0.137525 696.915748
  0.137154 770.281217
  0.132641 717.470700
  0.131816 778.433683
  0.132373 757.055642
  0.134988 783.263855
  0.130024 716.292091
  0.134662 646.111420
  0.136088 792.935581
  0.134196 700.264011
  0.136370 772.506669
  0.134982 692.739295
  0.134926 681.616650
  0.131924 661.833644
  0.133005 709.155884
  0.133320 681.194328
  0.133587 713.831420
  0.134822 701.204178
  0.133723 647.800508
  0.132484 665.416481
  0.128255 647.654712
  0.133685 769.892192
  0.136445 752.652235
  0.132335 830.191799
  0.128263 737.080263
  0.131377 715.241091
  0.136503 635.594708
  0.132885 694.922429
  0.133013 620.712865
  0.131816 742.644670
  0.138511 624.383588
  0.131920 710.404546
  0.133261 615.605726
  0.130507 570.637628
  0.126724 771.993682
  0.132176 668.368126
  0.137556 662.596978
  0.129289 622.606600
  0.135311 589.635786
  0.131993 592.559294
  0.135414 726.774459
  0.133299 731.455081
  0.135841 696.892297
  0.131445 747.216604
  0.132977 685.103748
  0.132246 620.797455
  0.134063 715.281259
  0.134375 625.723017
  0.139230 650.214182
  0.136967 666.190771
  0.133335 705.589568
  0.135597 668.410717
  0.133245 749.597438
  0.133909 669.974670
  0.133943 676.927988
  0.135479 769.487521
  0.132454 568.133861
  0.131563 652.534650
  0.133608 650.823205
  0.132085 675.911631
  0.133080 680.401779
  0.133343 673.978802
  0.135582 731.187237
  0.134771 644.078879
