-78861830.352620
-78899623.309288
-78922944.449355
-78747225.763359
-78776049.604024
-78764304.385428
-78876319.805484
-78899623.309288
-78735640.301699
-78882138.587375
-78882138.587375
-78747225.763359
-78962043.471307
-78715785.655440
-78882138.587375
-78882138.587375
-78972959.527233
-78764304.385431
-78913754.011633
-78947155.053247
-78899623.309298
-78727317.080680
-78962043.471307
-78727317.080680
-78882138.587375
-78954506.121439
-78899623.309288
-78863615.776657
-78735640.301700
-78727317.080680
-78747225.763360
-78735640.301699
-78715785.655440
-78954506.121439
-78954506.121439
-78970059.357583
-78987056.962790
-78764304.385428
-78986307.167710
-78747225.763359
-78755889.181969
-78882138.587375
-78882138.587375
-78987158.787261
-78715785.655440
