-74300802.933972
-74324890.339633
-74301899.737805
-74328964.680301
-74390003.677779
-74251751.440143
-76058139.918042
-74245242.661184
-74242753.026754
-74276306.790234
-74356565.539564
-74491723.812462
-74330664.636620
-74332788.095312
-74266181.607919
-74305305.491797
-74378050.924493
-75387188.613978
-76052678.899433
-74286268.504246
-74307567.524479
-75212148.929725
-74318526.302843
-74282694.963443
-74322806.939326
-75475601.914586
-74479544.375011
-74388091.946521
-74270534.256170
-75922143.009754
-75322209.130774
-76051397.519427
-74286223.424752
-74322333.905998
-76521632.661289
-74380977.036687
-74307675.753469
-74380206.260477
-75937749.158087
-74363743.054709
-74517239.984030
-74234116.931749
-74256721.601252
-74258599.581740
-74323314.693378
-77065680.921019
-74293063.196158
-74270521.056197
-74252916.596850
-74312202.257349
-74328483.566649
-75087929.451074
-74494850.453979
-74260402.963655
-74322335.196039
-74393085.930765
-75192834.684960
-75160587.704250
-74407970.631682
-76018114.340869
-76663865.680752
-74263753.952912
-74321629.365674
-74276542.620376
-74289409.481425
-74217756.202556
-74271995.613683
-74273705.066162
-75789846.502253
-75852417.790221
-75191322.848512
-74424322.666666
-74365730.030135
-74391158.874108
-75079800.267597
-74320062.722859
-74326804.638681
-75909610.910828
-74277872.885564
-74339319.150924
-74347121.033281
-74259282.556175
-74311163.233999
-74373262.167129
-74469115.011724
-74337360.549764
-74300804.514330
-75367504.142247
-74272397.730513
-75918125.757859
-74261026.499086
-74196667.872120
-74347796.924019
-74396862.192880
-74332219.394586
-74405373.172906
-74371305.392813
-75304444.482673
-74186169.770058
-74425459.890120
