-72668933.489769
-71910748.580576
-71359475.822893
-72479144.303587
-72278639.275056
-71427566.679871
-71878145.474408
-71486097.398980
-71521418.985979
-72919700.947855
-72895804.821542
-71965460.697147
-72576006.018586
-71286138.352887
-72423618.410547
-71950319.909636
-71421711.025583
-73260037.773643
-71338971.962461
-72822620.622859
-71382210.730030
-72538852.146420
-71420116.921856
-71435046.845261
-71483227.133553
-71688132.714259
-73598310.538007
-71505416.544547
-71887583.254308
-72157931.368102
-71925419.181592
-71888659.569838
-72618300.240889
-71880952.062817
-71498295.701712
-71768652.707293
-71959731.809887
-72517734.871866
-72326798.760488
-71547861.891511
-72620418.551716
-71962683.449738
-71285478.324497
-72329971.713713
-71498213.372104
-72091890.736626
-73167006.915406
-72631836.680195
-72573429.415475
-71657327.859312
-72207911.940589
-71784891.603920
-71744751.082399
-71966713.983077
-72340699.896915
-72006328.746127
-72934101.283597
-71844626.814757
-72119474.086171
-72880741.799319
-71636034.807939
-73579578.364245
-72296448.134062
-71593096.745380
-71490882.539382
-72575465.691324
-72763522.134306
-71739941.208567
-71446628.059617
-73266614.446096
-71560547.531352
-72297423.878336
-71934784.563998
-71366069.279610
-73545735.778186
-72548864.816353
-72872096.870813
-72527029.391453
-71992775.440203
-72391867.147106
-72729945.027103
-72131352.953721
-72712153.026152
-72505095.297107
-72337684.571769
-72037305.511472
-72744899.978590
-71593494.914962
-71966258.200083
-72138790.749916
-72664763.730075
-71580756.501167
-71903165.350643
-72541979.158219
-71753906.088588
-71664057.956724
-72566083.206155
-72522789.234173
-71967116.199191
-72474612.322264
