-69659320.929668
-69846937.196593
-70382544.441979
-70251254.325968
-71369806.621899
-69788227.345358
-70594866.627834
-70308380.305194
-70104523.356540
-70098387.271219
-70036230.858548
-69821427.276930
-70431435.070151
-69999121.795247
-69785423.463988
-69654024.751024
-70476426.873705
-69671438.426809
-70309905.653338
-69437091.828850
-70229929.196871
-69778901.764805
-69401035.795409
-69659110.723488
-70328856.924467
-69841554.250647
-70414940.000861
-70380263.376735
-69736077.560233
-69648735.243281
-70521290.118930
-69749119.225187
-69780561.268320
-70592003.810776
-69726930.551058
-70662939.774901
-70309897.048087
-69577883.394284
-69877061.635627
-69947501.009111
-70586057.432792
-70268834.324575
-69649420.044865
-70380547.952503
-70137744.903297
-70327288.181238
-70736900.887197
-70483222.124167
-70068507.177485
-69489961.236083
-69672261.711417
-70715570.201202
-70402828.014513
-69566855.011858
-70056560.948226
-70545349.552888
-70187135.278482
-69670296.643592
-70015064.235506
-70612583.949400
-70097778.376372
-69728042.474815
-70131790.057955
-69607988.552981
-70068305.116137
-69776451.538682
-70215476.383806
-70131297.234073
-69927658.144487
-70534447.727887
-69815313.835741
-70260984.801505
-69859106.035352
-71193856.455376
-69963283.696554
-70441713.698563
-69776725.931664
-70577392.933211
-69872533.058032
-69866950.529886
-70029556.893112
-70628043.540047
-69728864.781821
-70176610.555509
-69778596.978635
-70281525.784503
-70424809.154597
-69657793.399015
-70209507.720858
-70179632.089441
-70067910.084340
-70815260.438223
-69814691.011869
-70009598.926789
-69821393.154741
-69488404.876947
-70009715.718327
-69741940.363515
-70164469.302124
-69747401.845488
