-68785528.852912
-68290908.253961
-67503922.199151
-68788207.987923
-68336133.394155
-68261804.972294
-67514101.646755
-67760800.754923
-67999677.689764
-67757069.745374
-68366721.948238
-68203215.120634
-67929977.367411
-68099717.539601
-68099996.924711
-68047812.862137
-67957595.023551
-68014764.899834
-67688674.013418
-67973783.301421
-67853219.404021
-67692336.463221
-68170834.199168
-68635149.771134
-67896679.104409
-67980278.310989
-68085016.645932
-67777163.459642
-68364745.944814
-67924940.173862
-68009919.574795
-68160977.948665
-68280299.404661
-67752306.586619
-68038464.497439
-68664077.586807
-68662915.886405
-67365922.455157
-68610827.489243
-68394433.457950
-68557956.880067
-67805217.026076
-67868038.076280
-67993476.866789
-68058084.254603
-67988383.399572
-67728835.502775
-68389110.333765
-67809230.851464
-68259648.434316
-67870052.566279
-68051178.707235
-68404900.858340
-68287364.419471
-68224063.212248
-67964577.097881
-67703503.953269
-67595019.151483
-68157364.097974
-68582338.386701
-68326356.563196
-67774074.119613
-67910800.207907
-67809519.441704
-68351070.076735
-68124623.652740
-67893102.094564
-68119917.593377
-67831564.579426
-68690066.090793
-68062808.371350
-68427779.133003
-68205996.215599
-68110911.852495
-67765421.469900
-68416832.098673
-68167869.060873
-67971546.990653
-68909084.397969
-68403319.599002
-68390933.067054
-67881719.642876
-68361237.095685
-68269030.699519
-68367839.402112
-67862993.889008
-68570085.561720
-68401682.771010
-68054600.272211
-68687803.941914
-68180761.787061
-67823123.163631
-68397196.475028
-67749589.203662
-68577413.238582
-67792871.121060
-68415101.064870
-67887764.980170
-67973089.353670
-68020330.076075
