-66443304.361985
-66418180.068204
-66941697.942404
-66324814.843722
-66689554.772564
-66695857.221323
-66238159.464973
-66278746.275439
-66778275.018535
-66432294.802887
-66154126.897104
-66245450.163603
-66706686.269735
-66439660.207801
-66872398.887280
-67228323.439352
-66409459.818316
-65688612.119102
-66754604.088582
-66530629.552297
-66260261.157120
-66751418.895106
-66048377.540829
-66818928.776210
-66700153.216361
-66396394.799848
-66170494.484312
-66351087.120287
-66416681.039227
-66632802.924251
-66080274.807203
-66249121.598448
-66731605.558370
-66039639.789858
-66527272.797120
-66441778.427668
-66021533.662648
-66292166.803025
-66640748.729233
-66365364.006236
-66418515.299513
-66221242.697790
-66825349.398830
-66776710.779063
-66773960.023653
-65969580.262103
-66444554.737323
-66836519.384701
-66205900.188786
-65714555.235907
-66833285.119073
-66866388.260156
-65903503.721196
-66418214.555258
-65948198.893442
-65692498.539006
-66726064.870392
-66427464.760325
-65798416.232373
-67228015.035215
-66577929.307390
-66500344.071693
-66287006.387858
-66875237.817936
-66546152.367697
-66565684.172998
-66007951.110414
-66962144.386858
-66290828.201780
-66699635.333026
-66862249.585261
-66199692.402528
-65664219.218295
-66370174.918046
-66269744.864300
-67018772.894831
-66419017.512557
-66529510.974351
-66772669.169206
-66578121.712001
-66585391.513814
-66710195.910525
-66371912.267718
-66383924.907868
-67015055.149197
-66410005.462230
-66215429.464165
-66260784.324238
-66971022.307467
-66324756.521024
-65577551.379680
-66748841.446867
-66559119.422047
-67311267.075384
-66702318.721792
-65870399.240271
-66209307.691910
-66555096.276427
-66944834.179607
-67153784.142684
