-65055933.844716
-65092418.496497
-64996932.846922
-64964914.787893
-64971550.464439
-64927005.084833
-64744240.261730
-64402306.679374
-64586174.764292
-65065157.287891
-64653322.142652
-64722385.780729
-64932115.626143
-65359314.547564
-64741283.504366
-65234300.357871
-64970203.281123
-65193928.846011
-65240573.067780
-65123101.401285
-64066048.474485
-65050144.751547
-64714230.761860
-64754727.547571
-64284512.439126
-64781312.099901
-64798115.390033
-64739309.563821
-65752453.384913
-64642097.340166
-64210245.909668
-65017133.809921
-64391238.342704
-64363747.172128
-64534646.010650
-65195088.491587
-65466305.628164
-64979493.682870
-64418117.406463
-64225845.960180
-65498942.736859
-65226307.863243
-63909077.881109
-64805342.953187
-65089791.701997
-64624153.176026
-64900818.318620
-65143944.549944
-64375401.005416
-64617993.237866
-65391277.814641
-64777394.759047
-65047146.381517
-64576024.020337
-64453257.600028
-65289335.747820
-64931392.091131
-64768025.611210
-65010902.704162
-65091294.897680
-64665196.293808
-64326408.032408
-65226125.881198
-65214202.477781
-64339074.733209
-64414283.598100
-64649652.212416
-64371613.025794
-64793719.082309
-64236019.956335
-64728502.458957
-65062972.966891
-64781804.969108
-65049780.944215
-64206179.400351
-63935084.583287
-65281534.061678
-65142596.190926
-64960081.409421
-65334731.707247
-65398693.304948
-65895345.664774
-64447543.997804
-64225597.740771
-65293860.453207
-63900371.838306
-64735709.775247
-65261719.727567
-65084000.596413
-64459552.900532
-64805885.786589
-65241434.950144
-64606975.785272
-64986569.044922
-64864116.695574
-64385925.821421
-65365356.008865
-64412112.456700
-64318580.952683
-64598882.493718
