-63102779.796275
-63110790.943282
-63478077.319905
-63219614.467516
-63331854.789050
-63121206.087417
-62911530.212279
-63833595.312035
-63269830.140981
-63314981.380822
-63745150.944262
-63668897.094163
-63013595.609690
-62763495.389580
-63591056.839094
-63028814.619603
-63960700.936413
-63551946.299997
-62922145.637367
-63317501.416781
-63952537.003414
-63771618.320610
-63176796.938665
-63218847.238868
-63137075.812926
-63087775.361132
-63793093.247522
-63239249.128112
-64070204.736606
-62746925.539109
-63472525.320806
-63148661.517806
-62936926.959278
-63232324.433183
-64055125.234091
-64693589.272562
-63231811.244991
-62764523.562726
-63550049.144441
-63861500.096377
-63413247.190671
-64183763.484625
-63395153.370160
-63867982.731934
-63250613.495108
-63781377.348446
-63314495.103068
-63147189.001451
-63606407.480134
-63090946.199181
-63200705.083932
-63289628.342921
-63281169.905106
-63992240.422349
-63226182.247608
-63030385.288199
-63575446.775446
-63255471.335211
-63467938.807343
-63097795.051906
-63284742.110100
-63599587.392992
-62838106.503013
-63332518.342657
-63392121.751350
-63254829.010275
-62965533.245675
-63317960.460591
-63730317.645921
-63446759.066747
-63324871.670504
-63566918.022312
-63839455.070606
-63560435.230252
-63014464.939108
-63081969.823760
-63957359.832410
-63126267.808158
-63535646.190045
-63073275.980670
-63246938.944002
-63401096.737050
-63593629.749585
-63686750.951436
-63319687.712786
-63776451.640618
-64002535.821851
-63360460.027075
-62768603.636802
-63370060.315116
-63959132.848375
-63943095.891401
-63280582.798140
-62981042.548097
-63090339.192288
-62830595.497285
-63019198.473204
-62548704.511277
-63204595.591006
-63918917.378760
