  0.555560  37.213267
 13.139077  37.376773
-27.664615  24.190946
-25.128712  30.403994
-13.013840  40.159693
 11.144867  26.796127
 -0.304093   9.015280
  7.530425   2.061600
-19.688312  22.924011
-19.271454  25.994802
-26.334290  19.341700
 11.842528  31.164238
  7.336357  19.597040
 10.523983   9.351482
-30.002794  22.159290
-21.196834  14.297746
  5.328762  34.616315
-14.320116  35.156932
 -6.286489  35.389071
-11.714055  27.097843
 -7.462549  30.973574
-17.278029  21.070277
-21.362038  20.802462
 13.725128  -6.849549
  1.726487  35.184507
 -5.405534  34.671022
-20.427054  22.565726
-11.125589  23.640026
  7.388637   5.497433
-24.875079  27.398782
  7.324956  43.515189
 -1.837717  14.284892
  8.376492   3.379188
-24.866238  33.551576
-25.745840  22.011647
  7.531521  31.879023
-20.637131  31.989485
 13.174479  41.832473
 -0.099702   9.738720
  9.296991  14.715683
 15.052545  -9.406420
 16.551772  26.141261
 16.082408  28.569380
-17.862659  29.301247
-26.257668  21.592382
  6.766906   9.096837
 12.162604  26.995022
 -2.100915  12.304542
