0.751048 3.127756
0.767497 1.707466
0.786664 1.845666
0.778355 3.463999
0.781533 1.869067
0.790149 2.009808
0.779243 3.369778
0.752566 2.324671
0.741612 1.900770
0.742961 1.336128
0.689978 1.855640
0.705557 1.804687
0.721993 0.984616
0.702224 1.347157
0.684483 1.957060
0.688898 1.594551
0.691211 1.159726
0.694171 1.418206
0.705486 2.544889
0.672730 1.671214
0.672168 1.593042
0.701087 1.640258
0.643482 2.123152
0.662611 2.358174
0.671286 1.748520
0.681384 1.735239
0.725286 1.798163
0.711570 2.095857
0.736262 1.756931
0.733979 1.610285
0.736261 1.640877
0.746726 3.347477
0.782668 2.102875
0.775858 2.627777
0.759529 3.109317
0.771607 2.885209
0.764776 2.386506
0.794245 2.081262
0.795639 1.686827
0.790370 1.432860
0.772113 1.870078
0.757250 1.992340
0.752685 1.804143
0.737941 1.731694
0.744240 2.532073
0.723450 1.718607
0.727253 1.723660
0.688475 1.006147
0.708714 1.475568
0.711523 1.931378
0.716243 1.772941
0.690014 2.061822
0.675092 1.843651
0.659367 1.463300
0.658975 1.228841
0.680333 1.026367
0.698533 1.645484
0.681686 2.351891
0.655873 1.345874
0.649479 1.621155
0.637802 1.883208
0.607145 1.332974
0.628709 1.898169
0.637599 1.321634
0.636711 1.004450
0.635239 1.646078
0.631786 2.387435
0.662874 2.200785
0.700207 1.919404
0.694822 2.245276
0.670543 1.861684
0.702718 1.892832
0.727630 2.370499
0.711192 1.418428
0.712897 1.751606
0.703563 1.390323
0.688103 1.351433
0.677301 1.996000
0.726380 1.364424
0.737022 2.017951
0.716420 2.805995
0.738362 2.467706
0.725321 2.199017
0.720078 1.891753
0.722384 2.244645
0.741878 1.857566
0.738132 1.465631
0.779732 2.983985
0.790386 1.578549
0.763904 1.416192
0.773702 1.806073
0.793189 2.138137
0.789157 1.966178
0.786122 1.930109
0.762431 1.616029
0.756038 1.854992
0.772058 1.438367
0.766838 1.398293
0.763219 1.793163
0.759022 1.213932
0.743574 1.351155
0.711984 1.254492
0.721082 1.381973
0.728484 1.422456
0.723864 1.421660
0.720668 2.344951
0.721798 1.516448
0.732738 3.214241
0.696970 1.650045
0.696532 1.485307
0.695700 1.928286
0.675240 1.483538
0.699502 1.261861
0.708956 1.396630
0.690067 3.425391
0.683302 2.010950
0.694357 1.792208
0.692559 5.614848
0.694166 1.372312
0.684696 1.562791
0.698072 2.077017
0.708140 1.483751
0.681800 2.525347
0.694623 2.745605
0.705925 2.167211
0.714143 1.505295
0.738246 1.534124
0.750306 2.006451
0.708103 2.388817
0.723337 2.483303
0.712953 2.216888
0.719009 2.282174
0.726668 1.227028
0.704361 2.009971
0.707716 1.228956
0.702991 1.574568
0.700852 1.105927
0.683082 1.578712
0.700488 2.232803
0.721473 1.231242
0.680001 1.833939
0.683655 1.124007
0.689925 1.738642
0.652969 1.730467
0.638016 2.221874
0.648563 1.686084
0.620404 1.487491
0.641558 1.942898
0.619338 1.504440
0.587164 1.981029
0.596741 1.676501
0.598175 1.165360
0.599428 1.746633
0.607336 1.856968
0.596969 1.719141
0.593075 1.501350
0.615344 3.131545
0.632976 2.422740
0.614295 2.374863
0.647135 1.500755
0.601665 1.502681
0.635736 1.114736
0.635486 3.033334
0.645502 1.246751
0.619569 1.444620
0.624146 1.545322
0.634005 2.576884
0.643677 2.060370
0.671459 2.023337
0.669178 1.646184
0.651538 2.753200
0.677481 2.251507
0.671267 1.316256
0.661756 1.577279
0.663083 1.455215
0.680922 1.259719
0.656477 1.201955
0.632451 3.195827
0.629363 2.633977
0.594842 1.769071
0.623321 2.547070
0.619221 3.745160
0.617940 1.333949
0.644933 2.608445
0.659301 2.060144
0.658343 1.194420
0.643921 1.531914
0.631620 2.316747
0.652475 1.124381
0.629265 2.155546
0.625642 1.990538
0.644495 1.391977
0.673202 1.595619
0.685838 2.238487
0.678372 1.314609
0.683006 1.558800
0.650289 2.503494
0.623035 1.697130
0.625151 3.054455
0.619570 2.865043
0.608550 2.011022
0.611799 3.001224
0.606630 1.753409
0.623129 1.964416
0.608098 2.314350
0.587687 1.549173
0.591857 1.571629
0.616894 1.335149
0.628763 1.366036
0.603118 1.190964
0.623153 1.704421
0.611429 1.150196
0.636421 1.677764
0.644094 1.821570
0.646392 1.899360
0.650691 1.675287
0.663645 2.362848
0.633144 2.886265
0.672534 1.616409
0.678555 1.544040
0.672443 1.310991
0.659731 1.555290
0.659467 1.476819
0.630641 0.977731
0.607170 1.594296
0.611966 1.583178
0.604520 2.138988
0.565144 1.267908
0.547122 1.648692
0.569960 1.389724
0.598445 2.114575
0.598546 1.512244
0.586247 1.312573
0.571468 2.118795
0.574231 1.151881
0.588685 1.764628
0.568924 1.263075
0.546379 2.058298
0.561977 1.754879
0.550292 1.170925
0.532058 2.116899
0.555447 1.692766
0.550353 1.340440
0.570366 2.074824
0.563514 2.327706
0.574289 1.755098
0.588336 1.105466
0.600550 1.452478
0.564471 1.748883
0.545040 1.633139
0.561012 2.364317
0.568451 2.510788
0.527519 1.397110
0.538107 2.156702
0.526060 2.303121
0.510257 1.800291
0.551509 2.432184
0.523834 1.377378
0.521792 1.599563
0.507324 2.767879
0.507010 1.432124
0.524093 2.232052
0.517381 1.778829
0.505242 1.963418
0.523617 1.725281
0.531901 2.145133
0.526648 2.493992
0.557545 1.604180
0.537508 1.874244
0.521535 2.183460
0.529659 1.171513
0.535544 1.904723
0.491651 1.170447
0.513600 1.862264
0.545071 1.937277
0.523149 1.520197
0.522893 1.568302
0.521848 1.468604
0.509348 1.393543
0.519371 1.329334
0.536122 1.261113
0.534446 1.293351
0.529273 1.058877
0.549351 1.313086
0.556769 1.213955
0.569234 2.113059
0.591847 1.901309
0.574732 1.523724
0.544436 1.041336
0.541158 1.927159
0.555283 1.651467
0.518179 0.818409
0.530028 1.622278
0.526769 1.126123
0.531471 2.006606
0.538377 1.263892
0.543705 1.984775
0.507408 1.460583
0.489843 1.528584
0.468795 1.761436
0.495011 1.434649
0.487313 1.750147
0.486761 1.537271
0.492435 1.555358
0.499748 1.107730
0.516368 1.954843
0.487837 1.418522
0.512683 1.844834
0.475959 1.737745
0.486201 1.287701
0.491996 1.895057
0.495611 1.592670
0.484735 2.057476
0.527255 1.344630
0.524075 2.912095
0.530508 2.055424
0.529150 1.436110
0.530532 1.385050
0.520052 1.531048
0.511554 2.458434
0.522176 2.515544
0.525548 1.164620
0.529916 1.456793
0.538242 2.320629
0.549715 1.466238
0.583076 1.142716
0.600108 1.239551
0.583277 1.513165
0.575037 1.622280
0.597317 1.061554
0.573474 0.772453
0.558154 1.386464
0.554573 1.297796
0.581518 2.016362
0.565377 1.154853
0.576245 1.497662
0.500705 1.132960
0.540769 1.807275
0.527641 1.398971
0.505009 1.111796
0.498983 2.062639
0.509379 1.832445
0.516270 1.460290
0.507605 1.337670
0.521294 1.902170
0.521598 1.033397
0.496843 1.907837
0.507745 1.240032
0.501051 1.228410
0.508942 2.389780
0.486461 1.503339
0.488389 1.583505
0.485071 1.523989
0.472236 1.764829
0.513737 1.796875
0.499668 0.951279
0.473163 1.769873
0.476864 1.500329
0.456153 1.488605
0.459845 1.552365
0.425086 1.312220
0.434935 1.405742
0.441096 1.288428
0.448868 1.313515
0.470914 2.671803
0.461527 1.151932
0.468301 2.053153
0.434153 1.066024
0.479281 1.992364
0.491412 2.713189
0.478816 1.085583
0.495040 1.639032
0.505410 2.347122
0.547454 2.293080
0.496754 1.942699
0.499799 1.486594
0.493854 1.813867
0.483783 2.337760
0.500794 1.627318
0.466574 2.053782
0.463772 1.938652
0.432193 1.705542
0.391800 1.884918
0.434036 1.402786
0.473165 1.890052
0.463949 1.317901
0.469743 1.940680
0.468396 1.736926
0.464507 2.282904
0.473113 2.147187
0.454976 1.680543
0.470450 1.883423
0.468819 1.410344
0.479661 1.693565
0.445774 1.692912
0.459297 1.394260
0.449167 1.222246
0.463542 1.311867
0.470238 0.964539
0.439132 1.740781
0.450748 1.333548
0.482421 1.283082
0.458795 1.415633
0.454461 2.383973
0.467679 1.280274
0.421536 1.984736
0.447948 2.317113
0.447956 1.415516
0.465803 1.697444
0.436232 1.761439
0.463756 2.919268
0.453619 2.787221
0.446743 0.844607
0.453648 2.453106
0.435983 1.249305
0.412394 1.729803
0.421511 1.669834
0.446043 1.409637
0.454249 1.535637
0.481673 1.563406
0.467083 1.700995
0.510688 1.324386
0.500430 0.970485
0.536363 2.007658
0.530859 2.030016
0.516621 1.660835
0.516258 2.768779
0.521394 1.354132
0.513828 1.373015
0.507551 1.724436
0.464197 0.927579
0.437490 1.154524
0.444723 1.434900
0.504259 1.439528
0.523035 0.968387
0.488101 1.511698
0.511267 1.345716
0.490186 1.043940
0.493451 1.232678
0.480277 1.234913
0.490219 0.925426
0.470999 1.629385
0.477949 1.917162
0.491200 1.944968
0.436977 2.167123
0.501821 1.169384
0.484814 1.468790
0.478007 1.323884
0.457333 1.789842
0.434833 1.162228
0.422391 1.340345
0.415229 1.867406
0.371749 1.408287
0.414576 1.311815
0.454415 1.181776
0.448286 1.183280
0.460078 1.423785
0.443165 1.952565
0.399762 1.720137
0.423932 1.760636
0.449268 1.682941
0.443184 1.260456
0.430080 2.707148
0.404641 1.887930
0.426734 1.448881
0.421822 1.330094
0.447966 0.852982
0.432455 1.455568
0.393767 1.279294
0.373705 1.077456
0.419900 1.603997
0.391816 1.246245
0.397129 1.172661
0.412768 1.774344
0.414153 1.905809
0.418558 1.471828
0.417133 1.420557
0.431781 2.132571
0.406867 2.250218
0.396546 2.123932
0.426102 1.166241
0.411919 1.329760
0.421450 1.183793
0.386952 1.142122
0.407019 1.384484
0.389331 1.017362
0.449271 1.446764
0.436641 1.885073
0.430263 1.175800
0.420132 1.690000
0.397884 1.270830
0.386764 2.287378
0.405705 0.802552
0.428208 1.149478
0.402298 1.791061
0.380338 1.635708
0.360241 1.295177
0.352985 1.141701
0.361207 1.091383
0.373677 1.500934
0.381075 1.183087
0.385173 1.728314
0.359046 1.695210
0.350866 2.174844
0.388537 1.234376
0.352293 1.265307
0.388177 1.434846
0.396456 1.901853
0.397924 1.379752
0.408714 1.804422
0.385141 1.540536
0.404609 1.604322
0.394620 1.287416
0.378297 1.362231
0.364501 1.477728
0.413482 1.436522
0.387253 1.274250
0.363671 1.476523
0.359556 1.868482
0.354878 1.406518
0.375164 1.421298
0.367435 1.461847
0.412116 1.692186
0.368724 1.880764
0.364925 1.523388
0.392735 1.532929
0.415928 1.445739
0.435164 1.437635
0.460774 1.723939
0.470575 1.507196
0.441818 1.412344
0.478532 1.517579
0.506101 1.296863
0.424604 1.608789
0.392507 1.527574
0.385122 1.488158
0.356130 1.654308
0.375820 1.617357
0.387785 1.136177
0.382117 0.915483
0.414934 1.129313
0.379070 1.416112
0.387867 1.554110
0.376559 2.870525
0.390991 1.520400
0.373477 1.540289
0.356986 1.063155
0.372291 1.918590
0.352976 1.071639
0.362384 1.440967
0.378155 1.869427
0.376906 1.957230
0.355405 2.656234
0.384821 1.515525
0.384445 2.147254
0.382280 1.349142
0.396950 1.205386
0.410179 1.727753
0.425830 1.967468
0.431327 0.960483
0.425547 2.760664
0.476583 1.271703
0.457130 0.903597
0.462179 1.388004
0.475401 2.270742
0.453260 1.478504
0.453480 1.483916
0.439161 1.427649
0.435467 1.681324
0.440082 1.164798
0.426311 1.269232
0.449598 1.788812
0.412219 1.212817
0.441903 1.827973
0.438542 1.885133
0.457991 1.185327
0.455861 1.664361
0.458968 1.674996
0.436418 1.294988
0.448054 1.259957
0.445522 1.690130
0.449131 1.601604
0.457023 1.145101
0.436657 1.528696
0.448491 1.718711
0.421433 1.713907
0.458686 1.534639
0.467157 1.632491
0.442412 1.385884
0.465197 1.249953
0.453495 1.991868
0.455051 2.033466
0.463348 1.418130
0.468580 1.386963
0.445141 1.649520
0.448506 2.002947
0.451034 1.900779
0.444643 1.293821
0.410092 1.762670
0.440016 1.485478
0.432771 1.116177
0.430964 1.068450
0.415965 1.413698
0.424979 1.815117
0.411820 1.471338
0.420782 1.836336
0.394387 1.396859
0.400046 1.508844
0.407085 1.748094
0.447673 1.644553
0.385424 1.678962
0.385761 2.098104
0.357346 1.292347
0.364744 1.668318
0.365447 1.067225
0.383814 1.110770
0.377060 2.232345
0.366303 1.461303
0.352620 1.790821
0.380964 1.945263
0.366113 1.338882
0.394801 1.130699
0.373773 1.675815
0.409172 1.299023
0.382093 1.355224
0.387536 1.728866
0.402933 1.659940
0.416606 2.290655
0.410663 1.416986
0.380635 2.154039
0.383414 1.784264
0.378040 1.461773
0.390004 1.421158
0.380042 1.063874
0.428269 1.424304
0.427715 1.456537
0.413339 1.653025
0.441370 1.943314
0.416636 1.152369
0.439143 1.332888
0.400093 1.278237
0.430398 1.200352
0.474853 1.830866
0.449233 1.298105
0.421012 1.345345
0.432732 1.384745
0.446340 1.061043
0.452381 1.412024
0.433442 1.398547
0.467023 1.118157
0.464724 1.103298
0.455843 1.214396
0.424466 2.203862
0.418005 1.988747
0.431706 1.104513
0.448606 1.226198
0.441277 1.141667
0.410119 1.827145
0.464116 1.840588
0.518379 2.984779
0.485246 1.803572
0.502213 1.647251
0.528489 1.391394
0.554214 0.994177
0.554708 1.145553
0.559141 1.539140
0.523701 1.391904
0.519525 1.354848
0.549865 1.265674
0.510247 1.438414
0.508153 1.176705
0.546398 1.358336
0.513518 1.586617
0.518453 1.512567
0.498648 1.551166
0.528641 1.896185
0.504773 1.508156
0.511693 1.800365
0.530606 1.772502
0.537292 2.187812
0.559528 1.429357
0.542250 2.384059
0.527329 1.756837
0.510630 1.329010
0.537699 2.223181
0.523422 1.892396
0.495081 1.696764
0.498512 2.100448
0.510467 1.209418
0.551990 0.899761
0.512438 1.108070
0.481326 0.943828
0.495469 1.492694
0.501483 1.288327
0.519340 1.825906
0.493209 1.464310
0.496049 1.354786
0.514624 2.301959
0.573837 1.661253
0.622570 1.012229
0.598268 1.611128
0.599789 1.564518
0.637440 0.940924
0.671060 1.645970
0.639136 1.544640
0.607173 1.294206
0.589147 1.677388
0.566427 2.317413
0.581416 1.854956
0.573641 1.340221
0.536373 1.695129
0.581748 1.817168
0.574572 1.014780
0.594276 1.410186
0.574287 1.871787
0.549076 0.990334
0.506871 1.467326
0.552218 1.413225
0.524732 2.010650
0.523797 1.359724
0.504269 1.276274
0.501421 1.125462
0.494938 1.478423
0.546917 1.368548
0.560895 2.315472
0.560318 1.461276
0.529160 2.027675
0.478336 1.571133
0.468693 1.393032
0.496013 1.250989
0.513736 1.783023
0.546713 2.436433
0.511982 2.203949
0.534916 1.708378
0.529348 1.528013
0.536318 0.954305
0.550435 1.166309
0.525172 1.407302
0.525887 1.572832
0.453506 1.338496
0.488120 1.257892
0.495322 1.285819
0.492583 2.097483
0.525304 1.478988
0.542238 2.583466
0.542094 1.034993
0.547796 1.621192
0.512434 1.381548
0.530266 1.632747
0.525310 1.583491
0.520648 1.480571
0.502564 1.707157
0.479137 1.586028
0.532673 1.659559
0.524360 1.495225
0.547146 1.710017
0.564048 1.775344
0.561836 1.807652
0.559414 2.133886
0.563810 2.163164
0.571602 1.797359
0.559193 1.690254
0.513444 1.707096
0.565704 1.642828
0.561320 2.216058
0.580190 3.117688
0.564954 2.250862
0.567992 2.125226
0.555641 2.246957
0.520048 1.197320
0.549243 1.778677
0.502538 1.540149
0.537692 1.532512
0.565205 1.314165
0.549369 2.829020
0.511121 2.148016
0.533554 1.878169
0.502712 1.350738
0.498501 1.153909
0.493089 1.726418
0.460623 1.667579
0.460795 1.674903
0.469510 1.445399
0.470117 0.988252
0.479485 1.210715
0.482939 1.615019
0.445966 1.385055
0.498267 1.352879
0.445541 1.297645
0.500436 2.207454
0.467214 1.882772
0.492609 1.472561
0.462449 1.437793
0.466064 1.882777
0.457008 1.597104
0.456769 2.106524
0.451396 1.779788
0.449873 1.270394
0.465033 2.620490
0.453784 1.389853
0.525678 2.030795
0.516532 1.181904
0.538870 2.157168
0.528042 1.349579
0.520585 1.414257
0.517470 1.549054
0.562018 1.602526
0.569482 1.738591
0.538357 1.740361
0.512424 1.616764
0.480892 1.315606
0.458607 1.836483
0.458398 1.749134
0.431261 1.209580
0.400591 1.648822
0.423257 1.518169
0.410636 1.666927
0.455177 2.224034
0.460513 1.131804
0.493989 1.526401
0.508241 1.481374
0.470302 1.793997
0.493083 1.137347
0.505222 2.325316
0.486041 1.113138
0.501672 2.042488
0.488727 1.910277
0.514989 1.665150
0.466905 1.874537
0.507039 1.453044
0.516376 1.365328
0.488154 0.932841
0.477363 1.929985
0.504004 1.637192
0.514971 1.612960
0.506028 1.831006
0.514678 1.654091
0.509968 1.149431
0.529108 1.610088
0.573087 1.223078
0.499271 1.530729
0.532338 1.857871
0.534081 1.270648
0.510773 1.638725
0.533022 1.682271
0.532759 1.479185
0.515533 1.437811
0.522508 2.880761
0.534136 1.518083
0.543766 1.648533
0.505158 2.476730
0.533620 2.277872
0.492854 1.631390
0.486849 1.438423
0.533340 2.831719
0.524757 1.105375
0.517446 1.868651
0.458471 2.336530
0.474445 1.561746
0.486960 1.832212
0.427819 1.123843
0.426826 1.277773
0.425663 1.698887
0.414224 1.086368
0.366208 1.601144
0.391815 0.978014
0.421559 1.592510
0.384308 1.574806
0.355965 1.526211
0.383154 1.450487
0.406442 1.409407
0.379110 1.506328
0.377057 1.825130
0.412596 2.340402
0.419414 3.288927
0.459108 1.325104
0.470833 1.922578
0.475571 1.303805
0.514820 1.356342
0.474011 1.581999
0.527042 1.418076
0.507553 1.796329
0.497374 1.467809
0.498881 1.567913
0.536028 2.047152
0.511510 1.417684
0.496868 1.232475
0.458131 1.027287
0.466718 1.688950
0.470048 1.719960
0.470818 1.253815
0.491325 1.391016
0.445754 1.207223
0.472503 2.020432
0.454824 1.254694
0.496181 1.351978
0.486784 1.631109
0.476330 1.292821
0.490147 1.120385
0.499444 1.227959
0.511421 1.715548
0.489455 1.409249
0.485902 1.850715
0.510932 1.267444
0.502441 2.065014
0.501020 2.388285
0.523937 0.999123
0.499453 1.275308
0.449314 1.279655
0.450762 2.457132
0.473344 1.301289
0.489207 1.391250
0.423385 1.014756
0.466626 1.794651
0.435773 1.490099
0.484513 1.172378
0.495190 2.620956
0.453880 1.535999
0.517840 1.733225
0.554364 2.085821
0.582850 1.079690
0.556845 1.395725
0.536512 1.518803
0.534567 1.651558
0.520284 1.161752
0.537419 1.435796
0.544173 1.328152
0.563742 1.768506
0.551413 1.416839
0.537462 1.751833
0.533898 1.208276
0.523273 1.643417
0.537024 2.198081
0.552145 1.738118
0.574834 1.369362
0.564953 1.173941
0.558911 2.217350
0.543988 1.706301
0.558836 1.825385
0.549834 1.878170
0.543612 1.536960
0.539540 1.852141
0.512482 1.331345
0.504982 1.248221
0.521450 1.480902
0.534756 1.332428
0.544576 1.309565
0.558413 1.173026
0.516840 1.191120
0.510333 1.047372
0.474176 1.248559
0.481676 1.290604
0.524250 1.862301
0.490507 1.420094
0.496449 1.193325
0.538729 1.397842
0.476970 1.391656
0.495058 1.625003
0.493883 1.227401
0.501722 1.803542
0.509297 1.376361
0.498748 1.465282
0.502139 1.566605
0.488999 1.856214
0.499245 1.754868
0.473974 1.267086
0.458331 1.037426
0.495969 1.345166
0.530354 1.195022
0.523866 1.519899
0.485065 1.961194
0.488467 2.152879
0.463744 1.497939
0.478072 1.654302
0.502815 1.216101
0.473863 1.456705
0.481673 1.125810
0.503327 2.384507
0.521770 2.548992
0.508186 1.622424
0.495427 0.960147
0.487832 1.668412
0.499552 1.552147
0.499796 1.164110
0.497664 2.579727
0.467267 1.906113
0.448933 2.187425
0.470953 1.186118
0.469598 1.657855
0.463056 1.743270
0.470616 1.562595
0.444599 1.528742
0.434917 1.206552
0.410536 1.192375
0.396279 1.702586
0.429495 2.594725
0.411947 2.067525
0.405616 2.066968
0.414612 1.544935
0.402832 1.430943
0.423434 1.009753
0.428565 1.790636
0.451251 1.263850
0.464279 1.516817
0.445374 0.920921
0.457992 1.868698
0.455250 2.147162
0.407973 1.705116
0.424099 2.303002
0.425946 2.072365
0.443098 2.348139
0.437735 1.819565
0.427913 1.668124
0.403694 1.062081
0.419481 1.288062
0.448404 1.889999
0.425267 1.294783
0.438251 2.121691
0.436186 1.821542
0.417156 1.882317
0.448797 1.981156
0.467243 1.908859
0.465777 0.993931
0.474020 1.124194
0.467981 1.984886
0.490247 1.563384
0.482307 1.884333
0.481654 2.626047
0.511839 1.047263
0.495082 1.207857
0.484882 1.408053
0.488455 0.924446
0.506464 1.373103
0.532178 1.303668
0.468474 1.281652
0.502367 0.797390
0.495522 1.842271
0.504905 1.469697
0.520243 1.527843
0.502869 1.940052
0.505467 1.351742
0.519144 1.860852
0.506959 1.324389
0.449591 1.621494
0.454723 2.243910
0.448395 1.188858
0.492158 1.205019
0.479248 1.446583
0.469977 0.917585
0.476933 1.397049
0.459186 1.361050
0.490972 1.383930
0.500875 1.352491
0.525571 1.334070
0.537347 1.634436
0.551497 2.375048
0.548072 1.653257
0.580525 2.157192
0.553789 1.069537
0.575248 0.997300
0.582179 1.062106
0.570020 1.626106
0.563627 1.547139
0.545365 2.249985
0.544206 1.431273
0.568594 1.286930
0.559877 1.957231
0.509667 1.621804
0.539006 1.033330
0.517876 1.210777
0.563434 2.034841
0.557275 1.350126
0.562030 1.410777
0.557880 1.148076
0.578476 1.178723
0.578582 1.274486
0.575710 1.211738
0.545699 1.153387
0.497527 1.281803
0.575537 1.011879
0.573931 2.047585
0.557459 1.711632
0.579091 1.616439
0.579574 1.476404
0.602613 1.650837
0.571460 1.426077
0.547185 1.530321
0.558425 1.413786
0.575502 1.460212
0.582226 0.948022
0.557713 1.464956
0.603030 1.522079
0.603114 1.150209
0.635462 1.270075
0.647047 1.139691
0.608074 1.251330
0.607512 1.505121
0.589602 1.439837
0.572999 1.466004
0.567692 1.476022
0.550702 2.055381
0.550487 1.796886
0.550450 1.255536
0.496498 0.912062
0.463757 1.546317
0.485592 1.153569
0.457030 1.574168
0.505183 1.061812
0.460178 1.551200
0.516913 1.186964
0.478224 1.911048
0.491371 2.661651
0.521699 1.927023
0.515384 1.766129
0.468935 1.531033
0.518833 1.519668
0.474530 1.219317
0.509276 2.093106
0.501036 1.838420
0.533869 0.921339
0.535999 1.434667
0.554666 1.474440
0.556298 2.299892
0.537754 2.144159
0.545382 1.521647
0.537121 1.511982
0.529108 2.103585
0.555339 1.433876
0.515740 1.597463
0.488404 1.968765
0.521727 1.355625
0.580801 2.064529
0.594177 1.489407
0.659436 1.289305
0.661875 1.300422
0.641815 1.298934
0.663568 2.221403
0.611179 1.478910
0.630882 1.476906
0.596927 1.592735
0.599564 1.607436
0.539850 1.504738
0.560848 1.374909
0.570141 1.871903
0.554480 1.750677
0.575656 1.299488
0.564592 1.571064
0.555441 1.158157
0.575151 1.787498
0.565686 1.513831
0.561954 1.372512
0.597127 1.522485
0.614699 1.478638
0.628784 1.307566
0.623845 1.141327
0.657546 1.061787
0.641270 0.901051
0.631875 2.218764
0.623580 1.848717
0.590590 1.480457
0.603743 1.646746
0.597664 2.147662
0.627379 1.155381
0.632394 1.249642
0.653248 1.936695
0.668030 2.525980
0.654653 1.054292
0.624825 1.347073
0.605803 1.834443
0.618761 1.613649
0.608722 1.051337
0.608683 1.661393
0.653748 1.170797
0.631335 1.462683
0.581814 1.532767
0.607094 2.457345
0.600572 1.607469
0.609599 2.853698
0.580298 1.870348
0.560969 1.500199
0.591818 1.727764
0.609344 1.242184
0.624790 1.700387
0.605932 1.610210
0.600021 1.486412
0.597194 1.867922
0.571406 1.690733
0.564662 1.549934
0.579598 1.072175
0.562870 1.272162
0.607227 1.049409
0.594251 2.908952
0.549447 1.124495
0.577923 1.396918
0.547460 1.892386
0.539646 1.601975
0.555322 1.201811
0.553515 1.413319
0.578214 1.985746
0.592326 1.501024
0.608423 1.534631
0.626121 1.564444
0.605785 1.580418
0.570144 1.833602
0.590748 1.167824
0.568954 0.918076
0.507002 1.369446
0.495852 1.301597
0.477820 1.590165
0.496367 1.020848
0.505593 1.968801
0.493336 1.691005
0.520623 0.999226
0.501564 1.650548
0.494101 1.383923
0.505980 1.406035
0.498000 1.876443
0.523921 1.343239
0.537411 1.298916
0.531379 1.667324
0.557558 1.655603
0.582110 1.642748
0.527722 1.783322
0.528824 1.905317
0.502309 1.435575
0.513200 2.296978
0.536947 1.823343
0.577754 1.399553
0.566703 1.325463
0.545361 3.030821
0.551802 1.331450
0.573380 1.239106
0.559380 2.065725
0.585251 1.423268
0.559407 1.196374
0.580603 1.516749
0.586225 1.883166
0.534086 1.347974
0.514480 1.436397
0.560077 1.412729
0.553811 1.898200
0.528817 1.805108
0.506782 2.066265
0.512690 1.359927
0.488201 1.615231
0.508284 1.334590
0.494820 1.110928
0.484860 2.007169
0.500294 1.765432
0.467796 1.688624
0.516305 1.141884
0.527586 1.424213
0.527585 1.282375
0.519744 2.137708
0.523305 2.080301
0.528873 2.152150
0.522415 2.292882
0.550619 1.775782
0.542995 2.663451
0.521118 0.913340
0.512301 1.227522
0.512350 2.434593
0.559946 1.554757
0.528091 1.715332
0.479414 1.458577
0.423556 0.959453
0.440254 1.937934
0.455148 1.618273
0.486846 1.946684
0.484559 1.622636
0.474989 1.766924
0.461150 1.532961
0.475185 1.381620
0.481561 1.783312
0.500804 1.568866
0.510184 1.476912
0.492873 1.358183
0.463054 1.428919
0.489166 1.617751
0.508744 2.000085
0.491281 2.027961
0.507861 1.939356
0.481670 1.573467
0.512340 1.612407
0.473087 2.269441
0.446948 1.030708
0.455832 1.173732
0.454764 1.597151
0.448801 2.161784
0.445577 1.416070
0.484285 1.312219
0.511027 1.562533
0.503412 1.493126
0.492714 1.529538
0.506256 1.642442
0.460015 1.168139
0.484147 1.568569
0.446148 1.380398
0.479854 1.758455
0.472728 1.209732
0.478310 1.101993
0.471088 1.561738
0.516711 1.388445
0.538993 1.635384
0.537312 1.543241
0.556412 1.490078
0.587872 1.094075
0.584566 1.512818
0.553779 1.697164
0.549705 1.344735
0.542552 2.017823
0.538744 1.716815
0.533139 0.853772
0.542619 1.795120
0.466590 1.914937
0.477135 2.129315
0.476472 1.415830
0.481920 1.672616
0.469001 1.741053
0.452089 1.977601
0.463874 1.442758
0.517051 2.250727
0.457587 1.590892
0.416957 1.813560
0.469308 1.335886
0.454536 1.279045
0.449798 1.263786
0.498459 2.019692
0.524782 1.895952
0.519366 1.574253
0.489118 1.282913
0.456352 1.900959
0.502124 1.856938
0.442161 1.587830
0.463907 1.133797
0.455907 1.433135
0.450858 1.119557
0.388349 1.089362
0.426546 1.004992
0.443260 1.292133
0.465763 1.272576
0.470893 1.165046
0.472581 1.362778
0.454877 0.965502
0.486843 1.649654
0.512186 1.442702
0.530325 1.728025
0.515391 1.959006
0.525129 1.129417
0.508275 1.433726
0.500771 1.530517
0.490554 1.958198
0.473508 1.351393
0.478866 1.582575
0.495347 1.337958
0.503817 1.269303
0.501925 2.293490
0.491448 1.653181
0.473542 1.275820
0.443762 2.543145
0.397898 1.513652
0.383189 1.824111
0.360533 1.648298
0.357617 1.031288
0.349540 1.809569
0.352923 2.034152
0.337318 1.551728
0.295029 1.434403
0.326508 1.719692
0.279880 3.000222
0.297295 1.567425
0.297021 2.077570
0.298573 1.192808
0.277157 1.366579
0.314993 1.487227
0.301255 1.213940
0.338261 1.332622
0.328322 1.538079
0.314195 1.484032
0.289267 1.764840
0.311739 1.878466
0.355033 2.237933
0.338987 1.099232
0.350517 1.675842
0.318150 2.016100
0.337274 1.866521
0.332749 1.689751
0.351335 1.254594
0.347371 2.034953
0.346157 2.582492
0.351983 1.402938
0.346396 1.994891
0.331400 2.279705
0.336136 1.776791
0.341154 1.418643
0.297132 1.651748
0.298820 0.814356
0.327410 2.162142
0.344408 1.994323
0.328638 1.246650
0.282407 1.060838
0.309362 0.902576
0.304981 1.696927
0.272486 1.559073
0.279578 1.334520
0.285351 1.479196
0.274931 1.482284
0.300043 1.694249
0.285279 1.954265
0.303604 1.552034
0.294762 1.736553
0.314780 1.348693
0.329183 1.789935
0.351078 1.340128
0.349277 1.706437
0.400678 1.641248
0.393344 1.092047
0.403664 1.129219
0.398220 1.830494
0.396711 1.198483
0.386310 1.657589
0.365341 2.104664
0.376668 1.496484
0.404195 1.423447
0.405313 1.215922
0.421189 1.837910
0.407177 1.628720
0.437488 2.015984
0.401867 1.711843
0.396604 1.715389
0.396636 1.637925
0.395695 1.952784
0.412288 1.807289
0.403283 1.039094
0.426941 1.556396
0.382910 1.184347
0.383527 1.567063
0.389921 1.454954
0.397443 1.089279
0.386414 1.224788
0.393761 0.940715
0.438152 1.397739
0.432344 0.938585
0.475365 0.857346
0.466402 1.217431
0.443442 1.662954
0.448598 1.234696
0.437434 1.129481
0.466951 1.287279
0.445131 2.375046
0.435437 1.152381
0.463280 1.456549
0.443456 1.614716
0.451053 1.106664
0.438025 1.603367
0.460124 1.803126
0.441911 1.180915
0.440474 1.015767
0.453436 1.980213
0.442024 1.016845
0.418291 1.330807
0.413268 1.406753
0.444180 1.394517
0.436188 1.525082
0.449274 1.668757
0.424574 1.255491
0.425891 1.674583
0.427455 2.206226
0.438349 1.441802
0.402285 1.673754
0.393496 1.715995
0.428790 1.683816
0.411475 1.800081
0.431928 2.404246
0.418742 1.358362
0.410729 1.400604
0.419096 1.239618
0.392826 1.183726
0.373327 1.111752
0.388173 2.148404
0.417777 1.850247
0.416529 1.656980
0.436490 1.680662
0.460093 1.005744
0.468644 1.728775
0.454830 1.029684
0.472022 1.899821
0.447461 1.710039
0.483964 1.851591
0.447391 1.294395
0.475630 1.960419
0.460428 1.567981
0.435387 1.140243
0.443421 1.670129
0.445096 1.768151
0.452144 3.317625
0.431272 2.230504
0.440553 1.999374
0.451581 1.653538
