    0.143262 12417.931776
    0.143312 13252.942488
    0.142811 12685.959667
    0.142401 12475.470941
    0.142124 13103.782343
    0.142463 12864.156318
    0.142375 11832.948840
    0.141782 12267.952214
    0.142245 12776.701520
    0.142112 12256.133460
    0.142177 11884.688381
    0.140886 12450.182825
    0.142135 11919.511484
    0.141877 13308.960849
    0.142075 12252.174898
    0.141646 13635.719416
    0.141112 12694.749232
    0.141574 12340.164081
    0.141793 12520.517298
    0.140930 12643.165115
    0.140536 12403.099793
    0.141140 12669.774671
    0.139931 12235.636673
    0.140379 12820.998061
    0.140343 12600.306931
    0.140214 13034.649571
    0.140297 12486.850514
    0.139838 12327.756598
    0.139350 12603.852086
    0.139452 12216.184861
    0.139696 12729.666303
    0.139888 12459.394138
    0.139793 12604.241111
    0.138433 12422.484350
    0.138977 11981.768810
    0.138810 12712.368511
    0.140363 12469.938930
    0.140484 12339.309223
    0.141269 12184.836128
    0.141543 12404.296580
    0.141477 13547.471901
    0.140888 12627.194056
    0.139846 12258.525765
    0.139491 12774.160188
    0.139796 12519.667074
    0.139680 13103.655172
    0.140775 12523.370299
    0.140039 12062.086632
    0.140423 12045.732825
    0.140109 13327.194386
    0.138972 12794.446628
    0.139627 12721.318040
    0.139024 12712.030769
    0.140165 12780.473015
    0.140034 12578.093896
    0.139902 12490.116718
    0.139713 12176.449473
    0.139101 12835.503794
    0.138660 12516.857799
    0.139540 12917.720727
    0.138180 12832.015112
    0.139241 12060.755069
    0.139793 12877.868455
    0.139201 12437.660783
    0.138582 12671.391305
    0.138338 12408.007910
    0.137721 12435.153123
    0.137830 12784.162191
    0.137602 12497.148857
    0.138387 12350.717098
    0.137688 12029.901345
    0.137402 12231.805662
    0.137153 12758.501468
    0.138206 12109.210375
    0.138411 12241.813411
    0.136816 12964.292770
    0.137097 12869.662729
    0.138283 12985.681963
    0.137692 12398.574766
    0.137916 12442.536415
    0.138266 12301.651374
    0.137232 12783.102320
    0.137295 12506.737148
    0.136846 12522.066859
    0.136636 12283.021606
    0.136560 13771.428502
    0.137684 12376.003714
    0.137385 12481.693744
    0.137623 12619.021253
    0.136908 13022.033699
    0.137087 13654.360488
    0.137476 12723.314719
    0.137690 13111.151103
    0.137228 13269.842279
    0.137162 12722.906482
    0.136209 12491.628918
    0.137262 12369.781007
    0.136968 12379.481361
    0.136670 12515.944558
    0.137117 12523.861774
    0.135910 12213.505935
    0.135319 12430.426005
    0.135639 11827.001788
    0.136564 12833.872582
    0.136229 13456.465601
    0.136309 12746.621649
    0.135173 12088.187990
    0.135090 12672.876165
    0.133788 13167.544794
    0.133759 12372.684146
    0.133941 12457.078787
    0.133310 12429.184712
    0.134603 12266.723780
    0.134446 12345.103399
    0.134372 13014.838486
    0.134520 12656.289921
    0.133983 11980.275690
    0.133542 12029.269268
    0.134439 12306.096073
    0.131365 11943.005421
    0.132234 12799.528201
    0.132798 12837.575956
    0.132122 12329.589675
    0.131629 12806.725690
    0.131879 13104.453423
    0.130907 12382.314301
    0.130611 12380.931969
    0.128847 12727.790847
    0.129417 12239.229980
    0.130215 12323.544729
    0.130389 12746.108586
    0.130222 12627.520333
    0.130435 11559.382247
    0.131652 12276.629696
    0.132020 12429.751528
    0.131508 13484.725586
    0.131455 12519.374000
    0.130777 12382.113910
    0.130051 12439.095905
    0.130733 12226.914199
    0.129938 12403.030378
    0.130813 12037.251557
    0.130922 11816.155723
    0.129076 12788.836384
    0.128984 11585.320711
    0.129281 12188.725392
    0.129141 12846.413953
    0.128397 12578.755376
    0.127989 11972.281196
    0.128229 12574.607757
    0.127755 12439.399767
    0.127360 12173.936418
    0.127214 12721.651024
    0.125800 12050.819990
    0.127176 13125.944181
    0.126526 13290.444643
    0.126482 12593.085580
    0.127131 12728.085096
    0.127488 12302.415956
    0.127008 12033.484874
    0.127340 12630.998868
    0.127218 12583.695639
    0.127371 12477.548730
    0.127368 12239.887487
    0.126779 13181.950699
    0.126203 12653.748423
    0.126911 12291.355798
    0.127260 13382.800606
    0.128583 12350.311367
    0.128237 12924.652888
    0.128297 12168.489946
    0.127918 12512.040620
    0.127591 12727.140549
    0.127213 12426.990098
    0.127468 13153.723119
    0.128080 13359.501388
    0.128029 12335.964019
    0.127837 12375.585511
    0.127352 11535.448071
    0.127256 12200.005257
    0.127197 12951.843137
    0.126892 13309.660617
    0.125749 12593.573707
    0.126509 12376.975261
    0.126422 12580.278767
    0.126039 12412.769266
    0.126398 13123.223761
    0.126348 12384.505412
    0.126994 11822.291646
    0.129981 12422.002814
    0.129253 12663.057548
    0.127891 12399.068895
    0.128146 12665.408757
    0.128100 12692.069004
    0.128306 12582.775446
    0.128056 13165.839751
    0.128229 13040.369302
    0.127924 12459.857708
    0.128170 12592.892906
    0.128286 12924.953886
    0.127587 12764.625080
    0.128728 12554.127636
    0.128947 12555.931687
    0.128666 12737.144127
    0.127629 12324.411386
    0.127199 13287.570731
    0.127058 11830.818563
    0.127249 12980.984361
    0.128907 12844.731558
    0.128942 12701.187241
    0.129727 13085.266502
    0.129487 11880.557170
    0.129182 13268.483180
    0.129476 12786.688961
    0.129177 12746.033847
    0.129202 12265.807963
    0.129152 12665.768619
    0.129039 12880.321586
    0.129014 12992.094856
    0.129063 12629.396545
    0.129078 13883.546331
    0.129412 12192.671776
    0.130142 12808.966043
    0.130317 12947.828446
    0.130061 12545.411222
    0.128312 13195.510804
    0.128620 12845.285557
    0.126851 12566.129426
    0.126791 13004.220465
    0.127375 12842.531082
    0.126465 12512.666162
    0.126433 12702.117080
    0.126815 13092.219643
    0.126826 12414.080904
    0.127273 12973.115538
    0.128908 12381.922556
    0.127844 12514.362862
    0.128594 12129.514144
    0.128327 12424.020978
    0.128827 12726.408649
    0.129595 12514.455925
    0.129187 12724.499280
    0.128587 12809.337502
    0.128446 12495.442050
    0.128052 12592.712830
    0.128170 12628.325973
    0.128963 12344.417290
    0.128883 12402.349598
    0.127253 12230.935410
    0.126992 12657.591921
    0.126416 13183.085891
    0.126553 12663.256263
    0.126079 13346.257800
    0.125534 12855.428280
    0.125017 12849.311934
    0.125970 12785.108550
    0.126342 12719.941987
    0.125672 12308.090403
    0.125380 11644.495555
    0.125180 12763.084032
    0.125617 13060.652028
    0.126787 13730.105552
    0.127077 13062.759705
    0.126949 12191.047339
    0.126819 12606.781863
    0.126709 12532.327319
    0.126766 12219.047573
    0.126937 13274.927900
    0.126804 12311.596416
    0.126770 12916.901138
    0.126254 12769.990292
    0.125685 12862.424052
    0.126197 12609.537104
    0.126343 12527.719775
    0.126376 12476.057120
    0.126979 12657.225921
    0.127454 12796.289724
    0.128130 12889.727729
    0.126679 13613.899960
    0.125902 13091.653760
    0.126735 12269.042156
    0.126562 12225.858215
    0.126407 13203.296649
    0.126404 12579.588518
    0.126766 13185.642810
    0.126545 12659.266480
    0.126496 12482.731793
    0.126758 12168.830324
    0.126142 13116.285767
    0.126797 13136.121935
    0.127423 12352.594980
    0.127899 12528.193134
    0.126800 12028.575078
    0.126671 12728.631591
    0.127073 13103.369696
    0.128194 11631.976553
    0.127823 11806.243346
    0.129022 12129.257796
    0.129368 12550.057706
    0.129076 12009.185563
    0.128870 12528.658471
    0.128905 13128.977208
    0.127954 12471.276433
    0.128031 12605.036746
    0.127839 12860.871869
    0.127573 13001.737124
    0.128018 12429.588983
    0.128611 13139.439175
    0.128601 12765.905403
    0.128213 11960.161356
    0.127282 12936.156419
    0.126594 12334.139581
    0.127044 12819.306632
    0.127631 12987.956092
    0.126482 13125.843297
    0.126857 12312.837189
    0.126882 12365.095633
    0.127935 12000.050145
    0.127434 13004.038732
    0.127521 13630.102665
    0.129310 13050.414024
    0.130237 11854.829691
    0.130033 12536.266356
    0.129446 12597.232697
    0.128896 12762.796618
    0.127513 12876.453694
    0.128008 12692.110800
    0.129115 12896.687788
    0.130340 13439.181869
    0.131656 12499.554752
    0.132144 12195.164814
    0.131750 12097.335588
    0.132966 13079.612326
    0.131661 11976.598466
    0.133186 12240.609689
    0.133707 13065.757482
    0.133289 13424.914382
    0.133488 11623.716039
    0.134192 12031.354627
    0.134009 12836.467084
    0.134838 12615.455433
    0.134824 13074.917432
    0.135345 12320.848104
    0.135510 12844.985580
    0.134757 12746.279759
    0.135441 12350.416391
    0.134344 12893.304983
    0.133231 12488.804834
    0.134072 12202.159337
    0.134546 13667.603753
    0.136459 13429.387040
    0.136564 12688.978363
    0.137779 13290.069208
    0.137826 12897.515062
    0.137972 12840.475301
    0.137497 12288.169891
    0.138388 12140.039950
    0.138398 12523.978785
    0.137528 13005.677702
    0.137761 12190.839814
    0.138347 12680.887251
    0.138623 13073.454836
    0.138645 12481.404624
    0.139422 13156.791945
    0.139593 12941.964952
    0.140589 12142.171105
    0.140428 13578.804635
    0.141245 12962.681385
    0.142764 12506.244829
    0.142552 12307.889806
    0.143342 12892.182731
    0.143510 12967.975775
    0.142051 13107.464091
    0.141460 12544.526702
    0.141456 12365.134920
    0.141687 12453.965693
    0.141650 13087.934316
    0.141851 13079.826149
    0.141636 12467.415196
    0.142341 13380.649413
    0.142718 12480.539549
    0.144262 11802.016720
    0.143358 12305.420568
    0.143984 12362.475258
    0.143094 12292.502586
    0.141840 13129.838643
    0.143290 12869.283277
    0.141414 12353.811157
    0.143001 13021.792476
    0.143485 13302.037702
    0.144068 13024.185079
    0.144349 12394.264092
    0.143757 12600.630095
    0.143205 13043.289338
    0.143738 13124.013480
    0.143045 12212.737624
    0.142373 12055.247531
    0.140610 12629.228263
    0.139458 11981.362422
    0.139595 12669.798726
    0.139295 13260.450925
    0.139439 12720.998327
    0.140032 12793.191157
    0.139384 12331.604092
    0.138869 11958.768656
    0.138502 12383.420294
    0.140142 13162.281054
    0.139709 13117.939845
    0.139164 13673.875539
    0.137722 12786.991229
    0.137873 11699.549581
    0.138838 12809.873548
    0.138709 12689.297127
    0.138546 12772.514396
    0.138802 12309.674313
    0.138464 12297.540452
    0.137527 12935.005781
    0.137500 12719.627430
    0.138635 12605.391014
    0.138510 12467.178899
    0.138465 12894.399874
    0.138863 13349.646557
    0.138094 12574.155985
    0.139702 13253.640880
    0.138961 12968.771302
    0.138051 12659.218354
    0.137300 12369.206352
    0.136815 12664.944309
    0.136415 12726.187937
    0.136339 13056.601781
    0.135965 12810.881565
    0.134896 12671.705884
    0.136692 12033.943675
    0.138890 13496.427930
    0.136951 12505.921348
    0.137194 12651.363961
    0.136702 11877.683243
    0.135774 12311.556784
    0.136883 13131.308628
    0.136853 13098.398878
    0.135505 12302.790801
    0.136530 12986.927378
    0.137213 12422.712907
    0.137510 12106.160660
    0.136382 12478.577066
    0.136360 12611.739358
    0.135440 12669.896916
    0.135469 11970.126025
    0.136270 13036.838528
    0.136111 12872.211793
    0.136368 11810.193741
    0.135666 13214.744718
    0.134713 12942.306315
    0.135204 12549.816931
    0.134476 12752.287432
    0.135129 12383.142579
    0.133403 13389.245300
    0.133970 13017.911273
    0.133910 11819.962085
    0.135251 12830.287067
    0.134968 12296.193009
    0.135252 12869.775493
    0.134949 12460.054626
    0.134882 13003.710416
    0.135853 12466.496217
    0.137155 13672.022489
    0.137714 12662.722266
    0.138086 12513.633350
    0.138742 12713.126836
    0.137650 12956.783445
    0.139147 13399.634182
    0.138611 13083.689104
    0.138928 12710.138545
    0.138378 12915.403119
    0.139401 12729.776881
    0.138386 12469.229255
    0.138972 13106.009646
    0.138833 11930.632252
    0.138730 11284.398584
    0.138571 12157.914232
    0.138897 12130.884518
    0.140297 12378.522457
    0.140020 12343.480847
    0.139352 12302.985194
    0.138931 12924.058352
    0.139087 12126.448425
    0.139737 12094.932388
    0.139074 12386.050544
    0.139449 13517.130273
    0.138473 12079.284375
    0.138447 12531.603105
    0.138573 12509.336581
    0.138222 11793.610561
    0.138441 12976.522465
    0.137321 12619.895508
    0.137084 12577.395388
    0.134936 12638.696187
    0.134611 12733.389806
    0.134773 12697.086530
    0.133837 12685.992741
    0.132852 12649.520788
    0.133708 12448.829042
    0.134005 13277.198558
    0.133442 11949.976042
    0.134284 12326.290842
    0.133376 13462.634561
    0.133951 12251.119622
    0.134127 13236.942319
    0.133349 12209.722730
    0.134668 12444.041673
    0.133951 12407.569931
    0.133837 12606.751653
    0.133691 12838.675186
    0.133459 12440.810124
    0.133587 12175.103565
    0.133731 12553.822881
    0.134004 12359.047136
    0.133383 12256.225310
    0.133625 12495.154442
    0.133859 13113.026073
    0.133888 12563.431023
    0.134521 11655.995119
    0.134703 12898.988727
    0.133974 13092.009786
    0.134052 12883.760123
    0.134620 12424.332478
    0.134203 12152.442650
    0.134407 13311.140936
    0.134538 13088.001226
    0.134368 13213.194710
    0.133851 11933.068749
    0.134954 12635.009879
    0.134849 12732.545589
    0.134572 11842.878118
    0.133610 12730.274877
    0.133077 12647.233334
    0.133051 12874.878193
    0.133448 12822.219563
    0.132816 12402.649907
    0.132294 12461.507779
    0.132773 12582.720564
    0.133021 12375.525863
    0.132787 13008.244061
    0.133454 12642.216693
    0.133020 11924.849264
    0.131801 12312.598668
    0.132131 12918.916804
    0.133654 12473.248321
    0.132328 12621.834416
    0.132305 12126.017886
    0.132165 12928.931902
    0.132948 12765.593502
    0.132438 11876.274106
    0.133850 12625.074515
    0.133678 12915.363738
    0.132801 12461.536421
    0.133183 12581.208464
    0.133083 12448.933593
    0.134585 12681.026976
    0.134534 12618.636914
    0.134502 12322.636270
    0.134524 13333.690407
    0.134602 13165.408346
    0.134372 12776.352429
    0.135115 12283.108982
    0.135460 11939.017667
    0.135557 13089.897665
    0.135441 12485.297477
    0.135961 12785.554574
    0.137672 12416.791433
    0.137076 12621.261219
    0.138219 12167.681702
    0.137829 12314.602319
    0.139194 12220.555167
    0.137630 12873.163678
    0.136374 12872.671965
    0.136277 13072.689541
    0.137448 12568.446043
    0.136388 12636.853481
    0.136413 12695.382312
    0.136974 12532.468734
    0.138362 12830.896286
    0.138742 11860.939089
    0.139383 12230.876678
    0.139762 12048.708145
    0.139537 12344.461711
    0.139198 12604.765415
    0.139554 12603.424501
    0.137830 12690.806457
    0.138170 12368.530598
    0.138928 13150.855174
    0.139362 13075.107501
    0.138942 12017.429597
    0.139694 13667.319152
    0.139826 12336.713974
    0.139091 12764.246591
    0.139309 13672.818021
    0.139303 12443.719844
    0.137714 12579.789291
    0.138265 12544.815283
    0.138300 12861.841159
    0.138264 12774.151130
    0.137479 13033.778215
    0.137489 12352.640989
    0.136616 13272.323018
    0.137791 12827.374035
    0.137078 13088.839138
    0.136696 12219.617151
    0.137878 12791.718542
    0.138466 12006.535911
    0.138582 13311.470710
    0.138053 13113.427682
    0.138184 12128.172535
    0.137871 12133.593376
    0.137547 13303.359089
    0.138063 12634.639316
    0.137641 13128.152297
    0.136469 12298.670271
    0.136041 12720.826688
    0.134912 12143.879823
    0.135819 12414.185850
    0.136312 11769.460965
    0.136550 12771.828897
    0.135323 12825.500278
    0.136053 12650.898015
    0.136448 12565.091455
    0.136411 12384.721797
    0.136617 13022.904523
    0.137662 12465.618027
    0.136976 12496.993321
    0.137707 12181.343764
    0.137751 12508.486341
    0.138060 12246.244969
    0.139704 12696.519803
    0.138877 12255.668687
    0.141680 12327.352105
    0.141294 13483.262715
    0.141232 11756.783535
    0.140939 12572.157578
    0.141664 13396.130126
    0.140792 12862.705736
    0.140030 13037.099452
    0.141071 12616.044372
    0.140228 11652.775382
    0.138978 13478.584342
    0.139876 13473.753068
    0.139062 12190.212299
    0.139371 12843.030286
    0.139489 12020.301978
    0.139821 13320.348756
    0.141003 12870.163045
    0.140858 13553.046295
    0.141307 13279.957112
    0.140847 12390.816792
    0.141302 12199.369732
    0.141369 12910.381802
    0.140416 12560.764529
    0.139148 12411.118497
    0.139496 12946.916711
    0.139484 12053.904083
    0.138844 12082.581140
    0.138496 11903.888201
    0.138851 12046.369571
    0.138712 12912.188782
    0.139415 12797.686138
    0.139078 12481.181978
    0.138600 11969.403427
    0.139747 12587.394830
    0.140206 12885.555279
    0.140826 13125.800064
    0.138817 12336.241435
    0.139495 12472.385420
    0.139956 12513.300749
    0.139998 12770.652561
    0.139894 12358.208087
    0.140026 13279.393860
    0.140804 12007.739678
    0.140327 12511.286834
    0.139565 13245.522063
    0.141261 12970.051604
    0.141343 12619.850734
    0.141075 13035.714101
    0.141683 12986.886446
    0.141421 12673.093149
    0.142666 12358.783451
    0.142590 13041.105419
    0.142121 12379.167666
    0.142688 11413.660047
    0.142410 12760.675135
    0.141833 12109.115160
    0.143025 11942.321436
    0.141839 12812.034292
    0.141193 13272.700552
    0.140560 12190.672281
    0.140489 13172.644212
    0.140574 12467.334823
    0.142525 11965.909770
    0.141280 12459.613794
    0.141723 12801.159160
    0.140597 12339.400034
    0.141282 11851.983722
    0.140024 12599.084250
    0.141344 12481.885204
    0.140938 12466.106800
    0.141390 12950.344251
    0.141542 12615.889955
    0.142530 12330.426871
    0.142553 12336.024567
    0.141539 12502.609099
    0.140980 12952.751190
    0.139952 12803.320295
    0.140063 11888.335310
    0.138878 12332.750707
    0.138681 12705.095834
    0.137980 12345.847478
    0.137726 12858.542793
    0.137838 12613.372405
    0.137659 12848.735928
    0.137995 12459.547379
    0.137438 12862.221353
    0.137065 12128.787507
    0.137271 12964.435641
    0.137479 12593.168200
    0.137715 12975.098802
    0.137759 13398.317827
    0.138335 12270.194436
    0.138249 12514.438615
    0.138178 12556.348081
    0.138954 13120.966827
    0.140766 12611.080402
    0.140816 12302.147799
    0.140685 13203.800039
    0.140599 12165.193504
    0.139941 13025.619088
    0.140044 11973.868690
    0.141212 12972.811482
    0.139882 13243.143008
    0.138319 12293.164600
    0.138729 12942.480171
    0.138788 12931.003999
    0.140454 13214.859756
    0.140037 13179.911033
    0.141253 12732.640519
    0.139932 13174.425492
    0.140890 13223.349002
    0.140296 13063.718034
    0.140875 13377.740554
    0.139889 12789.020404
    0.139009 12096.410789
    0.138645 12995.026989
    0.138481 12887.917036
    0.139029 12253.661561
    0.138431 12569.565457
    0.138807 12111.597275
    0.138296 12912.665480
    0.138769 12678.457671
    0.139448 12501.443303
    0.140174 12025.852336
    0.139974 12521.977214
    0.139578 12767.372286
    0.138654 12043.897938
    0.138687 12996.395537
    0.137969 13022.437693
    0.140144 12733.103210
    0.140140 13168.443749
    0.141059 13125.957249
    0.141423 11717.345977
    0.141447 12885.708134
    0.141755 12742.614281
    0.143089 11851.911235
    0.140641 13029.077603
    0.139677 12675.284735
    0.140753 12860.604750
    0.141006 13816.580024
    0.141888 12987.983300
    0.141823 12894.971580
    0.141459 13492.049579
    0.140202 12568.068567
    0.140843 12690.608962
    0.139872 12149.046648
    0.139408 12659.210103
    0.139742 13291.086260
    0.140963 12572.176598
    0.140319 12252.308790
    0.140462 12852.361411
    0.140551 12538.129838
    0.140666 12949.491965
    0.141194 12550.569089
    0.139633 13220.864871
    0.140795 12403.207557
    0.139837 13121.837206
    0.139746 13586.053645
    0.140023 12762.715466
    0.140539 12791.833351
    0.139368 12836.323948
    0.139524 12611.226494
    0.139130 12861.752319
    0.138625 12823.683551
    0.137434 12985.354963
    0.137432 12929.387481
    0.137071 12555.674576
    0.137766 12928.731300
    0.136632 13143.707676
    0.137693 12896.539895
    0.136728 12779.371334
    0.137806 12077.037178
    0.136663 12550.675277
    0.138268 12404.372580
    0.135972 12390.051231
    0.135099 12262.612906
    0.135006 13005.227937
    0.135797 12677.124375
    0.135690 12383.876031
    0.135650 13498.116140
    0.134389 12569.231560
    0.134233 12750.229284
    0.133997 11843.573914
    0.134542 11747.048321
    0.135351 11837.182927
    0.136511 12924.260594
    0.136972 12902.451052
    0.136885 12065.685926
    0.137213 13059.981936
    0.136564 12560.736657
    0.138286 13126.467257
    0.137803 12759.428570
    0.137253 12611.229389
    0.137073 12570.228419
    0.136838 13355.386230
    0.135703 12331.307731
    0.136443 13174.419920
    0.136039 12622.578555
    0.136009 12774.182266
    0.136386 12557.184184
    0.136848 13547.986904
    0.137325 12267.984221
    0.135603 13368.282738
    0.134910 12159.229184
    0.134776 13687.092515
    0.134242 12622.064374
    0.133240 12237.949885
    0.133508 13041.407245
    0.133743 12833.895122
    0.133166 12827.654063
    0.132775 12625.183211
    0.133106 13079.669669
    0.132858 13331.665446
    0.133177 12667.589631
    0.133773 12509.695900
    0.133580 12704.706809
    0.133532 12884.069795
    0.134728 12862.385568
    0.134018 13455.028383
    0.135057 13165.250281
    0.135301 12415.433361
    0.134572 12452.835241
    0.134524 12161.043683
    0.134370 13756.621883
    0.134556 12781.519343
    0.135838 13233.504152
    0.133208 12931.604463
    0.134270 13359.016050
    0.134377 12404.880688
    0.135006 12917.229680
    0.133889 12734.172681
    0.134702 12898.656845
    0.135262 12277.708937
    0.135014 13102.387887
    0.133687 12107.125918
    0.133695 12645.230836
    0.133690 12969.810670
    0.133935 12390.104102
    0.134375 12873.155088
    0.135084 11510.479519
    0.135149 13468.992455
    0.135967 13052.908479
    0.136828 12926.707108
    0.136607 12299.726962
    0.136298 12852.542915
    0.136691 12959.736899
    0.137779 12978.498257
    0.137729 13210.678872
    0.136892 12569.033360
    0.137527 12910.182274
    0.137545 12854.238145
    0.136636 12575.342237
    0.137642 12328.214461
    0.136760 12465.224005
    0.138090 13185.255868
    0.137639 12506.151926
    0.137464 12376.104564
    0.137019 12475.103802
    0.136649 12155.640825
    0.136898 13202.201624
    0.137028 12199.652413
    0.137089 12706.907447
    0.139354 12176.284308
    0.139256 12518.875101
    0.138442 12912.613761
    0.138656 12773.082493
    0.137730 13052.512235
    0.135908 12387.240527
    0.135461 12361.258164
    0.136616 12749.003228
    0.135625 12030.136592
    0.135031 12365.859810
    0.136803 12655.538608
    0.136580 12221.294340
    0.136603 12308.710391
    0.136697 12502.417683
    0.137864 12624.642535
    0.137220 13036.775118
    0.139292 12763.778492
    0.139504 13216.463643
    0.139665 12601.532650
    0.138363 13238.208955
    0.137832 12876.176832
    0.135697 12410.855165
    0.135848 12939.094451
    0.133415 12512.922441
    0.133971 12240.413651
    0.134190 12532.944382
    0.133782 12424.049512
    0.134804 12777.312349
    0.133231 12373.188668
    0.134479 12190.776261
    0.133382 12697.062141
    0.133210 12615.725440
    0.133423 12618.190125
    0.135089 12067.245702
    0.135463 12468.492850
    0.134812 13418.590327
    0.135834 12598.057599
    0.135063 11791.266160
    0.133823 12345.912224
    0.134865 12750.927661
    0.133738 13173.989093
    0.132638 12667.516188
    0.134502 12870.900641
    0.135001 12798.098513
    0.134790 12822.657923
    0.133843 12831.128939
    0.134698 13032.802917
    0.134445 12464.840489
    0.133734 13566.745750
    0.135155 13295.879384
    0.135631 12757.123433
    0.135867 13108.420486
    0.136071 12041.383026
    0.135909 13338.456803
    0.135647 12466.297449
    0.136581 12750.550648
    0.137506 11973.874418
    0.138007 12297.726679
    0.137427 12430.301049
    0.138515 12932.042646
    0.137722 12414.734074
    0.137910 13382.127412
    0.138471 12274.519699
    0.137619 12418.419643
    0.137342 11861.182128
    0.137782 12614.314574
    0.137645 12397.023696
    0.136874 12204.596086
    0.135661 12254.998621
    0.134812 11931.929084
    0.135469 11939.278060
    0.135214 12016.224079
    0.137572 12911.803986
    0.137841 12244.413430
    0.138227 12422.709926
    0.138937 13308.515941
    0.138216 12041.911380
    0.139911 12489.049562
    0.139782 12320.288835
    0.138208 12828.996201
    0.137636 12336.907438
    0.137091 12507.139479
    0.136947 12315.844716
    0.138037 12526.190414
    0.136835 12110.391487
    0.135649 13168.998224
    0.135230 12725.179008
    0.135088 12508.287940
    0.135332 13431.166657
    0.135492 12481.846839
    0.133800 12307.565390
    0.134776 13059.610585
    0.134978 12109.659805
    0.134973 12623.510936
    0.136919 11670.449873
    0.136475 13169.300691
    0.137415 12956.347485
    0.138133 12435.155840
    0.137229 12755.340845
    0.138200 12460.495742
    0.139408 13128.780966
    0.139564 12543.297498
    0.138670 11752.600723
    0.137741 12133.784500
    0.137446 12684.571665
    0.137243 12261.698475
    0.138297 12470.665475
    0.138473 12556.141109
    0.138717 12023.671040
    0.140098 12745.387109
    0.138835 13371.404545
    0.138448 12604.519007
    0.139490 12163.311518
    0.140193 12829.842213
    0.138632 12628.806795
    0.138221 12533.374769
    0.137663 12801.191344
    0.137214 12885.372558
    0.137630 12805.951979
    0.137607 12291.489849
    0.136867 12537.903192
    0.135834 12879.632926
    0.134987 12421.174654
    0.133914 13011.288574
    0.132486 12146.731817
    0.131777 12276.993880
    0.133252 12398.858353
    0.133357 12741.411345
    0.133235 12384.659888
    0.134548 13106.341877
    0.134533 11866.921110
    0.135106 12911.618206
    0.135091 13262.346869
    0.135800 13135.809182
    0.136268 12407.942714
    0.136340 12191.897310
    0.135613 12579.725986
    0.135506 13241.227584
    0.135756 12546.306040
    0.136683 13479.274389
    0.136941 13314.640219
    0.136865 12260.452109
    0.137203 12793.471563
    0.137325 12698.206596
    0.137687 12570.382703
    0.137305 12793.088020
    0.136862 13293.137703
    0.137490 12855.644347
    0.137835 13065.556002
    0.138500 12710.099075
    0.139023 12817.850750
    0.139243 12305.383817
    0.140633 12324.712322
    0.140156 11881.273418
    0.139346 11892.240880
    0.139332 12531.061955
    0.139191 12848.518565
    0.139522 12773.053317
    0.138939 12355.660768
    0.139164 12860.002335
    0.139714 13193.804227
    0.140063 12725.519432
    0.139397 12202.558126
    0.138787 12156.297632
    0.136538 12181.100435
    0.136639 12641.377183
    0.136680 12513.443325
    0.136546 12503.112603
    0.136889 12750.953231
    0.135922 12161.616446
    0.136741 13237.816396
    0.135442 12501.829340
    0.136500 12978.648254
    0.136221 12158.190915
    0.136887 12082.813159
    0.136547 12602.715852
    0.137110 12705.765220
    0.136418 12816.133513
    0.135419 13362.956098
    0.135689 13374.403733
    0.136055 13135.475730
    0.135714 12580.006600
    0.135117 12686.195593
    0.135246 12424.069026
    0.135593 13192.593100
    0.134689 12720.448933
    0.135688 12857.743037
    0.135770 11888.871945
    0.136801 13770.304119
    0.135859 12084.138511
    0.137052 12829.095599
    0.137911 13446.799046
    0.139948 12606.439679
    0.141149 13301.466058
    0.141957 12854.408185
    0.142259 12315.703654
    0.141452 12100.689243
    0.141103 12810.417743
    0.141572 12668.341889
    0.140195 12619.689404
    0.140706 13533.706912
    0.140268 12554.056926
    0.139811 12756.846300
    0.140284 12906.792160
    0.139530 12002.207749
    0.139935 12341.745671
    0.139896 13136.042226
    0.139246 13011.087385
    0.139488 13306.398507
    0.138435 13000.965350
    0.139526 12543.770209
    0.138850 12901.414563
    0.137159 12387.289550
    0.136012 12459.021032
    0.136334 13562.925594
    0.135715 12397.716105
    0.135732 12287.983470
    0.135367 12960.873946
    0.135780 13096.142487
    0.134942 12619.776366
    0.135475 12872.519071
    0.135174 12720.439602
    0.134137 12050.193577
    0.134261 12711.402459
    0.134098 12777.339844
    0.134855 12560.191159
    0.134453 12311.841039
    0.135601 12540.837926
    0.134502 13078.117589
    0.136109 13036.972423
    0.135513 12764.504177
    0.135024 12765.210906
    0.135249 11930.346719
    0.134725 13412.555470
    0.135216 12947.323941
    0.133953 12575.695484
    0.133169 12703.975775
    0.134427 11905.849453
    0.135160 12587.387193
    0.135385 12940.476850
    0.136798 13270.469897
    0.136005 12025.162539
    0.136067 12531.995087
    0.135860 13072.850222
    0.136070 13417.958183
    0.136288 12391.969570
    0.136077 13194.767934
    0.134856 12283.314117
    0.134461 12483.552193
    0.134091 12480.616021
    0.134044 12066.014567
    0.133894 11784.647823
    0.133433 12797.737899
    0.133248 12355.510762
    0.132490 13171.042770
    0.132045 12797.095265
    0.131878 12999.796651
    0.132332 12954.917547
    0.131945 13472.122949
    0.131888 12804.474818
    0.131368 12548.854549
    0.131683 12855.002931
    0.131213 12039.415234
    0.131209 12488.451938
    0.131114 12191.671821
    0.131067 12492.524229
    0.132331 12895.019942
    0.132570 12286.456807
    0.133436 12938.027738
    0.133011 12683.554649
    0.133892 11555.437783
    0.133530 12939.887699
    0.133927 12225.075620
    0.134654 12655.830992
    0.135142 12669.425760
    0.136839 12092.205970
    0.137227 12724.515192
    0.136931 12353.915374
    0.136985 12806.235975
    0.135970 12886.983058
    0.135656 13141.670616
    0.134660 12991.564941
    0.134781 12751.682375
    0.134971 13092.227508
    0.133914 13030.504981
    0.133200 12356.955848
    0.133142 12885.634664
    0.133027 12167.505087
    0.133221 12849.123270
    0.133425 12098.470333
    0.134042 12258.955773
    0.133114 12723.722712
    0.133096 12670.907875
    0.133382 12141.532345
    0.134598 12885.031365
    0.133666 12866.028061
    0.134458 12189.669807
    0.134776 12713.991507
    0.133550 13411.932316
    0.133048 12331.168633
    0.133213 12164.636304
    0.133420 11834.295240
    0.132090 13049.976157
    0.131788 12945.995762
    0.131796 12811.783965
    0.131621 13089.659635
    0.131925 12048.996694
    0.131982 13192.767404
    0.133248 12326.461242
    0.132436 12006.503407
    0.132041 12246.851449
    0.131484 12384.301494
    0.131843 12379.332690
    0.130665 12952.942369
    0.129942 12544.439548
    0.129138 12784.061894
    0.128920 13120.827534
    0.130013 13234.138490
    0.129564 12161.250320
    0.128361 13074.849260
    0.128524 12715.168504
    0.128253 12544.913046
    0.128610 12315.648217
    0.128155 12247.778367
    0.128867 13043.743168
    0.128174 13063.423929
    0.129989 13205.247586
    0.129497 12445.063203
    0.129958 12698.657929
    0.129649 12769.616340
    0.130067 12279.023569
    0.130394 13038.346201
    0.130713 11745.066651
    0.130556 13382.723236
    0.130688 12731.565842
    0.130120 12942.118218
    0.131038 12825.964479
    0.131386 13233.030331
    0.130830 12651.147613
    0.130144 12317.330600
    0.130106 12212.076434
    0.129217 13043.984419
    0.129018 13411.727493
    0.128694 11766.495539
    0.127809 11948.758220
    0.127871 12727.697965
    0.127397 13304.779411
    0.127682 11488.761190
    0.127288 13407.849853
    0.125764 13179.067132
    0.125083 12712.479235
    0.124721 13013.316820
    0.123724 13031.795055
    0.124044 12455.574324
    0.123844 12415.394265
    0.123104 13108.217767
    0.124393 12020.899516
    0.124156 12655.868059
    0.124203 12888.090660
    0.124931 12474.323402
    0.125157 12938.339984
    0.125327 12301.268936
    0.124975 12331.120816
    0.125693 12856.067434
    0.124086 12426.745197
    0.125043 13243.171097
    0.123619 12574.635367
    0.124043 13625.584431
    0.123524 12119.305101
    0.124114 12678.352322
    0.124704 12610.017943
    0.124690 12373.482685
    0.124994 13426.673395
    0.124520 12827.334062
    0.124351 12103.591473
    0.124976 12073.099039
    0.124421 12317.088462
    0.124509 12361.584232
    0.124940 11887.374374
    0.125299 12546.002447
    0.124708 12260.255969
    0.125086 12055.924494
    0.126027 12766.665522
    0.124950 12770.815670
    0.124295 12119.624261
    0.125110 12772.492893
    0.126434 12839.849746
    0.125823 12339.293627
    0.125911 11869.326276
    0.127689 11820.492630
    0.127843 13055.982022
    0.127657 13035.150466
    0.127656 13229.443013
    0.128511 13043.734514
    0.128226 13028.841276
    0.127540 12786.930582
    0.127301 13341.270324
    0.127699 12643.309495
    0.126933 12553.533597
    0.128228 12689.709302
    0.126899 12585.940180
    0.127329 12957.649308
    0.127709 12426.668858
    0.129349 12402.092603
    0.130207 12091.459471
    0.130053 11714.618869
    0.131743 12936.319227
    0.131471 12952.821987
    0.131920 12266.406670
    0.132488 12955.205240
    0.131780 12308.559356
    0.132416 12880.677921
    0.134159 12056.467902
    0.133302 12409.859122
    0.133078 12837.812627
    0.133222 12185.210331
    0.132765 13172.587554
    0.133540 13030.824496
    0.133567 12326.205719
    0.133647 12774.229515
    0.133217 12425.227838
    0.133889 12681.142740
    0.133378 12702.721345
    0.132509 11771.766538
    0.133080 12914.612009
    0.132566 13125.911079
    0.131025 12191.561314
    0.130474 11975.495904
    0.131305 11787.974228
    0.131287 12396.964453
    0.130804 13005.655299
    0.131329 12982.969755
    0.130394 11779.210556
    0.130837 12293.780680
    0.131471 12633.767740
    0.131509 12563.402280
    0.131094 12558.557288
    0.132082 12824.704562
    0.132756 13142.701112
    0.131411 12704.447392
    0.131528 12535.448447
    0.131980 12915.654191
    0.133218 12857.738332
    0.133900 12864.159985
    0.134112 12564.346979
    0.134343 12359.579425
    0.134442 12028.664425
    0.134863 12783.754264
    0.135722 12854.910485
    0.136314 12820.604497
    0.134488 12892.269339
    0.133572 12932.016908
    0.133420 12488.554349
    0.133471 13151.301816
    0.133656 13091.814370
    0.134147 12317.457647
    0.133677 12373.033447
    0.134687 12458.479865
    0.134359 12186.483856
    0.134633 12860.649207
    0.134243 12647.692628
    0.134317 12406.600570
    0.135548 13151.545750
    0.136758 13042.155633
    0.136554 13245.293800
    0.136239 12777.860041
    0.135014 12782.825149
    0.135633 12298.239347
    0.135263 12719.959799
    0.135370 12821.291916
    0.134927 12638.570107
    0.136394 12686.336587
    0.136437 12835.094942
    0.136843 12881.660799
    0.137014 12976.053940
    0.138172 12639.816757
    0.136663 13792.398803
    0.136150 12590.029590
    0.138632 13440.899794
    0.137752 12251.030720
    0.139049 13405.194254
    0.140032 12919.437252
    0.140785 12870.366939
    0.141543 12882.572874
    0.142307 12580.981231
    0.142741 12713.480259
    0.143716 12755.613506
    0.143143 12911.512821
    0.143561 12780.343926
    0.143701 12593.272498
    0.143649 12913.829520
    0.145152 12402.384287
    0.145266 12976.069716
    0.144607 12716.873808
    0.144146 12271.716837
    0.143684 12539.120235
    0.144541 13554.938413
    0.144437 12493.601999
    0.143188 12158.621057
    0.143594 12305.709463
    0.142617 11515.356259
    0.143553 13267.140800
    0.143063 12679.285404
    0.142723 13181.304255
    0.142983 12613.928335
    0.143419 12467.313919
    0.142908 12334.232101
    0.143058 12507.136155
    0.142579 12820.575183
    0.143316 13064.807493
    0.142714 12735.343974
    0.143867 12715.471627
    0.143677 12682.057136
    0.141872 12380.650132
    0.141334 12611.214641
    0.141316 12987.042098
    0.141249 12135.567040
    0.140879 12534.880367
    0.142415 12220.039325
    0.142475 12092.869137
    0.142225 12742.136064
    0.143124 12488.069434
    0.143644 12859.664812
    0.144806 12425.368470
    0.146402 13301.475900
    0.147221 13082.598115
    0.146691 13110.361111
    0.147232 13455.091375
    0.147555 12311.798993
    0.145846 12641.898996
    0.145276 13024.289255
    0.145999 12552.489020
    0.145220 12958.727611
    0.145577 12785.664058
    0.146008 13521.823916
    0.145609 13416.588226
    0.145450 11787.094022
    0.145709 12565.448780
    0.145632 12916.662332
    0.144508 12955.487899
    0.144696 12349.049287
    0.144338 12371.447164
    0.144794 12573.696923
    0.144348 12695.646961
    0.144155 13860.169476
    0.145356 12482.010062
    0.144386 12637.417423
    0.144158 12165.415563
    0.144252 12734.394574
    0.143736 12547.896297
    0.142498 12584.046576
    0.142737 12864.243371
    0.143383 13274.964508
    0.143101 13481.719108
    0.143812 12973.529662
    0.142614 12156.096944
    0.143845 12373.918478
    0.143345 12616.149398
    0.143800 12809.610286
    0.143144 13718.335558
    0.143522 12696.370783
    0.143011 12935.942796
    0.142005 12375.654406
    0.141196 12953.799692
    0.141458 12588.695530
    0.141427 12519.127124
    0.141984 13013.211900
    0.141532 12117.420596
    0.142424 12769.995499
    0.140155 13133.197382
    0.140169 14038.199681
    0.140155 12268.423296
    0.140457 13000.634976
    0.139881 12519.528148
    0.139059 12942.817718
    0.139109 13091.174876
    0.138337 11666.794633
    0.138428 12469.893372
    0.137691 12283.391022
    0.138005 11780.156569
    0.137631 12510.031590
    0.137533 12779.701195
    0.137277 12560.258035
    0.138245 12886.121753
    0.137586 12122.350361
    0.139416 12128.148519
    0.139582 12560.154900
    0.141201 13109.044029
    0.142062 12456.896151
    0.141657 12168.641358
    0.143035 13049.206534
    0.143218 12923.093107
    0.143158 12482.311541
    0.143718 12656.869886
    0.144379 13562.325740
    0.144121 13064.893159
    0.144363 13218.738486
    0.145224 13117.326310
    0.145988 12950.303935
    0.146837 11971.446545
    0.145125 12483.937417
    0.146894 13043.546765
    0.146436 12378.561532
