0.000000 0.021927
0.000000 0.041837
0.000000 0.032548
0.000000 0.015953
0.000000 0.015874
0.000000 0.104968
0.000000 0.020629
0.000000 0.021460
0.000000 0.047507
0.000000 0.130562
0.000000 0.023866
0.000000 0.043819
0.000000 0.069733
0.000000 0.084585
0.000000 0.021660
0.000000 0.086496
0.000000 0.050363
0.000000 0.038911
0.000000 0.025474
0.000000 0.034297
0.000000 0.076557
0.000000 0.027139
0.000000 0.088596
0.000000 0.059432
0.000000 0.059027
0.000000 0.081038
0.000000 0.052459
0.000000 0.033988
0.000000 0.039549
0.000000 0.035953
0.000000 0.021889
0.000000 0.022460
0.000000 0.024739
0.000000 0.037997
0.000000 0.026748
0.000000 0.028826
0.000000 0.061562
0.000000 0.043973
0.000000 0.025476
0.000000 0.040306
0.000000 0.027505
0.000000 0.022607
0.000000 0.067685
0.000000 0.023192
0.000000 0.028707
0.000000 0.037363
0.000000 0.078730
0.000000 0.021638
0.000000 0.049358
0.000000 0.054268
0.000000 0.049293
0.000000 0.015486
0.000000 0.062783
0.000000 0.037207
0.000000 0.025302
0.000000 0.041386
0.000000 0.029860
0.000000 0.085594
0.000000 0.028093
0.000000 0.078533
0.000000 0.020049
0.000000 0.033118
0.000000 0.058194
0.000000 0.062188
0.000000 0.053233
0.000000 0.077404
0.000000 0.051753
0.000000 0.063864
0.000000 0.045972
0.000000 0.091921
0.000000 0.064640
0.000000 0.067690
0.000000 0.021368
0.000000 0.021518
0.000000 0.022051
0.000000 0.026073
0.000000 0.036078
0.000000 0.035046
0.000000 0.028421
0.000000 0.018210
0.000000 0.024341
0.000000 0.024492
0.000000 0.019960
0.000000 0.017831
0.000000 0.015784
0.000000 0.018906
0.000000 0.030767
0.000000 0.025344
0.000000 0.046714
0.000000 0.026805
0.000000 0.017046
0.000000 0.025237
0.000000 0.043895
0.000000 0.028647
0.000000 0.039311
0.000000 0.041782
0.000000 0.038496
0.000000 0.033436
0.000000 0.049436
0.000000 0.058572
0.000000 0.145084
0.000000 0.132401
0.000000 0.024450
0.000000 0.087477
0.000000 0.032386
0.000000 0.014438
0.000000 0.048373
0.000000 0.064635
0.000000 0.038769
0.000000 0.114726
0.000000 0.030755
0.000000 0.077995
0.000000 0.039565
0.000000 0.017152
0.000000 0.014538
0.000000 0.034807
0.000000 0.072602
0.000000 0.037204
0.000000 0.070411
0.000000 0.084081
0.000000 0.064798
0.000000 0.098895
0.000000 0.045442
0.000000 0.019311
0.000000 0.027691
0.000000 0.034536
0.000000 0.023691
0.000000 0.030080
0.000000 0.033105
0.000000 0.029270
0.000000 0.081971
0.000000 0.031109
0.000000 0.025056
0.000000 0.036437
0.000000 0.035233
0.000000 0.050783
0.000000 0.050497
0.000000 0.044461
0.000000 0.022953
0.000000 0.036898
0.000000 0.027168
0.000000 0.032231
0.000000 0.041295
0.000000 0.039999
0.000000 0.066251
0.000000 0.045123
0.000000 0.113609
0.000000 0.058529
0.000000 0.032466
0.000000 0.039147
0.000000 0.023492
0.000000 0.031977
0.000000 0.063473
0.000000 0.034882
0.000000 0.025272
0.000000 0.044306
0.000000 0.040173
0.000000 0.026025
0.000000 0.025917
0.000000 0.058762
0.000000 0.027062
0.000000 0.022790
0.000000 0.017219
0.000000 0.027966
0.000000 0.027302
0.000000 0.022226
0.000000 0.111870
0.000000 0.054182
0.000000 0.017354
0.000000 0.020611
0.000000 0.010974
0.000000 0.027985
0.000000 0.026280
0.000000 0.026605
0.000000 0.028082
0.000000 0.035681
0.000000 0.088228
0.000000 0.034842
0.000000 0.022812
0.000000 0.053946
0.000000 0.038148
0.000000 0.027135
0.000000 0.132308
0.000000 0.038437
0.000000 0.038305
0.000000 0.033167
0.000000 0.039196
0.000000 0.065203
0.000000 0.118892
0.000000 0.117773
0.000000 0.181241
0.000000 0.059024
0.000000 0.046055
0.000000 0.056069
0.000000 0.063345
0.000000 0.046593
0.000000 0.024346
0.000000 0.025238
0.000000 0.038707
0.000000 0.026051
0.000000 0.025820
0.000000 0.026696
0.000000 0.028273
0.000000 0.055624
0.000000 0.012206
0.000000 0.030040
0.000000 0.049548
0.000000 0.070303
0.000000 0.020767
0.000000 0.022664
0.000000 0.038040
0.000000 0.037683
0.000000 0.019240
0.000000 0.028197
0.000000 0.040498
0.000000 0.017592
0.000000 0.052100
0.000000 0.042236
0.000000 0.037522
0.000000 0.031744
0.000000 0.029432
0.000000 0.016396
0.000000 0.032432
0.000000 0.040653
0.000000 0.043823
0.000000 0.032854
0.000000 0.072426
0.000000 0.031797
0.000000 0.110619
0.000000 0.071662
0.000000 0.060748
0.000000 0.022004
0.000000 0.024155
0.000000 0.061228
0.000000 0.035912
0.000000 0.027959
0.000000 0.030089
0.000000 0.033085
0.000000 0.026003
0.000000 0.039110
0.000000 0.029975
0.000000 0.028898
0.000000 0.022227
0.000000 0.056492
0.000000 0.023530
0.000000 0.014605
0.000000 0.071610
0.000000 0.021747
0.000000 0.029940
0.000000 0.025842
0.000000 0.036119
0.000000 0.284653
0.000000 0.037087
0.000000 0.038040
0.000000 0.026760
0.000000 0.115430
0.000000 0.031593
0.000000 0.029709
0.000000 0.096900
0.000000 0.046105
0.000000 0.055377
0.000000 0.010315
0.000000 0.014056
0.000000 0.022964
0.000000 0.023346
0.000000 0.026536
0.000000 0.031497
0.000000 0.045040
0.000000 0.037756
0.000000 0.021319
0.000000 0.077796
0.000000 0.051355
0.000000 0.047125
0.000000 0.034213
0.000000 0.017107
0.000000 0.078796
0.000000 0.013471
0.000000 0.045208
0.000000 0.071464
0.000000 0.021228
0.000000 0.051427
0.000000 0.051997
0.000000 0.037204
0.000000 0.028326
0.000000 0.023368
0.000000 0.033351
0.000000 0.022731
0.000000 0.029040
0.000000 0.035785
0.000000 0.011517
0.000000 0.012841
0.000000 0.058620
0.000000 0.018533
0.000000 0.098938
0.000000 0.051261
0.000000 0.043067
0.000000 0.059880
0.000000 0.087118
0.000000 0.021617
0.000000 0.056652
0.000000 0.030607
0.000000 0.038331
0.000000 0.024512
0.000000 0.079141
0.000000 0.025183
0.000000 0.038192
0.000000 0.044758
0.000000 0.066203
0.000000 0.020130
0.000000 0.090528
0.000000 0.019352
0.000000 0.139124
0.000000 0.133106
0.000000 0.058481
0.000000 0.184606
0.000000 0.055468
0.000000 0.034675
0.000000 0.054253
0.000000 0.075142
0.000000 0.054400
0.000000 0.046830
0.000000 0.049891
0.000000 0.026808
0.000000 0.018041
0.000000 0.033304
0.000000 0.342165
0.000000 0.044661
0.000000 0.027042
0.000000 0.017495
0.000000 0.041737
0.000000 0.028014
0.000000 0.036458
0.000000 0.026288
0.000000 0.119529
0.000000 0.040227
0.000000 0.035516
0.000000 0.044433
0.000000 0.030333
0.000000 0.049783
0.000000 0.032463
0.000000 0.022937
0.000000 0.078963
0.000000 0.042434
0.000000 0.051710
0.000000 0.061719
0.000000 0.048012
0.000000 0.037796
0.000000 0.031565
0.000000 0.018882
0.000000 0.022742
0.000000 0.134757
0.000000 0.051151
0.000000 0.030935
0.000000 0.066518
0.000000 0.106198
0.000000 0.035542
0.000000 0.097896
0.000000 0.017200
0.000000 0.045113
0.000000 0.082294
0.000000 0.050605
0.000000 0.047775
0.000000 0.034490
0.000000 0.046086
0.000000 0.034437
0.000000 0.027462
0.000000 0.019755
0.000000 0.028360
0.000000 0.061018
0.000000 0.022783
0.000000 0.051923
0.000000 0.026456
0.000000 0.022898
0.000000 0.057619
0.000000 0.125700
0.000000 0.073224
0.000000 0.018222
0.000000 0.113668
0.000000 0.053203
0.000000 0.034607
0.000000 0.031602
0.000000 0.015779
0.000000 0.022758
0.000000 0.036279
0.000000 0.027636
0.000000 0.020008
0.000000 0.044064
0.000000 0.069662
0.000000 0.031855
0.000000 0.048128
0.000000 0.015546
0.000000 0.039649
0.000000 0.021414
0.000000 0.057415
0.000000 0.052037
0.000000 0.050213
0.000000 0.047502
0.000000 0.041716
0.000000 0.037247
0.000000 0.046395
0.000000 0.029881
0.000000 0.017063
0.000000 0.030073
0.000000 0.063282
0.000000 0.042310
0.000000 0.065168
0.000000 0.025213
0.000000 0.060898
0.000000 0.036643
0.000000 0.029263
0.000000 0.041135
0.000000 0.035240
0.000000 0.022688
0.000000 0.031910
0.000000 0.018807
0.000000 0.019610
0.000000 0.022773
0.000000 0.018576
0.000000 0.113108
0.000000 0.045501
0.000000 0.070374
0.000000 0.023092
0.000000 0.055219
0.000000 0.019532
0.000000 0.064686
0.000000 0.032894
0.000000 0.019368
0.000000 0.063808
0.000000 0.018233
0.000000 0.028408
0.000000 0.032752
0.000000 0.029281
0.000000 0.033975
0.000000 0.083714
0.000000 0.036847
0.000000 0.044155
0.000000 0.072287
0.000000 0.039918
0.000000 0.051101
0.000000 0.012434
0.000000 0.017958
0.000000 0.029903
0.000000 0.039398
0.000000 0.063426
0.000000 0.035156
0.000000 0.079530
0.000000 0.097275
0.000000 0.020857
0.000000 0.011569
0.000000 0.027776
0.000000 0.079641
0.000000 0.040587
0.000000 0.037943
0.000000 0.080398
0.000000 0.049655
0.000000 0.031277
0.000000 0.029366
0.000000 0.037979
0.000000 0.032443
0.000000 0.033812
0.000000 0.019804
0.000000 0.028176
0.000000 0.061030
0.000000 0.029253
0.000000 0.045707
0.000000 0.037520
0.000000 0.053502
0.000000 0.019684
0.000000 0.027309
0.000000 0.017468
0.000000 0.041010
0.000000 0.052860
0.000000 0.022702
0.000000 0.029515
0.000000 0.032166
0.000000 0.040024
0.000000 0.021929
0.000000 0.033762
0.000000 0.043887
0.000000 0.017809
0.000000 0.040479
0.000000 0.022536
0.000000 0.028622
0.000000 0.052393
0.000000 0.016401
0.000000 0.025706
0.000000 0.024905
0.000000 0.027220
0.000000 0.015697
0.000000 0.028952
0.000000 0.031837
0.000000 0.044025
0.000000 0.026489
0.000000 0.032905
0.000000 0.074004
0.000000 0.078919
0.000000 0.063393
0.000000 0.036910
0.000000 0.023768
0.000000 0.028274
0.000000 0.025576
0.000000 0.016338
0.000000 0.015969
0.000000 0.031856
0.000000 0.016600
0.000000 0.027020
0.000000 0.028700
0.000000 0.050615
0.000000 0.013437
0.000000 0.080513
0.000000 0.028566
0.000000 0.027429
0.000000 0.021637
0.000000 0.021173
0.000000 0.032122
0.000000 0.027638
0.000000 0.030844
0.000000 0.049634
0.000000 0.031374
0.000000 0.015775
0.000000 0.024476
0.000000 0.046728
0.000000 0.031938
0.000000 0.032137
0.000000 0.124738
0.000000 0.020586
0.000000 0.026647
0.000000 0.016892
0.000000 0.022711
0.000000 0.097673
0.000000 0.021330
0.000000 0.021358
0.000000 0.025432
0.000000 0.023870
0.000000 0.022998
0.000000 0.023710
0.000000 0.020829
0.000000 0.023619
0.000000 0.033439
0.000000 0.062355
0.000000 0.043222
0.000000 0.040469
0.000000 0.031819
0.000000 0.063377
0.000000 0.029593
0.000000 0.018057
0.000000 0.021368
0.000000 0.080572
0.000000 0.029158
0.000000 0.048276
0.000000 0.155176
0.000000 0.227522
0.000000 0.052484
0.000000 0.049614
0.000000 0.079063
0.000000 0.021410
0.000000 0.070135
0.000000 0.033024
0.000000 0.027587
0.000000 0.024223
0.000000 0.037990
0.000000 0.066998
0.000000 0.030509
0.000000 0.102400
0.000000 0.036198
0.000000 0.047550
0.000000 0.034125
0.000000 0.041104
0.000000 0.025567
0.000000 0.025495
0.000000 0.027431
0.000000 0.032755
0.000000 0.022562
0.000000 0.032202
0.000000 0.010953
0.000000 0.060554
0.000000 0.033731
0.000000 0.095372
0.000000 0.036173
0.000000 0.066280
0.000000 0.042601
0.000000 0.064225
0.000000 0.093794
0.000000 0.053666
0.000000 0.021334
0.000000 0.039584
0.000000 0.280097
0.000000 0.036671
0.000000 0.024637
0.000000 0.047709
0.000000 0.020457
0.000000 0.035843
0.000000 0.019113
0.000000 0.025729
0.000000 0.029489
0.000000 0.030833
0.000000 0.067562
0.000000 0.089119
0.000000 0.027492
0.000000 0.185503
0.000000 0.020228
0.000000 0.037120
0.000000 0.018399
0.000000 0.086682
0.000000 0.042490
0.000000 0.031805
0.000000 0.040633
0.000000 0.048339
0.000000 0.030318
0.000000 0.052900
0.000000 0.022300
0.000000 0.019195
0.000000 0.022550
0.000000 0.058066
0.000000 0.048565
0.000000 0.016894
0.000000 0.025518
0.000000 0.020653
0.000000 0.031725
0.000000 0.015647
0.000000 0.024299
0.000000 0.089731
0.000000 0.033696
0.000000 0.016610
0.000000 0.019705
0.000000 0.062847
0.000000 0.049310
0.000000 0.123271
0.000000 0.059201
0.000000 0.091273
0.000000 0.029119
0.000000 0.038404
0.000000 0.079816
0.000000 0.046763
0.000000 0.046792
0.000000 0.022705
0.000000 0.025281
0.000000 0.038327
0.000000 0.022734
0.000000 0.032352
0.000000 0.026062
0.000000 0.037364
0.000000 0.043333
0.000000 0.036670
0.000000 0.033119
0.000000 0.028210
0.000000 0.058190
0.000000 0.039594
0.000000 0.061469
0.000000 0.109840
0.000000 0.052413
0.000000 0.028805
0.000000 0.038117
0.000000 0.046949
0.000000 0.022132
0.000000 0.032579
0.000000 0.034065
0.000000 0.097239
0.000000 0.022833
0.000000 0.075901
0.000000 0.041457
0.000000 0.109919
0.000000 0.039234
0.000000 0.039542
0.000000 0.014004
0.000000 0.056764
0.000000 0.049269
0.000000 0.052386
0.000000 0.129518
0.000000 0.034075
0.000000 0.109419
0.000000 0.073794
0.000000 0.100850
0.000000 0.046863
0.000000 0.033133
0.000000 0.033988
0.000000 0.041411
0.000000 0.060806
0.000000 0.020484
0.000000 0.045945
0.000000 0.070800
0.000000 0.017500
0.000000 0.042103
0.000000 0.048704
0.000000 0.030101
0.000000 0.046444
0.000000 0.058416
0.000000 0.025134
0.000000 0.043895
0.000000 0.034121
0.000000 0.020792
0.000000 0.037471
0.000000 0.045323
0.000000 0.043498
0.000000 0.021379
0.000000 0.042583
0.000000 0.050112
0.000000 0.030657
0.000000 0.043295
0.000000 0.144497
0.000000 0.031454
0.000000 0.027819
0.000000 0.019145
0.000000 0.021126
0.000000 0.020903
0.000000 0.013594
0.000000 0.070786
0.000000 0.024782
0.000000 0.028605
0.000000 0.025576
0.000000 0.044983
0.000000 0.020129
0.000000 0.029061
0.000000 0.042710
0.000000 0.069715
0.000000 0.068109
0.000000 0.054646
0.000000 0.037728
0.000000 0.049200
0.000000 0.072795
0.000000 0.022974
0.000000 0.034626
0.000000 0.032444
0.000000 0.029101
0.000000 0.093310
0.000000 0.028836
0.000000 0.067985
0.000000 0.179219
0.000000 0.026169
0.000000 0.019085
0.000000 0.038543
0.000000 0.052655
0.000000 0.061482
0.000000 0.098001
0.000000 0.031418
0.000000 0.048545
0.000000 0.017799
0.000000 0.019301
0.000000 0.025659
0.000000 0.026629
0.000000 0.026187
0.000000 0.045194
0.000000 0.033166
0.000000 0.016639
0.000000 0.020606
0.000000 0.017322
0.000000 0.046486
0.000000 0.025997
0.000000 0.069009
0.000000 0.015112
0.000000 0.014836
0.000000 0.044961
0.000000 0.026103
0.000000 0.021824
0.000000 0.033035
0.000000 0.020323
0.000000 0.059062
0.000000 0.024118
0.000000 0.047866
0.000000 0.023650
0.000000 0.054009
0.000000 0.051513
0.000000 0.075735
0.000000 0.023840
0.000000 0.070202
0.000000 0.055201
0.000000 0.020938
0.000000 0.010814
0.000000 0.029711
0.000000 0.106193
0.000000 0.062246
0.000000 0.039442
0.000000 0.021454
0.000000 0.024091
0.000000 0.020367
0.000000 0.031516
0.000000 0.038940
0.000000 0.027674
0.000000 0.013264
0.000000 0.062714
0.000000 0.020209
0.000000 0.034215
0.000000 0.024667
0.000000 0.051910
0.000000 0.026513
0.000000 0.072455
0.000000 0.047173
0.000000 0.033467
0.000000 0.041173
0.000000 0.022307
0.000000 0.053199
0.000000 0.025011
0.000000 0.047028
0.000000 0.062454
0.000000 0.051541
0.000000 0.028127
0.000000 0.041722
0.000000 0.048364
0.000000 0.014722
0.000000 0.034382
0.000000 0.026657
0.000000 0.042961
0.000000 0.018606
0.000000 0.021654
0.000000 0.052076
0.000000 0.038042
0.000000 0.037790
0.000000 0.039319
0.000000 0.056619
0.000000 0.046022
0.000000 0.083507
0.000000 0.012497
0.000000 0.060321
0.000000 0.184546
0.000000 0.033611
0.000000 0.049848
0.000000 0.043521
0.000000 0.035877
0.000000 0.218631
0.000000 0.023976
0.000000 0.029767
0.000000 0.033815
0.000000 0.021872
0.000000 0.038759
0.000000 0.038607
0.000000 0.061141
0.000000 0.017888
0.000000 0.040507
0.000000 0.058058
0.000000 0.092088
0.000000 0.039225
0.000000 0.027126
0.000000 0.073907
0.000000 0.043549
0.000000 0.050388
0.000000 0.061658
0.000000 0.032506
0.000000 0.020360
0.000000 0.027865
0.000000 0.038691
0.000000 0.039681
0.000000 0.033426
0.000000 0.021857
0.000000 0.058580
0.000000 0.033006
0.000000 0.049659
0.000000 0.051599
0.000000 0.047808
0.000000 0.061984
0.000000 0.051071
0.000000 0.037775
0.000000 0.218537
0.000000 0.052215
0.000000 0.027123
0.000000 0.043459
0.000000 0.017879
0.000000 0.066757
0.000000 0.032921
0.000000 0.036818
0.000000 0.027473
0.000000 0.028481
0.000000 0.025772
0.000000 0.056345
0.000000 0.089127
0.000000 0.054690
0.000000 0.052438
0.000000 0.029594
0.000000 0.042186
0.000000 0.082302
0.000000 0.031354
0.000000 0.070189
0.000000 0.087757
0.000000 0.038002
0.000000 0.018972
0.000000 0.029924
0.000000 0.027823
0.000000 0.025160
0.000000 0.023780
0.000000 0.019820
0.000000 0.026165
0.000000 0.020965
0.000000 0.024073
0.000000 0.051171
0.000000 0.035574
0.000000 0.032954
0.000000 0.077211
0.000000 0.077493
0.000000 0.058257
0.000000 0.049010
0.000000 0.061235
0.000000 0.069426
0.000000 0.037675
0.000000 0.026758
0.000000 0.017144
0.000000 0.024131
0.000000 0.031704
0.000000 0.027109
0.000000 0.127612
0.000000 0.020391
0.000000 0.030230
0.000000 0.049529
0.000000 0.028317
0.000000 0.012415
0.000000 0.029394
0.000000 0.057959
0.000000 0.018764
0.000000 0.025418
0.000000 0.051067
0.000000 0.031012
0.000000 0.047748
0.000000 0.020682
0.000000 0.033954
0.000000 0.020338
0.000000 0.014347
0.000000 0.017126
0.000000 0.014415
0.000000 0.085972
0.000000 0.053569
0.000000 0.076292
0.000000 0.052875
0.000000 0.103922
0.000000 0.035960
0.000000 0.048508
0.000000 0.073433
0.000000 0.045558
0.000000 0.048448
0.000000 0.028756
0.000000 0.033934
0.000000 0.056404
0.000000 0.048472
0.000000 0.018656
0.000000 0.034315
0.000000 0.041786
0.000000 0.044226
0.000000 0.037014
0.000000 0.026407
0.000000 0.053494
0.000000 0.055528
0.000000 0.044761
0.000000 0.038479
0.000000 0.029292
0.000000 0.045575
0.000000 0.031377
0.000000 0.024931
0.000000 0.032068
0.000000 0.044625
0.000000 0.029083
0.000000 0.058065
0.000000 0.026766
0.000000 0.022840
0.000000 0.047310
0.000000 0.010724
0.000000 0.039383
0.000000 0.041835
0.000000 0.019294
0.000000 0.047060
0.000000 0.020353
0.000000 0.017769
0.000000 0.026708
0.000000 0.018715
0.000000 0.047616
0.000000 0.029181
0.000000 0.046287
0.000000 0.042297
0.000000 0.134361
0.000000 0.024372
0.000000 0.022612
0.000000 0.027489
0.000000 0.060039
0.000000 0.022788
0.000000 0.026055
0.000000 0.029451
0.000000 0.046275
0.000000 0.015154
0.000000 0.032926
0.000000 0.081645
0.000000 0.144670
0.000000 0.033361
0.000000 0.050161
0.000000 0.056611
0.000000 0.041521
0.000000 0.025107
0.000000 0.019635
0.000000 0.033719
0.000000 0.032320
0.000000 0.030940
0.000000 0.078068
0.000000 0.068810
0.000000 0.026548
0.000000 0.025956
0.000000 0.034118
0.000000 0.030740
0.000000 0.030796
0.000000 0.017950
0.000000 0.023482
0.000000 0.023548
0.000000 0.024908
0.000000 0.029153
0.000000 0.035380
0.000000 0.021871
0.000000 0.028769
0.000000 0.031248
0.000000 0.128236
0.000000 0.042678
0.000000 0.063904
0.000000 0.016025
0.000000 0.026914
0.000000 0.077165
0.000000 0.025593
0.000000 0.015600
0.000000 0.037532
0.000000 0.064180
0.000000 0.024072
0.000000 0.038306
0.000000 0.031574
0.000000 0.043449
0.000000 0.049069
0.000000 0.062933
0.000000 0.041779
0.000000 0.019069
0.000000 0.065119
0.000000 0.034583
0.000000 0.020687
0.000000 0.015909
0.000000 0.037953
0.000000 0.050884
0.000000 0.048859
0.000000 0.085637
0.000000 0.060209
0.000000 0.060100
0.000000 0.015418
0.000000 0.022179
0.000000 0.018361
0.000000 0.021897
0.000000 0.042332
0.000000 0.017288
0.000000 0.017473
0.000000 0.023697
0.000000 0.018232
0.000000 0.040769
0.000000 0.034692
0.000000 0.037111
0.000000 0.020924
0.000000 0.016203
0.000000 0.027291
0.000000 0.028841
0.000000 0.058708
0.000000 0.022219
0.000000 0.018004
0.000000 0.028811
0.000000 0.072968
0.000000 0.048153
0.000000 0.040408
0.000000 0.017658
0.000000 0.116734
0.000000 0.027546
0.000000 0.053960
0.000000 0.020320
0.000000 0.020179
0.000000 0.036350
0.000000 0.046397
0.000000 0.028090
0.000000 0.057519
0.000000 0.036545
0.000000 0.020619
0.000000 0.024717
0.000000 0.063734
0.000000 0.026630
0.000000 0.052476
0.000000 0.014852
0.000000 0.024726
0.000000 0.036729
0.000000 0.057537
0.000000 0.019453
0.000000 0.021935
0.000000 0.019744
0.000000 0.041756
0.000000 0.023323
0.000000 0.034013
0.000000 0.013679
0.000000 0.039941
0.000000 0.038401
0.000000 0.034992
0.000000 0.022854
0.000000 0.090827
0.000000 0.021966
0.000000 0.043084
0.000000 0.064090
0.000000 0.069419
0.000000 0.045023
0.000000 0.038100
0.000000 0.037244
0.000000 0.022826
0.000000 0.032645
0.000000 0.045685
0.000000 0.043786
0.000000 0.019346
0.000000 0.050768
0.000000 0.036946
0.000000 0.038275
0.000000 0.035035
0.000000 0.039958
0.000000 0.163348
0.000000 0.064179
0.000000 0.685963
0.000000 0.013828
0.000000 0.046697
0.000000 0.022742
0.000000 0.108483
0.000000 0.022902
0.000000 0.028864
0.000000 0.020374
0.000000 0.032433
0.000000 0.021926
0.000000 0.045353
0.000000 0.037995
0.000000 0.018823
0.000000 0.065108
0.000000 0.072440
0.000000 0.042963
0.000000 0.037394
0.000000 0.048789
0.000000 0.027133
0.000000 0.033601
0.000000 0.026755
0.000000 0.022608
0.000000 0.017175
0.000000 0.071157
0.000000 0.040536
0.000000 0.015909
0.000000 0.015909
0.000000 0.019369
0.000000 0.025131
0.000000 0.040449
0.000000 0.022233
0.000000 0.034006
0.000000 0.019966
0.000000 0.023757
0.000000 0.055939
0.000000 0.030781
0.000000 0.023670
0.000000 0.023318
0.000000 0.034531
0.000000 0.029312
0.000000 0.059340
0.000000 0.081939
0.000000 0.033908
0.000000 0.253207
0.000000 0.042408
0.000000 0.091557
0.000000 0.598971
0.000000 0.031429
0.000000 0.028005
0.000000 0.042104
0.000000 0.052674
0.000000 0.032590
0.000000 0.030711
0.000000 0.048239
0.000000 0.026739
0.000000 0.029383
0.000000 0.027400
0.000000 0.027319
0.000000 0.064287
0.000000 0.035672
0.000000 0.053387
0.000000 0.052851
0.000000 0.045721
0.000000 0.027707
0.000000 0.020382
0.000000 0.015663
0.000000 0.034438
0.000000 0.045448
0.000000 0.020741
0.000000 0.029920
0.000000 0.031531
0.000000 0.083509
0.000000 0.078240
0.000000 0.029372
0.000000 0.051136
0.000000 0.041741
0.000000 0.027230
0.000000 0.023697
0.000000 0.131861
0.000000 0.019045
0.000000 0.039889
0.000000 0.022787
0.000000 0.018724
0.000000 0.037497
0.000000 0.034388
0.000000 0.046417
0.000000 0.026157
0.000000 0.034884
0.000000 0.018644
0.000000 0.033724
0.000000 0.040871
0.000000 0.074137
0.000000 0.049838
0.000000 0.030861
0.000000 0.018869
0.000000 0.018751
0.000000 0.019465
0.000000 0.011387
0.000000 0.035581
0.000000 0.033255
0.000000 0.039157
0.000000 0.035275
0.000000 0.024651
0.000000 0.052954
0.000000 0.028389
0.000000 0.034842
0.000000 0.040305
0.000000 0.045450
0.000000 0.042479
0.000000 0.029427
0.000000 0.019189
0.000000 0.037475
0.000000 0.026422
0.000000 0.049523
0.000000 0.020059
0.000000 0.033845
0.000000 0.053727
0.000000 0.027365
0.000000 0.029220
0.000000 0.061587
0.000000 0.037265
0.000000 0.022125
0.000000 0.029638
0.000000 0.057597
0.000000 0.099367
0.000000 0.038436
0.000000 0.032309
0.000000 0.031089
0.000000 0.045019
0.000000 0.062207
0.000000 0.020342
0.000000 0.043912
0.000000 0.055135
0.000000 0.032865
0.000000 0.033159
0.000000 0.036857
0.000000 0.020075
0.000000 0.071357
0.000000 0.023768
0.000000 0.027876
0.000000 0.020428
0.000000 0.021609
0.000000 0.035321
0.000000 0.017643
0.000000 0.031856
0.000000 0.022880
0.000000 0.029284
0.000000 0.029919
0.000000 0.039254
0.000000 0.025718
0.000000 0.026662
0.000000 0.091387
0.000000 0.048925
0.000000 0.033948
0.000000 0.044796
0.000000 0.026950
0.000000 0.044886
0.000000 0.049771
0.000000 0.054065
0.000000 0.148498
0.000000 0.063723
0.000000 0.022502
0.000000 0.019999
0.000000 0.019929
0.000000 0.040989
0.000000 0.037941
0.000000 0.041847
0.000000 0.019659
0.000000 0.041122
0.000000 0.034209
0.000000 0.037101
0.000000 0.037947
0.000000 0.046611
0.000000 0.035008
0.000000 0.025954
0.000000 0.017346
0.000000 0.064014
0.000000 0.015609
0.000000 0.035155
0.000000 0.154826
0.000000 0.031381
0.000000 0.025329
0.000000 0.029593
0.000000 0.046612
0.000000 0.033246
0.000000 0.044331
0.000000 0.029426
0.000000 0.040211
0.000000 0.039222
0.000000 0.021701
0.000000 0.028560
0.000000 0.031139
0.000000 0.049749
0.000000 0.049591
0.000000 0.017362
0.000000 0.025355
0.000000 0.072305
0.000000 0.027602
0.000000 0.016541
0.000000 0.042349
0.000000 0.025294
0.000000 0.020815
0.000000 0.094496
0.000000 0.023119
0.000000 0.020589
0.000000 0.043956
0.000000 0.031876
0.000000 0.044875
0.000000 0.046006
0.000000 0.095739
0.000000 0.042035
0.000000 0.040174
0.000000 0.023763
0.000000 0.026800
0.000000 0.027686
0.000000 0.033869
0.000000 0.028443
0.000000 0.068215
0.000000 0.024578
0.000000 0.034112
0.000000 0.015990
0.000000 0.028787
0.000000 0.061129
0.000000 0.051180
0.000000 0.024607
0.000000 0.039488
0.000000 0.038117
0.000000 0.027101
0.000000 0.098883
0.000000 0.034052
0.000000 0.059762
0.000000 0.123329
0.000000 0.029609
0.000000 0.018236
0.000000 0.027497
0.000000 0.064150
0.000000 0.031249
0.000000 0.024405
0.000000 0.031099
0.000000 0.077793
0.000000 0.112587
0.000000 0.026805
0.000000 0.182349
0.000000 0.059557
0.000000 0.048510
0.000000 0.019875
0.000000 0.109222
0.000000 0.037695
0.000000 0.031672
0.000000 0.028755
0.000000 0.047543
0.000000 0.038749
0.000000 0.025539
0.000000 0.053298
0.000000 0.042296
0.000000 0.314880
0.000000 0.021114
0.000000 0.034983
0.000000 0.037025
0.000000 0.015402
0.000000 0.053194
0.000000 0.027868
0.000000 0.032305
0.000000 0.027284
0.000000 0.029016
0.000000 0.027668
0.000000 0.031982
0.000000 0.024449
0.000000 0.033632
0.000000 0.054945
0.000000 0.030225
0.000000 0.155083
0.000000 0.037949
0.000000 0.059658
0.000000 0.142562
0.000000 0.035184
0.000000 0.021826
0.000000 0.028657
0.000000 0.044971
0.000000 0.023203
0.000000 0.182687
0.000000 0.045200
0.000000 0.038188
0.000000 0.062709
0.000000 0.069440
0.000000 0.038041
0.000000 0.034917
0.000000 0.047571
0.000000 0.035262
0.000000 0.073255
0.000000 0.069965
0.000000 0.032089
0.000000 0.031463
0.000000 0.051067
0.000000 0.032552
0.000000 0.022822
0.000000 0.097573
0.000000 0.056820
0.000000 0.024865
0.000000 0.036620
0.000000 0.034974
0.000000 0.030194
0.000000 0.041684
0.000000 0.075080
0.000000 0.024042
0.000000 0.022660
0.000000 0.035465
0.000000 0.096585
0.000000 0.035333
0.000000 0.019137
0.000000 0.045576
0.000000 0.023225
0.000000 0.034904
0.000000 0.021819
0.000000 0.026764
0.000000 0.037993
0.000000 0.025454
0.000000 0.025889
0.000000 0.051078
0.000000 0.026424
0.000000 0.018858
0.000000 0.073650
0.000000 0.036752
0.000000 0.100981
0.000000 0.027673
0.000000 0.017162
0.000000 0.049348
0.000000 0.030731
0.000000 0.026729
0.000000 0.046612
0.000000 0.040182
0.000000 0.032989
0.000000 0.047145
0.000000 0.033518
0.000000 0.029522
0.000000 0.019485
0.000000 0.026352
0.000000 0.028186
0.000000 0.019106
0.000000 0.052822
0.000000 0.033401
0.000000 0.037751
0.000000 0.068827
0.000000 0.022390
0.000000 0.048737
0.000000 0.022953
0.000000 0.036959
0.000000 0.019837
0.000000 0.034952
0.000000 0.033861
0.000000 0.046098
0.000000 0.039259
0.000000 0.023510
0.000000 0.045216
0.000000 0.034010
0.000000 0.029120
0.000000 0.033235
0.000000 0.027230
0.000000 0.058350
0.000000 0.017249
0.000000 0.052965
0.000000 0.032471
0.000000 0.029743
0.000000 0.023611
0.000000 0.067416
0.000000 0.041991
0.000000 0.052453
0.000000 0.026342
0.000000 0.037785
0.000000 0.042688
0.000000 0.057415
0.000000 0.012306
0.000000 0.019233
0.000000 0.034098
0.000000 0.052943
0.000000 0.143576
0.000000 0.130590
0.000000 0.221678
0.000000 0.036323
0.000000 0.036816
0.000000 0.091508
0.000000 0.047668
0.000000 0.031365
0.000000 0.022015
0.000000 0.033579
0.000000 0.084111
0.000000 0.035165
0.000000 0.037765
0.000000 0.074720
0.000000 0.031746
0.000000 0.037013
0.000000 0.043829
0.000000 0.047061
0.000000 0.093068
0.000000 0.015405
