  34.764019 8229.943821
  43.956753 8226.278068
  38.665054 8229.701414
  76.765449 8228.765858
  55.671464 8227.299543
  25.188862 8223.445713
  64.467570 8223.427247
  46.505809 8221.342327
  61.407697 8228.668709
  27.636028 8232.097420
  43.622262 8221.001748
  42.750285 8232.467998
  28.779793 8216.056626
  35.810929 8223.459524
  59.149369 8230.390301
  49.315217 8229.023869
  17.584427 8234.250397
  37.303546 8230.982697
  60.921901 8213.355201
  38.351741 8226.919159
  37.959908 8231.744682
  26.300347 8223.412693
  22.290741 8236.564596
  28.693570 8228.929436
  30.237537 8229.465078
  29.870841 8221.874411
  42.133567 8233.736206
  34.865571 8231.188826
  38.723835 8229.621617
  60.765024 8231.015651
  55.248473 8232.863503
  35.419264 8224.246579
  44.379631 8231.519577
  54.492433 8223.950021
  55.713018 8227.945395
  35.456678 8224.619503
  40.549268 8231.997304
  35.069511 8230.651429
  53.308923 8232.550270
  34.070227 8232.425978
  46.277398 8228.002471
  54.202118 8231.918984
  37.010986 8225.942253
  64.241181 8234.481644
  46.277164 8233.255477
  44.320009 8228.372437
  38.113804 8231.301630
  42.021643 8235.304229
  37.108248 8223.330940
  37.964750 8232.215048
  47.205494 8227.255406
  53.648466 8228.236057
  22.158544 8228.687038
  42.000372 8228.212951
  46.067333 8223.291133
  38.484974 8227.067830
  44.209704 8220.074877
  41.847854 8217.847058
  37.467314 8225.987264
  36.932193 8231.934245
  57.002111 8226.758825
  37.859421 8230.435429
  25.112814 8233.983244
  34.267189 8228.181190
  22.247697 8224.171949
  33.095900 8232.862691
  39.458664 8232.432617
  31.929358 8229.530756
  36.915219 8238.593401
  30.763785 8225.152790
  46.690689 8231.722991
  33.866736 8228.867209
  44.698250 8231.573922
  56.137203 8227.492263
  52.873675 8228.787371
  55.615359 8227.140070
  38.231485 8224.353943
  58.559603 8217.750408
  41.463740 8236.607472
  55.036020 8238.473365
  67.501732 8229.981785
  41.523670 8235.947278
  66.418978 8230.748623
  64.681667 8232.476167
  57.496434 8229.619803
  45.524698 8221.858292
  50.340526 8222.738324
  66.483135 8228.517647
  46.971011 8225.744548
  48.934875 8224.663050
  44.267338 8223.123997
  43.318017 8230.577964
  51.166703 8223.829139
  53.168786 8227.164166
  44.152413 8226.621069
  39.203271 8227.349182
  36.482187 8217.879469
  31.547473 8221.756606
  53.436292 8228.223562
  10.193852 8225.041173
  18.603459 8227.006726
  21.282522 8219.595927
  28.648589 8221.355064
  31.556823 8233.243986
  53.086145 8234.142975
  51.732286 8230.335467
  40.806174 8230.614714
  31.480914 8226.498849
  43.365001 8224.798042
  36.168803 8221.379912
  23.160104 8220.941406
  19.313076 8222.979916
  23.734115 8225.587744
  46.427975 8226.083310
  70.363853 8227.389225
  35.304325 8232.992218
  29.056579 8220.990800
  30.193962 8216.722695
  23.534048 8222.502561
  26.425036 8221.063344
  29.546305 8225.154501
  19.982847 8226.201192
  48.562834 8220.763334
  57.782364 8226.326932
  35.377073 8229.016750
  31.126800 8228.113003
  47.284105 8231.055249
  41.888409 8228.181448
  70.903468 8227.605839
  37.302775 8226.894775
  16.977439 8227.406142
  42.970210 8232.205065
  32.346768 8215.972553
  48.239008 8231.421772
  47.869454 8226.204047
  56.885605 8235.955447
  44.051576 8227.495803
  12.419562 8224.187480
  44.278275 8227.278300
  35.757381 8233.296502
  47.885318 8223.851640
  35.406506 8219.781020
  41.404978 8222.876479
  43.648262 8219.204897
  37.806359 8220.055947
  42.937219 8226.056765
  18.549833 8224.594558
  32.899664 8218.330698
  49.554637 8227.036964
  46.594328 8229.576830
  30.534478 8222.336982
  32.585532 8226.729727
  50.226408 8232.047023
  41.085747 8233.898988
  53.138225 8230.174011
  34.983392 8235.211452
  62.775952 8229.671936
  74.038965 8237.499678
  42.516926 8228.251209
  37.464090 8231.022366
  42.706175 8231.111675
  21.124647 8225.256688
  80.358052 8229.205731
  54.488667 8228.894712
  59.235690 8225.827241
  59.781262 8230.905446
  46.935970 8229.392361
  41.886680 8227.793724
  41.383959 8228.001269
  75.536581 8228.484847
 107.288772 8220.361277
  76.959193 8227.070366
  20.452826 8235.323127
  56.429540 8232.904396
  50.744252 8232.332186
  31.725722 8220.353331
  10.701946 8222.844239
  60.033352 8237.122678
  48.943008 8228.539286
  26.515407 8230.520878
  34.429627 8229.304244
  48.767748 8227.835584
  17.017578 8228.593716
  23.621065 8231.618749
  37.532784 8229.524269
  26.170740 8222.060015
  37.639747 8233.242193
  27.057425 8230.374560
  26.045768 8225.734891
  35.880167 8218.444680
  18.669330 8220.179810
  22.077988 8224.349266
  34.842527 8234.083110
  51.722422 8235.424090
  39.275513 8226.658799
  35.092700 8221.246999
  56.224211 8230.335463
  69.008697 8232.013714
  48.650871 8227.957153
  46.633807 8227.760436
  47.547307 8228.191816
  48.830851 8228.974874
  45.012106 8229.637689
  38.994367 8227.036110
  68.861458 8228.762724
  43.630781 8231.382792
  31.546008 8217.418346
  43.007555 8234.096420
  48.487018 8227.715606
  57.122835 8234.749100
  48.993915 8224.459433
  61.643205 8225.997071
  60.498097 8229.997435
  69.366004 8232.121251
  44.872556 8232.711480
  52.420213 8233.392803
  32.143033 8228.652785
  41.556812 8228.532155
  39.368357 8228.959387
  51.891542 8227.858773
  45.756284 8235.700222
  49.590942 8229.588116
  44.946512 8229.464922
  20.755957 8226.537604
  22.329977 8226.633452
  17.118311 8229.207423
  27.710802 8229.989401
  14.629895 8228.354246
  20.186449 8220.841151
  20.495031 8229.266973
  25.913747 8225.258663
  23.293716 8227.018981
  31.173608 8228.059466
  40.149025 8221.236103
  36.876858 8236.524209
  50.905905 8226.858225
  38.019102 8226.408960
  35.623707 8225.900581
  42.971143 8227.048302
  33.308476 8223.776021
  23.978643 8236.641393
  45.192738 8233.218636
  57.478786 8230.642420
  72.904955 8221.590727
  17.880191 8224.640762
  47.422985 8228.194745
  16.636611 8229.230729
  25.494367 8237.634448
  42.415384 8234.119230
  43.464505 8229.170580
  41.160330 8231.993896
  26.306915 8228.424144
  36.523833 8225.892681
  33.870527 8238.048174
  31.727847 8228.320561
  28.466758 8215.481649
  54.155746 8223.709009
  27.746266 8228.864009
  21.083614 8233.721377
  31.926895 8233.581288
  29.962265 8241.304067
  65.559477 8236.961957
  86.944388 8236.380893
  56.796730 8228.514735
  67.429379 8231.659658
  36.030064 8226.416532
  56.785179 8224.188984
  26.490353 8219.242574
  47.990277 8227.943188
  41.174299 8221.492736
  26.520888 8231.348558
  58.088406 8226.721959
  26.247967 8231.982689
  36.878781 8233.386612
  49.998324 8236.041356
  33.983741 8222.906132
  54.163978 8237.593376
  23.677449 8237.059729
  30.189385 8236.448377
  42.282430 8237.491437
  35.093107 8238.782208
  59.169279 8239.015104
  39.909269 8231.475261
  35.407483 8231.649126
  31.337116 8233.323117
  34.198490 8224.211397
  31.962602 8229.309577
  52.358550 8224.082246
  36.425827 8233.804177
  48.952135 8236.455957
  66.049849 8239.311068
  24.076510 8234.031590
  53.784308 8230.476241
  24.947458 8225.372345
  36.830955 8226.999801
  37.302744 8224.081692
  28.263556 8225.610218
  43.995488 8223.088663
  50.826044 8227.847626
  38.307812 8234.126547
  35.498141 8222.601307
  25.183519 8233.878772
  44.432115 8237.985410
  56.838360 8235.936607
  56.314509 8225.092708
  45.441121 8231.810567
  34.609892 8228.103836
  16.329003 8230.998877
  58.909999 8235.271721
  21.339369 8222.041925
  50.166302 8229.384298
  19.583873 8234.909290
  34.306510 8234.035833
  39.247970 8229.964978
  29.706777 8233.039706
  49.659577 8230.828287
  42.116068 8238.760108
  31.488577 8225.158367
  19.459966 8226.247119
  41.096995 8227.099665
  40.219972 8223.925804
  29.745431 8223.263917
  47.449738 8224.321089
  66.491676 8228.205705
  38.681705 8221.518011
  16.627047 8232.426582
  11.239412 8228.250123
  39.265164 8233.491946
  58.306504 8231.670838
  40.653042 8226.548209
  43.452884 8228.545451
  51.184638 8227.450099
  49.253283 8225.988267
  42.497048 8231.122026
  64.615436 8226.367735
  22.147889 8237.252349
  33.900086 8227.887220
  29.819189 8227.534173
  38.010264 8233.834339
  73.131443 8239.738584
  48.902295 8234.876353
  19.028027 8231.957056
  24.463557 8222.134917
  37.466454 8232.097853
  67.917103 8234.639115
  52.312502 8237.638457
  58.152709 8227.204864
  47.764865 8228.143873
  32.028240 8224.037563
  32.245853 8232.551747
  32.675695 8233.936875
  23.015467 8234.272413
  53.016507 8235.011496
  24.483469 8232.108672
   6.456352 8229.842221
  27.570922 8231.742716
  31.536070 8234.590279
  29.188770 8229.178572
  28.444594 8233.397520
  39.940270 8239.232639
  29.369538 8234.919125
  35.463068 8235.011977
  23.911000 8233.028190
  38.431662 8225.862687
  52.897861 8234.516767
  42.420695 8238.377551
  46.591557 8231.705280
  59.237771 8224.164703
  59.158731 8228.405175
  72.337708 8234.109685
  39.617016 8233.465971
  30.042337 8229.662596
  28.989930 8233.012867
  57.345545 8237.149831
  10.496800 8231.749559
  42.892008 8227.974358
  66.859767 8229.784627
  28.883680 8229.515684
  36.728227 8234.384185
  35.987475 8231.798086
  52.468458 8230.604277
  46.622471 8228.965958
  52.295369 8233.274515
  41.275017 8235.353662
  42.894721 8235.609145
  46.697461 8237.594802
  39.948866 8239.389864
  28.197579 8234.765894
  47.895795 8232.934771
  50.386527 8234.853190
  42.863209 8236.014861
  46.078707 8228.795424
  51.478440 8229.368624
  61.267619 8231.368172
  61.543854 8232.235623
  24.912477 8225.941954
  61.634751 8222.486497
  41.862792 8227.575299
  40.432941 8228.108365
  49.941249 8232.628905
  47.874905 8229.716318
  57.917861 8224.749921
  59.273901 8233.366146
  52.061685 8227.568128
  33.183031 8228.329400
  45.832579 8228.170436
  48.740126 8232.392760
  45.482341 8231.853113
  34.421562 8233.226167
  36.702684 8225.923119
  36.903333 8225.596691
  50.001367 8221.044985
  46.047043 8229.347203
  50.491278 8227.753584
  27.155208 8230.411983
  33.186210 8229.446812
  32.690165 8232.033960
  35.822185 8234.609773
  19.194043 8234.677538
  27.841691 8232.704515
  39.364419 8227.791500
  37.286791 8231.984636
  22.387708 8227.737613
  58.315013 8231.373646
  44.945084 8234.523498
  31.391398 8230.536920
  54.507342 8232.293253
  35.267485 8236.693699
  35.384373 8227.434542
  35.372547 8231.959415
  58.952421 8227.800587
  57.289187 8223.173199
  36.838376 8224.600484
  17.881796 8225.375865
  27.642459 8230.314995
  53.175847 8229.387399
  49.785695 8217.283273
  27.383334 8232.650518
  14.344916 8233.644885
  36.087114 8231.735978
  47.824403 8233.447439
  30.279285 8234.599002
  44.109710 8227.899084
  55.813943 8234.452397
  33.417177 8219.545408
  23.150456 8227.237317
  24.296483 8237.026033
  41.460957 8224.367177
  63.067446 8222.297659
  49.951111 8234.960308
  24.910800 8227.650410
  28.074183 8232.055121
  41.633138 8227.655161
  22.901186 8229.938229
  27.719058 8230.606479
  15.252712 8233.164950
  43.754038 8236.167337
  35.893163 8234.613126
  45.436802 8216.476446
  41.743881 8217.670246
  55.270848 8221.463749
  59.663104 8224.338677
  41.757289 8227.712517
  31.314666 8222.051601
  24.389071 8220.787020
  29.166224 8225.658656
  18.843867 8230.300676
  27.890822 8230.243623
  58.524790 8224.997895
  60.151204 8221.465074
  29.394115 8224.857082
  35.868178 8227.806155
  48.348286 8229.503979
  35.937382 8231.047727
  51.170295 8227.304574
  48.340035 8228.653297
  50.977523 8235.256208
  56.604465 8226.095407
  54.618724 8220.815441
  35.508668 8228.164280
  10.319517 8230.532344
  48.941135 8226.339595
  12.435013 8227.916944
  29.209810 8227.703880
  38.629747 8231.796092
  49.186729 8227.184303
  39.847589 8233.980561
  57.026789 8233.927122
  24.756039 8232.577491
  32.737914 8226.180700
  33.094101 8235.899592
  18.541872 8230.933623
  29.603317 8230.016100
  33.304460 8222.155475
  24.885006 8231.250312
  19.318902 8221.685125
  28.936187 8226.920833
  36.208228 8226.981396
  55.259556 8227.537625
  39.275306 8231.881602
  40.598943 8221.922058
  56.150514 8230.449433
  78.346888 8225.966789
  53.522426 8224.183766
  65.582861 8222.885954
  29.665732 8222.933635
  46.137899 8224.695296
  50.028145 8234.076423
  50.716926 8229.074311
  40.108384 8230.391262
  50.082188 8226.656399
  43.902246 8228.845989
  43.874949 8228.084389
  47.901555 8231.819803
  68.250289 8227.494182
  36.369676 8230.677723
  46.764751 8227.665645
  23.466225 8223.806155
  25.186994 8226.147441
  55.940591 8228.573241
  51.149852 8226.841013
  20.533459 8219.611857
  32.537631 8228.489186
  48.358231 8230.609822
  28.680758 8224.678388
  44.523526 8222.588689
  50.933933 8230.273588
  61.108958 8227.382424
  59.037199 8232.652560
  31.217520 8232.240064
  24.894284 8224.577212
  34.871868 8231.881623
  39.376426 8219.996590
  39.958247 8227.459101
  40.588435 8222.409975
  42.169568 8232.245905
  48.751003 8228.658349
  68.106586 8231.058561
  45.173377 8227.446245
  18.378639 8232.807491
  15.208116 8224.029104
  11.963146 8227.366147
  26.906587 8218.737608
  43.493065 8225.479438
  21.054655 8225.491353
  58.268105 8215.166282
  50.865983 8221.300967
  60.873549 8226.485605
  33.243816 8230.569475
  48.893602 8223.416600
  20.912829 8229.410060
  14.943923 8225.161681
  42.682602 8225.539570
  33.886182 8231.905566
  37.338753 8229.372616
  31.834364 8225.100623
  23.412143 8232.960372
  43.112470 8226.002626
  41.261552 8231.003419
  39.156917 8226.784811
  47.620013 8228.363801
  20.277099 8222.141289
  45.607694 8225.307389
  30.846994 8224.950010
  29.098175 8226.395186
  19.759117 8226.795456
  54.861028 8231.525636
  23.165736 8221.799988
  41.140327 8229.443689
  40.727615 8227.270708
  39.678094 8226.593610
  47.861696 8227.166397
  31.101551 8225.153969
  48.022002 8218.930893
  49.725654 8224.249001
  33.997935 8229.072321
  35.749081 8223.289960
  20.060556 8224.464533
  36.296886 8217.868364
  25.734094 8217.726623
  49.353971 8220.378641
  28.494766 8232.834850
  29.969839 8225.670811
  30.109438 8226.588760
  16.607834 8226.568499
  37.600538 8223.069705
  22.315617 8229.410797
  28.599833 8228.297984
  44.474532 8233.024223
  46.995604 8221.736781
  64.251085 8226.626468
  42.994297 8229.640848
  70.733847 8222.766433
  60.898433 8226.812266
  49.374246 8229.094545
  28.709016 8224.636388
  37.454771 8220.830447
  16.595568 8231.314968
  46.578081 8217.573718
  20.321776 8232.595657
  43.870723 8230.243050
  51.082361 8226.420651
  46.291074 8235.070539
  26.846147 8233.046013
  41.703069 8233.448944
  34.442668 8228.185500
  52.236331 8230.324037
  43.518016 8219.173771
  44.692130 8228.509412
  39.092036 8226.635314
  30.077656 8223.929638
  52.798604 8224.125992
  32.315575 8223.787183
  16.293461 8229.194971
  25.966656 8216.428783
  48.531910 8223.391403
  41.676243 8226.667786
  50.559787 8219.082411
  20.083198 8227.169354
  51.146081 8227.506759
  64.605948 8226.953127
  32.217861 8220.827751
  54.293546 8227.947528
  51.050584 8231.369015
  37.106462 8229.539119
  37.529749 8230.372421
  40.961822 8223.642538
  14.273798 8229.912834
  34.215667 8215.083578
  27.341920 8223.796147
  27.676504 8224.932373
  32.370599 8230.231727
   7.226501 8225.295969
  29.251959 8232.668821
  44.030550 8231.801561
  24.214096 8225.680223
  48.664946 8220.357460
  65.037957 8223.333208
  38.764949 8232.105516
  32.054567 8227.577060
  40.152354 8225.771613
  50.992288 8231.007452
  58.748768 8226.249413
  35.435751 8218.993021
  31.620158 8229.221973
  13.216900 8229.142928
   8.809765 8229.427610
  17.376572 8228.775777
  39.981137 8222.829567
  39.961917 8218.689926
  41.450010 8226.631829
  51.677101 8227.698004
  43.221937 8228.981195
  33.757672 8220.192620
  23.524057 8221.356805
  34.147399 8232.219463
  37.927562 8233.001422
  21.761921 8230.224689
  58.843458 8236.114647
  38.569425 8232.335745
  39.251783 8223.547879
  11.880877 8220.610521
  41.956500 8221.981779
  43.048469 8223.360320
  24.931505 8221.994645
  37.697952 8228.425714
  12.917639 8218.975689
  18.052961 8230.216533
  31.985126 8239.559861
  31.103016 8226.703719
  34.185673 8228.639607
  22.601922 8228.469830
  29.696748 8220.416862
  33.980574 8233.679327
  37.939055 8233.698281
  50.915437 8235.297797
  51.089346 8222.775899
  33.551628 8233.595805
  26.569981 8229.585770
  28.380569 8233.847632
  37.007443 8241.497207
  38.127837 8236.573687
  25.112587 8239.233966
  38.888719 8237.708300
  49.671566 8236.812120
  37.850651 8237.586916
  35.291129 8234.971172
  27.426029 8215.791189
  42.806660 8227.179124
  27.989006 8222.595863
  47.372339 8219.410971
  46.130935 8230.888302
  22.604861 8228.367087
  18.654838 8219.813310
  32.086351 8230.248087
  51.506875 8227.140240
  33.180930 8223.964427
  32.022014 8234.569658
  41.387924 8231.227748
  12.220319 8235.474734
  42.551262 8228.593566
  61.026154 8232.566850
  93.206046 8229.439273
  68.734336 8237.394905
  52.174810 8243.184285
  57.671939 8229.748636
  37.913498 8230.381241
  35.965287 8225.766335
  40.613669 8230.809191
  55.321540 8231.102372
  32.716172 8226.313618
  54.274353 8231.419199
  45.949934 8222.944271
  29.158465 8234.122590
  24.600054 8226.517270
  33.587718 8231.208071
  45.759754 8234.908292
  56.174871 8239.033186
  33.710130 8240.495683
  27.403718 8242.347256
  28.948413 8237.503645
  50.929918 8233.739861
  63.057799 8242.364671
  64.578045 8242.481509
  43.841829 8238.487051
  41.898750 8234.914335
  20.349188 8236.129633
  23.948246 8231.334850
  18.376408 8229.695869
  39.259935 8236.771358
  37.202814 8233.778777
  48.062699 8230.942091
  40.388879 8238.533691
  20.669672 8235.981151
  34.701232 8233.090224
  30.601464 8232.429077
  27.496870 8235.430292
  60.158404 8231.953913
  45.985286 8239.999656
  47.999605 8237.787130
  48.000915 8235.118880
  39.323397 8239.283104
  46.242684 8231.964122
  56.003838 8239.988063
  51.066256 8238.699053
  44.709710 8242.019534
  33.321712 8239.953967
  37.962430 8238.544859
  38.232815 8231.907756
  71.292160 8234.649136
  58.588262 8237.048869
  34.143160 8237.808435
  61.144370 8237.134333
  55.714446 8240.655676
  48.052580 8239.228345
  32.373656 8241.721702
  25.618126 8239.246603
  48.156195 8241.485789
  39.392633 8235.425566
  27.566093 8233.902976
  34.823690 8233.933951
  16.954859 8234.479725
  18.719994 8232.517228
  34.084315 8243.100806
  29.130198 8243.193687
  34.569214 8240.807028
  32.545417 8235.567216
  43.529270 8236.420223
  44.270086 8233.103861
  15.636772 8215.808188
  16.766686 8232.475136
  21.521574 8230.305143
  52.790870 8223.983988
  47.776786 8228.435130
  54.430487 8237.928413
  27.871847 8235.128126
  46.341330 8226.242070
  56.681287 8228.912194
  52.032696 8229.046325
  69.845254 8219.769302
  41.693404 8231.144901
  45.103716 8233.102967
  54.149779 8236.030114
  30.451762 8236.422477
  57.612247 8233.132588
  33.378387 8227.357916
  20.123770 8231.781802
  42.985455 8234.902150
  28.789896 8221.641824
  52.431141 8232.302779
  27.567549 8230.282363
  39.769607 8227.969120
  37.220914 8230.102538
  34.297425 8234.619205
  22.124617 8221.975686
  36.977654 8229.172152
  21.529251 8233.131271
  29.375557 8225.688184
  60.693427 8231.168394
  42.782341 8237.661050
  35.215315 8237.903155
  48.209858 8232.083725
  52.818260 8238.485760
  61.913834 8233.784373
  38.182023 8234.992534
  47.022644 8231.136619
  27.610217 8238.313097
  48.256163 8236.520299
  48.611968 8233.023146
  47.812886 8231.978534
  26.958253 8231.555362
  41.229952 8233.646606
  31.956749 8221.318486
  21.415638 8231.469619
  33.276375 8229.611624
  44.449532 8222.008871
  25.279344 8221.559389
  40.580536 8221.343843
  18.349461 8216.667646
  46.316405 8226.974321
  44.894246 8226.675549
  37.145743 8226.839440
  37.892268 8232.814970
  28.317472 8234.719651
  36.439193 8223.451256
  46.233225 8228.718624
  32.499177 8225.897160
  50.073530 8230.518817
  57.943821 8225.265519
  24.829814 8227.493561
  20.135887 8228.934045
  34.856654 8233.247806
  23.744424 8233.712602
  29.288802 8223.885745
  27.159027 8233.371281
  27.203168 8227.290896
  29.416477 8235.644553
  45.174302 8229.842254
  48.950457 8236.622672
  42.160063 8230.063439
  41.353732 8227.880279
  44.346966 8220.268285
  52.338809 8229.594582
  46.783941 8225.407930
  36.768032 8230.726877
  34.942362 8228.653859
  40.667129 8228.836207
  29.955453 8225.480738
  17.173484 8222.552669
  13.815610 8229.853169
  31.864425 8230.613420
  12.977560 8228.576089
  31.136408 8230.393512
  42.523901 8225.137658
  35.854341 8232.146324
  44.740774 8222.940783
  33.609328 8231.478390
  37.722100 8224.752234
  38.477600 8229.482040
  56.109240 8235.183404
  53.609803 8233.641618
  24.660830 8219.607587
  28.945705 8228.573914
  21.973032 8222.260240
  30.145614 8222.975851
  38.069542 8223.966557
  54.369426 8233.289281
  44.201622 8222.709014
  34.777276 8230.204758
  45.674480 8229.077583
  23.472472 8233.451468
  16.293539 8231.307363
  27.889734 8228.102544
  81.318871 8230.747131
  55.412816 8224.970209
  52.056935 8213.305960
  80.319016 8227.781286
  45.440204 8217.456675
  42.189957 8224.096189
  61.729788 8226.484414
  49.299108 8218.033434
  53.019713 8224.300410
  55.992171 8226.237749
  53.358293 8225.017905
  26.387146 8222.494440
  27.031061 8221.017459
  26.961345 8220.876653
  32.566844 8213.103394
  41.723334 8224.462225
  29.322616 8222.621004
  30.071272 8221.779150
  28.383562 8226.227283
  58.519561 8217.061949
  56.555817 8218.913027
  41.191254 8225.605141
  50.844886 8226.519547
  24.939897 8226.909662
  16.768221 8221.681443
  14.520281 8227.744060
  45.652721 8226.464218
  40.582158 8223.205734
  54.154732 8219.251340
  46.091248 8222.265279
  38.786688 8230.501725
  41.259015 8217.032951
  51.972029 8225.667549
  50.671469 8232.167673
  64.715048 8229.741595
  45.395217 8219.750015
  45.317090 8227.340350
  50.217912 8222.271754
  30.333758 8222.780107
  47.873813 8222.724456
  84.063284 8226.103192
  61.128102 8227.151300
  62.656637 8232.941380
  44.698976 8235.007815
  25.963019 8230.801723
  31.263244 8236.550986
  39.569009 8235.059836
  29.568311 8232.045743
  33.369665 8233.029419
  19.877719 8234.987497
  20.468928 8230.241832
  31.325567 8222.356901
  49.209881 8228.636394
  35.125223 8236.464287
  50.313611 8229.581068
  32.724272 8230.897056
  28.946332 8227.485573
  24.309230 8219.861649
  25.767044 8233.004771
  55.711565 8230.531511
  36.079159 8223.997791
  26.807573 8235.501453
  28.996797 8231.459004
  38.713550 8230.637361
  26.513616 8232.895206
  32.780566 8216.396903
  48.053109 8233.552048
  38.081966 8227.865166
  22.242887 8222.708377
  50.866733 8225.886812
  24.208371 8233.646031
  28.472449 8234.603531
  21.066452 8236.116855
  59.687079 8215.511766
  32.356238 8227.186743
  25.595591 8230.407260
  62.751526 8223.690445
  33.704652 8224.634791
  43.995771 8227.741598
  43.010318 8228.221119
  54.076458 8226.841441
  28.605291 8229.975168
  37.620676 8226.742893
  48.766575 8221.242116
  69.255425 8225.362301
  58.467218 8228.915586
  35.480915 8236.714819
  22.863087 8228.764852
  22.593843 8233.801791
  44.329167 8225.558431
  29.778954 8222.420544
  32.896844 8216.043474
  39.423356 8221.806272
  39.023266 8224.376259
  27.632188 8226.140213
  42.561792 8227.874004
  53.429853 8225.701160
  30.967790 8226.457936
  35.634409 8223.406349
  37.923216 8224.075495
  41.026168 8233.318404
  37.931011 8229.178833
  20.915537 8230.287823
  26.794317 8227.748737
  37.599478 8225.279773
  41.883509 8233.360153
  36.852097 8229.005278
  34.912045 8223.463885
  37.087866 8222.761216
  60.381253 8226.215306
  31.910299 8219.491777
  46.268374 8224.801177
  55.081532 8212.289429
  34.630843 8217.804628
  48.405312 8220.949789
  30.933230 8222.194430
  66.382520 8225.655517
  34.758166 8217.561243
  47.082524 8222.588560
  48.313185 8225.803751
  36.696405 8230.716577
  65.305563 8222.182039
  54.389952 8221.015721
  54.592614 8220.999357
  49.624214 8228.029850
  57.917540 8231.073812
  58.263883 8232.338543
  28.777595 8238.455063
  53.994982 8238.112486
  21.585673 8225.731980
  31.080543 8218.445952
  28.460546 8219.726426
  10.944290 8229.968054
  37.863376 8226.574421
  27.438670 8229.654671
  25.213600 8232.827067
  50.810195 8228.204820
  42.748359 8233.777947
  20.378087 8231.655094
  44.091247 8235.689194
  35.519622 8235.101203
  46.567354 8230.273575
  27.262350 8222.382751
  42.892137 8219.420314
  34.422281 8220.151292
  19.518309 8231.509387
  59.507072 8230.368584
  41.434647 8231.103832
  29.131724 8235.552840
  34.107869 8227.322494
  79.966842 8229.048834
  26.348190 8235.213629
  18.706204 8233.090217
  26.790206 8235.405446
  33.811069 8231.662010
   7.718952 8224.436748
  11.804886 8232.446583
  26.746725 8231.233141
  43.608619 8232.392499
  50.860155 8237.901686
  55.123761 8225.828504
  41.845766 8235.765345
  34.305112 8228.934820
  52.604404 8230.024894
  40.817051 8228.029863
  42.688942 8229.334631
  35.847996 8229.481700
  45.505961 8231.294457
  61.040495 8235.278935
  29.883144 8236.470453
  22.454410 8236.519536
  42.157312 8230.534053
  44.664562 8235.200823
   2.997465 8231.822779
  63.909903 8231.995251
  58.469056 8232.679384
  60.846470 8223.183459
  14.302779 8226.334323
  36.557431 8225.233116
  34.899829 8233.798174
  31.099390 8224.338378
  23.800756 8235.310139
  28.845499 8239.525652
  42.734968 8234.092090
  49.355208 8238.558612
  41.299897 8237.428430
  27.934897 8233.947930
  26.461771 8237.994751
  38.204165 8237.607090
  32.509051 8236.406381
  34.230027 8231.525168
  22.216577 8237.288064
  41.204716 8233.924114
  15.012323 8230.078726
   5.720529 8219.019286
  34.831630 8239.074226
  29.869155 8229.065595
  50.322667 8238.390238
  44.378536 8241.343932
  33.621898 8231.802149
  29.856454 8234.153397
  52.554201 8239.335549
  52.116732 8235.414851
  32.556272 8243.407398
  23.551372 8244.715047
  45.414255 8241.395577
  66.237050 8235.473875
  37.738498 8246.092136
  57.166964 8239.076733
  36.680829 8236.656656
  34.763698 8241.107068
  12.123319 8242.438963
  38.184738 8239.138045
  24.212397 8238.653178
  14.822019 8242.323250
  18.656264 8241.381861
  -0.038866 8229.678712
  36.505786 8235.308327
  46.720545 8243.206431
  50.725835 8239.369833
  27.417902 8237.390891
  26.295098 8229.405596
  19.454121 8236.854837
  61.914322 8237.454517
  51.322527 8239.584221
  46.777449 8241.107950
  32.000709 8236.336128
  48.382703 8235.468499
  49.140825 8231.681371
  20.918840 8231.778873
  34.596614 8238.190698
   8.405539 8235.475156
  80.197950 8237.285811
  28.142077 8229.661138
  42.890521 8241.374291
  17.269721 8242.607276
  29.225295 8231.942643
  54.064550 8236.223315
  46.852152 8233.965866
  51.551861 8239.904321
  52.982374 8245.211445
  37.101464 8240.325041
  38.529652 8239.675445
  27.384301 8234.104606
  42.651224 8243.308262
  34.819712 8237.653051
  37.898829 8243.553356
  41.533513 8242.401342
  48.384274 8234.429932
  41.134010 8232.833447
  33.463347 8230.331647
  55.722250 8244.690765
  18.484518 8242.747962
  66.147702 8242.858687
  20.829562 8240.914099
  30.147143 8235.495360
  49.745268 8233.533736
  52.027810 8236.520050
  68.993346 8242.002815
  35.201052 8238.417215
  40.745766 8244.911621
  63.209758 8239.829825
  52.301406 8243.077928
  34.501997 8246.995068
  46.001310 8243.866192
  35.405155 8243.966141
  46.357355 8240.848637
  44.929102 8242.328091
  41.670243 8231.012495
  24.067996 8240.832795
  49.496682 8235.050390
  34.880223 8239.304382
  33.029219 8241.401191
  22.343225 8237.318085
  14.146276 8231.229938
  17.098907 8239.144945
  28.456246 8229.067830
  20.206567 8226.515524
  35.346130 8233.619368
  22.531186 8236.623162
  36.543916 8230.958166
  35.572740 8221.739113
  42.146551 8226.022341
  49.577313 8230.832367
  23.444680 8230.731546
  51.970691 8224.716502
  51.394905 8232.366386
  62.565945 8229.533146
  43.446174 8236.699458
  19.875025 8231.971669
  18.598538 8232.508230
  48.228902 8232.127671
  52.283657 8221.531189
  40.971555 8220.492339
  60.876447 8229.196495
  52.524378 8230.814471
  48.718564 8233.491140
  37.232108 8234.746148
  51.932320 8233.989075
  26.746218 8229.532713
  50.960298 8220.639747
  42.058746 8229.838405
  30.858157 8228.731465
  36.417446 8228.562452
  56.053904 8230.338906
  48.827035 8242.011742
  37.845494 8235.786905
  30.884605 8230.337284
  52.595979 8239.033902
  23.819991 8239.068093
  48.284660 8229.447436
  30.729954 8229.276004
  67.172743 8220.356086
  38.933642 8239.138339
  30.641421 8223.634646
  46.203205 8224.946236
  30.440442 8228.248189
  15.581035 8240.198403
  46.122897 8236.498045
  45.506286 8228.867557
  33.546633 8237.066336
  39.686796 8234.541547
  23.436548 8234.952161
  27.664620 8236.340656
  59.879699 8229.513846
  42.263194 8221.856604
  48.627151 8232.740187
  66.353468 8228.872749
  58.142854 8228.234896
  19.948115 8230.022820
  40.226871 8233.916601
  38.419986 8226.886323
  40.600553 8237.637507
  38.761868 8229.988664
  28.953879 8231.162017
  48.177205 8232.387139
  28.462350 8223.895612
  27.194640 8230.714220
  31.229978 8233.425565
  26.942249 8223.645583
  56.108334 8236.834752
  57.448898 8237.526572
  45.850066 8235.399424
  46.384456 8238.552337
  38.116898 8224.238131
  63.172480 8237.652085
  42.752413 8231.781819
  34.930314 8233.688553
  40.227482 8233.776131
  54.159530 8235.910149
  27.171041 8235.615780
  64.625995 8235.946416
  59.878382 8233.559829
  61.745252 8221.064090
  46.375978 8230.132666
  35.863752 8223.683531
  55.207795 8232.070856
  34.081121 8227.704491
  49.837246 8239.714008
  27.299491 8222.104585
  26.812486 8224.809404
  32.532272 8227.886261
  37.794153 8236.403506
  48.677854 8227.878713
  48.194783 8238.429074
  41.142278 8241.386262
  40.705782 8230.693830
  31.247032 8236.096495
  34.420380 8231.788569
  38.044471 8228.563255
  45.713552 8229.555242
  44.065407 8238.398391
  42.440943 8236.614169
  40.876875 8232.699986
  48.765260 8227.894907
  45.502150 8232.046062
  66.772530 8231.973943
  25.892025 8240.508343
  26.492966 8237.998017
  31.302839 8231.210798
  47.489467 8236.638288
  56.539910 8238.521853
  27.724775 8227.270453
  32.244062 8230.328917
  34.043597 8231.310723
  29.999697 8216.780432
  34.993067 8229.457323
  36.789211 8222.535255
  30.755311 8220.453694
  19.647019 8221.092473
  30.477685 8225.179893
  12.961803 8219.603659
  18.884359 8231.300612
  52.494607 8229.166709
  46.946552 8234.097239
  31.267387 8228.174482
  43.563509 8232.349283
  59.819342 8232.639705
  30.950655 8228.053226
  42.247311 8224.089935
  75.382695 8221.884232
  23.922509 8233.926213
  41.447880 8232.816827
  22.762913 8226.221685
  58.360146 8221.557744
  46.531580 8226.275751
  57.522567 8231.697559
  50.429710 8233.466611
  68.692263 8230.290153
  47.555637 8225.385550
  32.700708 8227.563539
  54.815980 8228.762681
  40.940287 8225.932720
  33.327381 8227.791411
  30.275729 8224.648284
  64.456329 8228.727190
  52.973950 8232.869185
  36.900243 8240.132406
  70.698238 8230.830401
  36.697316 8236.482946
  40.353106 8236.552048
  55.614824 8231.043896
  23.352773 8227.361035
  48.823659 8235.768588
  39.851132 8232.029079
  21.392809 8216.654221
  30.518314 8224.182836
  25.652921 8229.230560
  40.933477 8225.949961
  42.786388 8231.951151
  48.881006 8239.933940
  60.321054 8237.332327
  40.337456 8230.920993
  39.027126 8236.773527
  44.460609 8234.801861
  33.836949 8235.135323
  42.134061 8231.953452
  41.684132 8230.176315
  22.830493 8242.284837
  33.321232 8239.653108
  13.891081 8240.674139
  15.242551 8241.343564
  67.118430 8245.296444
  56.102390 8235.926824
  44.166493 8231.794578
  31.387773 8231.277755
  61.776998 8230.167460
  55.201127 8236.120705
  37.216392 8237.695684
  49.638754 8227.644392
  51.125910 8227.243976
  44.915157 8233.610985
  28.162876 8234.339951
  41.287750 8222.558301
  34.918806 8227.672254
  41.300300 8232.823103
  30.381724 8241.465022
  18.128751 8238.395001
  33.990089 8238.318780
  17.395639 8234.844157
  18.178837 8245.689659
  19.258761 8236.918097
   3.083622 8237.656200
  22.774011 8232.083389
  16.803452 8232.362672
  29.331533 8233.792655
  32.297535 8232.640458
  33.644704 8240.394382
  33.956130 8233.896789
  15.880545 8229.650863
  15.436320 8232.385569
  11.462079 8232.396965
  35.774429 8238.255731
  11.685711 8236.870535
  19.923804 8242.397283
  15.204867 8238.867016
  22.088759 8246.439788
  21.895409 8246.189562
  40.876421 8236.872473
  36.088246 8243.127466
  42.159191 8244.818523
  -0.206601 8240.690732
  23.301763 8235.160136
  31.236908 8240.637405
  43.711141 8248.683443
  26.307101 8248.033424
  18.925303 8250.914816
  43.178919 8249.405899
  38.643169 8242.777034
  13.001809 8234.079941
  31.804651 8231.089861
  51.306160 8241.307852
  42.411834 8238.269536
  30.355176 8228.392254
  42.321494 8239.659433
  46.361792 8234.666660
  32.591219 8233.421576
  35.452782 8237.366082
  53.290261 8236.020218
  27.032343 8234.449601
  36.936646 8231.571969
  33.011060 8231.442758
  17.944303 8220.405299
  33.249509 8229.713232
  19.660792 8235.351273
   0.978968 8241.058312
  28.201854 8230.730984
  43.036104 8231.107703
  57.357094 8230.710929
  47.674571 8233.223628
  53.002378 8224.923171
  25.474822 8228.239512
  37.258881 8228.977728
  58.464608 8237.004186
  23.921498 8232.922497
  31.583725 8232.905252
  44.390794 8221.641641
  19.005058 8228.976559
  30.776099 8233.345805
  32.077327 8228.158632
  39.603233 8224.395643
  30.029463 8230.961506
  23.922263 8229.023017
  31.990568 8223.840833
  55.419677 8235.361306
  56.387636 8226.996990
  37.443112 8226.113207
  27.272951 8218.602415
  31.488331 8219.366884
  40.767534 8218.951931
  48.133103 8220.540617
  54.246879 8234.527305
  42.679617 8229.420298
  35.939926 8227.001154
  33.078960 8222.943523
  33.826884 8220.551957
  56.978657 8214.225953
  49.450116 8223.368444
  40.863233 8218.512445
  45.650405 8224.168250
  60.513913 8218.706676
  63.618839 8218.204221
  33.705695 8223.649614
  36.568316 8228.669482
  33.051404 8224.722809
  21.600904 8222.087076
  42.257149 8219.423317
  32.761380 8211.858227
  72.700752 8223.501083
  39.446561 8226.024597
  21.212599 8219.701062
  31.092639 8230.217079
  23.261029 8222.627347
  38.519231 8222.254023
  35.572035 8219.688398
  41.978007 8222.985751
  49.625193 8220.293461
  35.190548 8223.526695
  41.895318 8220.875758
  48.746909 8223.655037
  32.799334 8223.097732
  30.889961 8222.436336
  43.364094 8230.472120
  38.829187 8228.377317
  33.392002 8229.396656
  15.836099 8229.929732
  58.632478 8225.579608
  43.736551 8228.944561
  38.399317 8230.292986
  53.867037 8236.119249
  33.031938 8232.868542
  52.483489 8226.428005
  54.975137 8230.243357
  35.353704 8228.222227
  33.317036 8230.277054
  47.492384 8231.339172
  45.175654 8229.645979
  49.502590 8227.353559
  18.251272 8229.889240
  33.094729 8228.131301
  28.120835 8229.892279
  39.745826 8224.737800
  38.358486 8228.677128
  33.103162 8231.385522
  50.667823 8228.434873
  51.622504 8231.567863
  45.268276 8232.536700
  54.220353 8227.040340
  32.580357 8227.766572
  20.683165 8229.483511
  42.561126 8225.701752
  38.077713 8234.773574
  43.011726 8231.171049
  26.121983 8222.273429
  35.064000 8233.877929
  38.260243 8232.046547
  52.930547 8235.357362
  47.552369 8225.715239
  24.414626 8232.437163
  60.949686 8226.609828
  42.335094 8217.258514
  44.982132 8235.383036
  88.565639 8223.701936
  52.571604 8228.430537
  32.159574 8229.116997
   8.405144 8216.387446
  28.132153 8229.087555
  23.800288 8233.554527
  15.226888 8228.262357
  29.062317 8226.517914
  26.362515 8235.683927
  22.239020 8239.217946
  26.607280 8227.846707
  27.635358 8227.933682
  41.278807 8233.180483
  38.036464 8230.155377
  27.936393 8228.809223
  33.177371 8228.663437
  22.028575 8230.361520
  23.877976 8237.704086
  15.783683 8226.829911
  31.588653 8231.257727
  55.120508 8232.990212
  18.727838 8228.494720
  43.636958 8235.793919
  48.724840 8235.164640
