-11.161253  33.173474
-21.015450  19.809820
-23.413049  29.138867
 -3.796127  15.400626
 -7.823125  20.521798
 10.373208   6.461850
 -5.507594  37.935505
-17.440531  28.180409
-19.070071  25.308788
-21.037339  13.693285
 -3.935712  34.191696
  3.106852  34.739023
-18.685699  23.279059
-13.008555  28.324285
  6.782148  -4.985636
  7.283725  28.385456
-33.126593  23.231371
 -2.974009  33.740863
 -5.442623  28.738396
-22.200816  30.768881
 13.778048  -2.054801
  9.502820  25.141179
 13.669695  19.404183
  9.989006  36.978760
  6.353825  -7.104279
-12.056982  40.348540
 14.624074  -9.386375
 -0.717225  34.622159
 -6.962046  13.820949
 11.573064  16.758008
 10.146307  32.254519
  5.353081   8.538895
 16.106779   8.614421
-23.528574  21.988378
  8.955055  37.105489
 11.785836  -2.487041
 14.996849  38.303760
-14.241827  15.172932
-18.298463  22.349852
 14.961921   0.431422
  7.236865  47.518020
 13.919599  10.168349
  4.697061  11.989036
  4.680350  36.001479
  9.672500  23.241081
 16.606366  23.128923
  0.482624  35.286259
 -5.643746  12.994569
-24.329538  34.854414
