0.488125 0.947455
0.470435 1.547158
0.476166 2.205428
0.498676 1.209239
0.457330 1.159910
0.422447 1.172582
0.421116 1.745997
0.446098 1.494014
0.479445 1.917737
0.485505 1.420324
0.469243 1.346602
0.506452 2.989359
0.480355 1.484444
0.481783 0.971893
0.512924 1.430893
0.494341 0.914321
0.512759 1.717166
0.472855 1.167479
0.461802 1.238342
0.462971 1.593968
0.482644 1.570488
0.465960 1.231496
0.442191 1.162746
0.453794 1.139150
0.460234 1.016709
0.492762 1.431682
0.506373 2.234970
0.475284 1.775828
0.464682 1.720895
0.447783 1.682515
0.471292 1.341194
0.488083 1.286161
0.501286 1.365801
0.519552 1.117832
0.552924 1.656798
0.544538 1.823408
0.528763 1.073506
0.551010 2.514293
0.547678 2.255549
0.547169 1.457815
0.548824 1.699991
0.531113 1.540255
0.512840 1.817439
0.549818 2.294715
0.506402 1.551972
0.514474 1.306238
0.518730 1.496544
0.515560 2.045629
0.507042 1.010518
0.531567 1.458516
0.511211 2.323776
0.544366 1.341117
0.526908 1.803516
0.514234 1.130472
0.523872 3.033988
0.486258 1.648198
0.493568 1.691700
0.455416 1.534650
0.474087 1.122313
0.450850 1.828763
0.488304 2.633906
0.473878 2.154769
0.486229 1.272765
0.509177 1.930777
0.507489 1.752898
0.528623 1.556409
0.492825 1.943000
0.501656 1.697838
0.516261 1.482355
0.567012 3.010413
0.570776 1.642998
0.545697 1.981162
0.513443 1.892901
0.524735 1.818282
0.533596 1.420554
0.534841 1.561819
0.585504 1.839052
0.544301 1.368363
0.536295 1.711073
0.565575 1.635513
0.560559 1.598407
0.532757 2.200017
0.526921 1.482098
0.536913 0.868830
0.564375 1.564246
0.519022 1.535663
0.475905 1.521066
0.464139 2.621616
0.495722 1.355585
0.513270 1.303321
0.529436 1.386330
0.485525 1.515195
0.489888 1.158108
0.503895 1.940507
0.470760 2.229153
0.488069 1.682424
0.506936 1.650064
0.523268 1.688509
0.527315 1.503659
0.535286 2.185350
0.512348 2.614536
0.530554 1.419146
0.523373 1.415479
0.486464 1.530267
0.497406 1.535867
0.494455 1.746122
0.508938 2.170157
0.534436 2.737141
0.540716 1.847325
0.504377 1.699893
0.522144 1.333052
0.514727 1.921791
0.537431 1.620607
0.537652 1.108912
0.532355 1.116700
0.549717 1.318961
0.560082 1.414166
0.576685 1.788343
0.509887 1.854130
0.503758 1.136084
0.522649 1.627887
0.508230 1.011912
0.516594 1.478093
0.493059 2.414537
0.473179 1.634869
0.490410 1.846261
0.458416 1.527827
0.465277 1.391830
0.452735 1.488901
0.428373 1.212802
0.421443 1.439215
0.442115 0.982078
0.432963 2.184333
0.396384 2.455913
0.426068 1.543661
0.393290 1.539903
0.406830 1.719671
0.379169 1.246776
0.377635 1.423616
0.402388 2.213389
0.382589 2.295681
0.399408 0.919941
0.373899 2.081162
0.400706 2.216663
0.407424 1.875852
0.359601 0.987552
0.419421 1.032451
0.395392 1.322617
0.431624 1.164996
0.404414 1.154681
0.439073 1.343777
0.385501 1.406517
0.361282 1.315202
0.395357 1.300902
0.373635 1.724555
0.364851 1.569156
0.372913 2.293476
0.352358 1.040815
0.360227 1.470864
0.382159 1.203099
0.382978 1.287823
0.381315 1.297618
0.383174 1.345791
0.395260 1.012017
0.405313 1.025254
0.414454 2.033086
0.417099 1.329562
0.383241 1.269563
0.417491 1.173040
0.405922 1.568242
0.424355 1.939751
0.394605 1.141810
0.398790 1.400873
0.380870 1.789284
0.374394 1.980557
0.379089 1.781829
0.408735 1.721707
0.362841 1.423249
0.373625 1.909124
0.408993 1.131429
0.393184 2.127465
0.382478 1.173592
0.390190 2.170518
0.403922 2.477097
0.395081 1.564073
0.410000 1.396483
0.415307 2.089900
0.425325 2.409756
0.427660 2.254363
0.420975 1.583318
0.423005 1.038905
0.412967 1.425752
0.401437 1.623073
0.433045 0.967122
0.399616 1.191735
0.447365 1.771844
0.413231 1.256773
0.441688 1.483789
0.464749 1.717154
0.441470 1.452041
0.474399 2.254974
0.464911 0.920353
0.450594 1.658434
0.447179 2.366397
0.432271 1.804516
0.423699 1.413512
0.424686 1.097702
0.406110 1.376083
0.454061 1.302349
0.452931 1.638105
0.447752 0.875452
0.427577 1.132539
0.467111 1.624496
0.458752 0.921637
0.459879 1.762482
0.460855 1.615609
0.479870 1.387958
0.503753 1.688643
0.502561 1.570474
0.512546 1.444211
0.531057 1.674813
0.520390 2.013162
0.495987 1.222906
0.508566 1.506723
0.501417 1.506418
0.487208 1.853667
0.516788 1.693211
0.504626 0.807566
0.499893 1.899536
0.520702 1.253491
0.503076 1.575378
0.562838 1.809391
0.558885 1.582625
0.548054 1.285389
0.545354 1.213806
0.571832 2.168485
0.599897 2.862303
0.600173 1.423324
0.594688 1.322603
0.580946 1.466854
0.584474 1.574740
0.620799 2.036973
0.541205 1.323758
0.521832 1.413477
0.549261 1.285310
0.564826 1.530372
0.572823 0.927047
0.556161 1.954261
0.546364 2.270115
0.559062 1.379683
0.533451 1.264061
0.543794 1.936270
0.553740 1.451392
0.538008 1.285876
0.500438 1.292041
0.516702 1.222171
0.486803 1.853461
0.495628 1.405549
0.518298 1.132240
0.520412 1.394650
0.536956 1.519309
0.548321 2.638168
0.550535 1.308845
0.544471 0.912610
0.572714 1.546877
0.572579 0.948276
0.598415 1.827730
0.607381 1.523302
0.627261 1.110633
0.626652 1.340476
0.640415 2.764358
0.621792 2.178157
0.634995 0.915595
0.607294 0.874291
0.601367 1.202457
0.584561 1.977816
0.591152 1.372139
0.596745 1.349250
0.580260 1.442699
0.580698 2.039941
0.559936 1.418446
0.530965 1.812556
0.531304 1.830848
0.486436 1.151013
0.434872 2.659943
0.417594 1.649667
0.427132 2.048771
0.427135 2.179361
0.467464 1.661182
0.440697 1.484847
0.450988 1.393603
0.469827 1.450918
0.475363 2.015958
0.463254 1.369144
0.467585 1.366346
0.447378 1.561668
0.482824 1.225153
0.490406 2.218738
0.476746 1.577535
0.476913 1.060295
0.509121 1.173648
0.537893 1.214064
0.537028 1.409811
0.506793 1.274674
0.468829 1.095450
0.490041 1.902376
0.522875 1.544320
0.500161 1.611649
0.512425 1.556775
0.530028 1.125373
0.530772 1.698374
0.544622 1.292007
0.541743 1.637396
0.511082 1.073981
0.527964 2.005711
0.513360 1.213207
0.494350 1.323576
0.485415 1.175245
0.513948 1.030818
0.505595 1.561087
0.499738 1.846655
0.508881 1.080380
0.489407 1.458897
0.524756 1.588884
0.528864 1.523761
0.483079 1.070147
0.508899 1.548204
0.525763 1.648181
0.538852 1.478673
0.522160 1.785049
0.545174 1.909994
0.522658 2.170931
0.502696 1.204065
0.491043 1.421463
0.531429 2.249501
0.527028 1.867698
0.543791 1.340317
0.490034 1.122653
0.518178 1.425944
0.545738 1.488890
0.547065 1.226102
0.576585 1.526504
0.565276 1.334834
0.535475 0.986259
0.538416 1.384891
0.511339 1.132572
0.488431 2.076479
0.480341 1.518825
0.469031 1.705071
0.499951 1.874524
0.514389 1.762132
0.537038 1.936643
0.512006 1.471634
0.517345 1.868969
0.543899 1.466857
0.518208 2.132233
0.542201 1.459610
0.505164 1.779005
0.494213 1.235986
0.488735 1.580811
0.501732 1.398276
0.513486 1.218361
0.525184 1.021645
0.500035 2.046599
0.495893 1.059164
0.514695 1.290233
0.510426 1.505794
0.504334 2.019573
0.509199 1.546145
0.479888 1.446125
0.487327 1.442867
0.496536 1.579433
0.500736 1.442861
0.513722 1.424582
0.488661 1.758160
0.478864 2.585454
0.483983 1.194106
0.521052 1.492966
0.538392 1.822470
0.575170 1.567854
0.545239 1.320203
0.574019 1.292409
0.538842 1.304564
0.557183 1.295809
0.575910 2.456744
0.567894 1.657482
0.572803 2.240086
0.556087 1.151538
0.570523 2.030135
0.576322 2.063572
0.588753 2.561082
0.574924 1.346271
0.571367 1.471401
0.593087 1.537872
0.579347 1.325573
0.626575 2.469498
0.613170 1.600071
0.609708 2.244861
0.609091 0.878081
0.576845 1.320327
0.583148 1.681496
0.577336 2.007316
0.573633 1.358686
0.569254 2.155270
0.521340 1.233263
0.519831 1.743797
0.561739 1.842543
0.511981 2.429002
0.490691 1.629819
0.492674 1.989056
0.466140 1.462900
0.508834 1.485687
0.527219 1.048594
0.494537 1.564190
0.475451 2.010090
0.425750 1.319311
0.455010 2.133619
0.444598 1.761628
0.447123 1.940328
0.417358 1.158413
0.389122 1.661943
0.416069 2.009124
0.415296 1.989590
0.387270 1.108836
0.379973 1.150025
0.349878 1.602922
0.365822 1.479086
0.366167 1.856821
0.386375 1.234096
0.349691 1.399321
0.380485 1.201461
0.384450 2.254178
0.376615 1.770903
0.402791 1.780269
0.380255 1.421154
0.395944 1.481601
0.392586 1.430905
0.387478 1.931907
0.388574 1.597635
0.381778 1.157434
0.405641 1.451533
0.426932 1.700460
0.434694 2.189674
0.441465 1.562762
0.453609 2.629319
0.464615 1.819275
0.465447 1.240737
0.479774 1.829568
0.435933 1.724236
0.407391 2.456519
0.445641 3.273246
0.405509 1.273229
0.421199 1.687981
0.413426 0.783634
0.407866 1.189985
0.425838 1.417866
0.404148 1.278172
0.413007 1.848281
0.380666 1.368094
0.412084 0.872815
0.400183 1.182392
0.366877 1.440321
0.383590 1.247207
0.385572 1.158375
0.410619 1.208943
0.420982 1.939161
0.452783 1.584006
0.444314 1.823127
0.447070 1.302490
0.445039 1.022999
0.428403 2.400965
0.435526 1.540164
0.464332 0.981812
0.480215 1.483619
0.425315 0.911242
0.444902 1.521600
0.460772 1.482512
0.457020 1.489453
0.446139 1.506874
0.447390 1.566410
0.465343 1.977513
0.444284 1.161557
0.489509 1.550354
0.507555 1.232775
0.484617 1.472057
0.522994 2.042436
0.527722 1.282928
0.525208 2.136361
0.543967 2.218618
0.524100 1.197816
0.513312 1.252184
0.509148 1.219171
0.491790 1.141054
0.467658 1.247568
0.483977 1.425787
0.480882 1.171129
0.512482 1.887629
0.491199 2.058770
0.488934 1.349378
0.545371 1.279795
0.521247 1.389342
0.525094 1.974247
0.530895 1.158164
0.514017 2.410977
0.554843 1.133676
0.539594 2.301111
0.562554 1.450776
0.535527 1.138758
0.539227 2.018275
0.542517 1.744109
0.534902 1.175547
0.529594 1.502626
0.525819 1.233311
0.550033 1.564688
0.557810 1.492994
0.531102 1.293028
0.531836 1.953820
0.520833 2.271782
0.532355 1.923903
0.569050 1.674099
0.553627 1.914201
0.546028 1.636815
0.566103 1.111432
0.533427 1.885170
0.530711 1.268622
0.547360 1.879848
0.514215 1.024285
0.467465 1.670437
0.499261 1.336646
0.479792 1.289732
0.500949 1.589421
0.491304 0.815216
0.495057 1.059447
0.527488 1.668844
0.506495 1.734062
0.488512 1.572436
0.471033 1.251598
0.475811 1.161856
0.447489 1.336943
0.456532 1.806760
0.483101 1.730765
0.492022 2.299709
0.469215 1.621012
0.485278 1.147606
0.489312 1.496976
0.460417 1.796209
0.426471 1.316308
0.435913 1.292269
0.460553 1.857115
0.463720 1.419853
0.438779 1.437452
0.424269 1.221000
0.438679 1.868579
0.425687 1.466205
0.427180 1.679052
0.456809 1.179426
0.432528 1.907691
0.495844 2.011705
0.490101 1.575234
0.528598 1.083777
0.530534 1.870820
0.496403 1.042683
0.510330 1.610333
0.515488 1.895721
0.507612 1.499407
0.545938 2.063389
0.492655 1.325875
0.517186 1.858417
0.518197 1.362973
0.486253 1.474810
0.505961 1.180263
0.490226 1.310657
0.508077 1.484339
0.494422 1.818295
0.460709 1.653819
0.482451 1.470423
0.519775 1.315076
0.489867 2.083507
0.487221 1.329930
0.488274 1.139518
0.544740 1.494783
0.546695 1.528422
0.566874 1.935406
0.584464 1.275448
0.573110 1.583969
0.580523 1.348955
0.581015 1.737982
0.603860 1.499883
0.582913 1.042673
0.568712 1.509661
0.601082 2.609087
0.593708 1.636208
0.615893 2.043495
0.616744 2.394130
0.583336 1.624213
0.594542 1.170526
0.612197 0.965068
0.632048 0.784718
0.612686 1.192959
0.616924 1.475052
0.597915 1.699237
0.623688 1.026784
0.642748 0.982846
0.624802 2.366012
0.584244 1.988729
0.570627 1.353982
0.556203 2.363736
0.544269 1.783390
0.541168 1.197323
0.556854 1.427487
0.512427 2.099213
0.526102 1.354826
0.542121 1.856955
0.527820 1.264345
0.555795 1.309896
0.553410 1.858090
0.544573 1.179157
0.524898 1.311233
0.510131 2.835129
0.513265 2.162681
0.523135 2.148450
0.527286 1.902749
0.497498 2.168593
0.524266 1.871992
0.482703 2.257914
0.482618 1.901635
0.491043 1.445806
0.505710 1.651612
0.525036 1.783882
0.517529 1.481483
0.540546 1.312012
0.555084 1.550641
0.557752 1.455672
0.523064 1.451705
0.533717 1.248036
0.532519 1.361528
0.596394 2.227066
0.599609 1.827537
0.578972 1.984381
0.588202 1.840371
0.567654 1.253978
0.573318 1.415172
0.546033 3.321561
0.526297 1.810593
0.520091 1.274234
0.515027 1.863212
0.529040 1.772118
0.530455 1.180249
0.512458 2.201756
0.479087 1.996183
0.493665 1.259509
0.493386 1.329820
0.477313 1.591946
0.467758 1.586480
0.487598 1.328788
0.485114 1.385678
0.470323 1.273167
0.471601 1.759218
0.519133 2.327936
0.486630 1.381194
0.515901 1.346383
0.487236 0.885022
0.505712 1.643801
0.499405 1.398126
0.487545 1.613280
0.484285 1.242852
0.448084 1.210045
0.487241 1.151587
0.477327 2.124325
0.437769 0.927852
0.405475 1.595841
0.405486 3.112653
0.436424 2.104441
0.456678 1.445852
0.437230 2.151625
0.412900 1.461764
0.440031 1.594945
0.425491 1.307262
0.385663 0.959085
0.403925 1.521024
0.401391 1.338707
0.423997 1.124025
0.417409 1.296627
0.445676 1.349516
0.404413 1.654880
0.390832 2.140485
0.366618 1.789947
0.363841 1.022934
0.355568 1.934310
0.367648 1.425071
0.349191 1.520080
0.361504 0.927814
0.387388 1.553951
0.390161 1.390129
0.339789 1.202299
0.389405 2.226710
0.403424 1.615754
0.396325 1.451781
0.399414 1.110751
0.403777 1.070455
0.383072 1.535314
0.378333 1.868397
0.342763 1.817096
0.355471 1.646524
0.368487 2.201674
0.338352 1.726658
0.331703 1.726067
0.348436 1.485012
0.359376 1.532823
0.331113 2.199728
0.380926 1.589735
0.368293 2.400099
0.357119 1.088237
0.385540 1.400676
0.392382 1.349744
0.434999 1.982111
0.422049 1.334877
0.387722 1.186290
0.385045 1.004758
0.357498 1.315561
0.361998 1.169669
0.356787 1.552589
0.343832 1.481660
0.337470 1.382185
0.368975 1.786249
0.348182 1.047284
0.320374 1.682338
0.370761 1.003401
0.389400 0.854937
0.371188 1.367234
0.373535 1.619253
0.346196 1.847050
0.353823 1.380628
0.357471 1.858545
0.353146 1.016972
0.381105 1.359309
0.378259 1.356268
0.394350 1.637809
0.398739 1.731873
0.390222 1.696945
0.375436 1.601234
0.374964 1.287182
0.360791 2.184593
0.352982 1.752092
0.342230 1.296020
0.374250 1.546419
0.375887 2.110844
0.380796 1.826467
0.417969 1.947823
0.384950 1.645032
0.377284 1.199706
0.362280 1.503894
0.358612 1.090928
0.341414 0.942562
0.334449 2.261267
0.379596 1.178633
0.327329 1.438157
0.369281 1.567552
0.346645 1.339084
0.352654 1.608599
0.346306 1.747798
0.351632 2.533545
0.346379 2.472457
0.347110 1.622708
0.362819 0.962515
0.335643 1.114413
0.359539 0.939876
0.345203 0.962961
0.363185 1.453069
0.373912 1.080583
0.359181 1.483488
0.346822 1.199223
0.358598 1.247573
0.355889 1.128012
0.348012 1.044248
0.304448 1.625933
0.335873 1.641149
0.328212 1.462151
0.319280 1.807200
0.303539 1.756863
0.333801 1.574349
0.319422 1.263899
0.311279 2.242322
0.312973 1.653216
0.301694 1.791496
0.292787 1.575244
0.307155 1.415253
0.309629 1.828163
0.279466 1.236574
0.281431 1.874503
0.272305 1.654623
0.280585 1.555199
0.281199 2.177534
0.298779 1.607524
0.278914 1.030536
0.283497 1.384441
0.296781 1.529458
0.271062 0.991344
0.281052 1.277550
0.276391 1.439734
0.278172 1.608724
0.257068 1.058589
0.284621 1.131815
0.256555 0.983811
0.251190 1.620109
0.273390 1.678302
0.294283 1.901945
0.277677 1.664507
0.248285 1.564493
0.281190 1.927429
0.268712 1.097687
0.251001 1.521553
0.256268 1.807711
0.242487 1.687898
0.236160 1.838318
0.273415 1.159467
0.252163 1.902281
0.263190 0.929250
0.270420 0.853404
0.260249 1.035483
0.261944 1.064213
0.214797 1.626290
0.228825 1.081148
0.221970 1.351902
0.234209 1.283026
0.250101 2.194070
0.262062 1.390195
0.194883 1.502279
0.189216 1.469989
0.234934 1.755116
0.235894 1.645825
0.206462 1.838576
0.212634 1.460224
0.248402 2.179688
0.229488 1.550216
0.245469 1.189746
0.212798 1.279651
0.223726 1.401524
0.210610 1.365739
0.238230 1.769251
0.208785 1.910075
0.211086 2.446388
0.219998 1.427886
0.213280 1.216266
0.227340 2.127329
0.239762 1.735659
0.201750 1.259901
0.206862 1.468109
0.205163 1.402162
0.216733 1.369601
0.154601 1.288395
0.174010 0.900445
0.181507 1.578286
0.184958 1.535564
0.184688 1.250560
0.202609 2.156064
0.204356 1.336422
0.216864 2.320234
0.215781 1.360290
0.217529 1.346808
0.267360 1.360829
0.283649 1.200862
0.248632 1.516324
0.299563 1.560771
0.294989 1.433926
0.296535 2.113430
0.268335 1.589846
0.268207 1.185717
0.329856 2.444211
0.287133 2.273261
0.308788 1.129870
0.315770 0.989856
0.295237 1.207984
0.281765 1.987966
0.284222 1.374864
0.309750 1.465033
0.297873 1.572034
0.302645 2.427164
0.334933 1.292280
0.329934 1.262351
0.349192 1.670943
0.316393 1.207379
0.310189 1.593761
0.341205 1.258290
0.328027 1.117087
0.282389 1.448987
0.287833 1.898579
0.301596 1.981040
0.289931 1.299831
0.293571 1.300843
0.286045 1.050384
0.326692 1.290231
0.328809 1.612226
0.322213 1.842380
0.336344 1.076011
0.343882 1.808468
0.336715 1.675483
0.351379 1.166182
0.371400 2.192481
0.388921 2.495312
0.367701 1.217113
0.387931 1.638823
0.378742 1.555922
0.380548 1.806500
0.365696 1.559415
0.374746 2.154451
0.369917 0.836665
0.379566 1.078101
0.401382 1.582650
0.365033 1.160286
0.366881 0.939148
0.351890 1.383180
0.383901 1.125445
0.397730 1.806292
0.390394 1.608535
0.439706 1.666677
0.467455 1.248736
0.451604 2.158615
0.469283 0.868238
0.454735 1.120599
0.472958 0.730762
0.452413 1.244183
0.461541 1.237822
0.474596 1.638779
0.486615 1.243816
0.448458 1.445715
0.470462 2.976206
0.466443 1.293386
0.477036 1.315317
0.481738 1.711417
0.467176 0.859037
0.483091 2.164271
0.470930 2.412261
0.453534 1.820885
0.464716 1.638438
0.433254 1.471604
0.435666 0.945817
0.467021 1.193057
0.453153 1.648861
0.447959 0.989038
0.464811 1.991953
0.478996 1.498552
0.478342 2.527151
0.511713 1.486460
0.492224 1.519467
0.491885 2.155089
0.524573 1.972306
0.516826 1.195031
0.560035 1.897473
0.582202 1.672718
0.574156 1.281586
0.585561 1.201603
0.601516 1.853512
0.583672 1.306593
0.594001 1.948444
0.588106 0.920657
0.582303 2.550392
0.557536 1.680769
0.581807 1.568956
0.618788 1.264501
0.593053 1.556985
0.604110 1.545610
0.633319 1.606378
0.624996 2.579512
0.597622 1.512067
0.580210 1.236112
0.597375 1.653452
0.619018 1.306257
0.609837 0.897240
0.614159 1.826149
0.603698 1.578172
0.610088 2.113532
0.617780 1.261599
0.596434 1.320946
0.598182 1.457982
0.612181 1.793236
0.557832 1.341883
0.577900 1.563154
0.610735 1.787354
0.613442 1.056077
0.625767 1.560113
0.632876 1.630955
0.643540 1.983138
0.633038 1.289496
0.620199 1.975938
0.615106 1.270999
0.625838 2.040114
0.651071 1.008272
0.652444 1.902376
0.680772 2.063516
0.656441 2.261190
0.667230 1.454240
0.688342 2.050900
0.694148 1.349557
0.654807 1.266959
0.649728 1.429790
0.638187 1.615855
0.634981 1.408983
0.615143 1.790829
0.589480 1.486333
0.589065 1.754791
0.601269 1.353605
0.595677 1.921445
0.612550 1.440452
0.630628 2.319812
0.635142 2.302812
0.641438 1.422371
0.641875 1.628453
0.638848 1.356918
0.641219 1.800611
0.622734 1.606209
0.608792 1.385469
0.626636 1.601403
0.661556 1.409002
0.637430 1.955371
0.672406 1.851502
0.651675 1.374257
0.657880 1.569350
0.645250 1.862634
0.668827 2.081024
0.672391 2.302045
0.637811 2.116990
0.635914 2.089158
0.639028 1.343303
0.610173 2.221444
0.592020 0.878512
0.611472 2.371173
0.595208 1.802844
0.591573 1.763249
0.593762 1.172570
0.568927 1.846404
0.574715 2.077276
0.563219 1.668191
0.556539 0.993324
0.541491 2.249171
0.553613 2.670581
0.511819 1.549421
0.537545 1.165899
0.536276 1.196584
0.553515 1.436552
0.553767 1.779005
0.537978 2.003604
0.505722 3.119556
0.484271 1.552920
0.509275 1.189017
0.539554 1.042060
0.538039 1.791256
0.526202 1.395330
0.537239 2.902086
0.538047 1.446970
0.492498 1.054613
0.532633 1.553922
0.526433 2.016909
0.528255 1.387149
0.506731 1.538228
0.499851 0.957164
0.460226 1.439161
0.521915 1.528730
0.485355 1.039047
0.547737 1.970385
0.560649 1.081659
0.525994 1.173997
0.545648 1.599944
0.545420 1.571645
0.483476 1.370768
0.525833 1.484263
0.506972 1.874788
0.540078 1.292657
0.524452 2.231145
0.557122 1.492854
0.554349 1.796107
0.553086 2.037874
0.521518 1.604477
0.472980 1.365440
0.420480 1.569306
0.384898 1.881949
0.414052 1.383942
0.409635 1.921481
0.441046 1.570979
0.443046 1.443547
0.435539 1.950744
0.394498 2.166733
0.412152 1.776341
0.419264 1.435734
0.396036 1.417315
0.432717 1.578932
0.416960 1.523399
0.460017 1.172821
0.479902 1.504698
0.502165 1.387934
0.424066 1.748942
0.464870 1.798078
0.453816 0.960003
0.474483 1.292876
0.480484 1.289954
0.439084 1.102643
0.443940 1.192883
0.493465 1.046913
0.485529 1.145927
0.475469 1.821340
0.502342 1.398289
0.462709 1.549257
0.465592 1.913507
0.472839 1.405499
0.465022 1.385901
0.462319 1.073987
0.492603 1.457379
0.492965 1.199964
0.489806 1.279963
0.480836 1.621362
0.546091 2.127456
0.516975 2.027312
0.538669 1.651896
0.525421 1.464652
0.539783 1.720972
0.533887 1.182581
0.479849 1.606035
0.464795 1.538041
0.486561 1.521904
0.482288 1.605230
0.482546 1.160810
0.458361 1.383295
0.461826 1.506219
0.437633 0.996289
0.446910 1.135294
0.445122 1.541357
0.407840 1.028640
0.446307 0.881097
0.402828 1.712825
0.426868 2.018131
0.432872 1.485886
0.433366 1.329364
0.490773 1.535488
0.458976 1.501977
0.519408 1.089693
0.537485 1.657261
0.527108 2.172508
0.544307 1.821317
0.518239 1.258328
0.513769 1.827667
0.495872 1.239047
0.525451 1.404289
0.505695 2.218473
0.514208 1.303003
0.498470 1.304417
0.543279 1.671280
0.531013 0.903044
0.537804 1.191805
0.534719 2.175842
0.521866 1.365377
0.567929 1.840563
0.535046 1.510266
0.542429 2.004218
0.568674 1.185182
0.557866 0.905858
0.577834 2.100478
0.572811 1.212536
0.532317 1.789239
0.526030 1.554651
0.562314 1.270255
0.533714 1.196252
0.563016 1.197293
0.530393 1.554815
0.542354 1.821940
0.522832 1.606838
0.560107 1.817407
0.540876 1.418793
0.565311 1.923005
0.568111 1.186816
0.563931 1.418682
0.552521 1.705567
0.609299 1.316798
0.625298 1.564518
0.635489 2.135475
0.663827 2.107591
0.648378 1.073502
0.679177 1.182248
0.656087 1.597519
0.638172 1.934548
0.649444 1.827595
0.663764 1.798481
0.639615 0.924789
0.673641 1.808000
0.655136 1.389641
0.671446 1.144600
0.657450 1.391273
0.654928 1.909394
0.674496 2.798904
0.641599 1.469470
0.664088 2.766555
0.654823 1.975669
0.650204 1.836265
0.654918 1.581564
0.651514 2.080133
0.658145 1.274808
0.629816 0.869458
0.632272 1.158774
0.670488 2.055366
0.651859 1.418451
0.650037 1.456103
0.627769 1.932214
0.593919 1.736738
0.607166 1.469911
0.568107 1.556980
0.536594 1.783875
0.562359 1.075418
0.539083 1.186186
0.510879 1.296876
0.510196 1.686353
0.521581 1.205861
0.561100 1.186912
0.535349 1.236747
0.546204 2.653044
0.593146 2.524433
0.620885 2.288726
0.611533 1.466012
0.600029 1.139696
0.616400 1.561021
0.604084 1.604983
0.631381 1.766610
0.625820 2.681476
0.614561 1.409498
0.628084 1.250837
0.592659 1.864127
0.589538 1.903266
0.561227 1.530430
0.554157 2.276065
0.576776 2.161878
0.572254 1.258682
0.598969 1.216465
0.611551 2.375793
0.624073 1.087157
0.610572 1.289364
0.570459 1.830345
0.573536 1.717104
0.565785 1.534971
0.540581 1.502378
0.506633 1.854519
0.448553 1.585801
0.483695 1.085321
0.495693 1.364921
0.498963 1.040765
0.444109 1.882387
0.444898 1.227766
0.465634 1.958596
0.460440 1.331754
0.452986 2.021525
0.422215 1.794871
0.380156 1.312105
0.420165 2.195007
0.422609 1.337964
0.431488 2.020597
0.420822 1.859088
0.417617 1.909556
0.409024 1.303058
0.443392 1.715310
0.450075 1.485886
0.437201 1.554687
0.429311 1.599532
0.414217 1.644853
0.416810 2.818274
0.402692 1.268859
0.401645 2.156779
0.407251 1.377247
0.407311 1.580404
0.386898 1.404373
0.370510 2.129120
0.376220 1.665086
0.388837 1.996354
0.386746 1.230538
0.410703 1.479976
0.402116 1.803506
0.421586 2.256404
0.424911 1.458051
0.429808 1.828225
0.424475 2.186072
0.459789 1.671406
0.440288 1.113088
0.486347 1.679696
0.470572 1.128348
0.447340 1.234154
0.444610 1.551495
0.443477 1.186730
0.456936 1.371139
0.480621 1.512017
0.487528 2.082358
0.453922 1.379267
0.480867 1.521523
0.432785 1.684275
0.473668 1.832945
0.459250 1.396803
0.407522 1.104249
0.444854 1.548791
0.458304 1.365886
0.493458 1.157796
0.451118 1.110243
0.491085 3.436725
0.486963 1.875281
0.435823 1.837522
0.426992 1.707037
0.433053 1.718628
0.472131 1.457106
0.468816 2.005715
0.496779 1.046729
0.491245 2.243350
0.506235 1.466462
0.508274 1.314054
0.537218 1.225885
0.552214 1.431670
0.529324 2.211943
0.519054 1.452129
0.516675 1.124673
0.507372 1.273979
0.489725 1.277697
0.472478 1.839249
0.466280 0.891899
0.515698 1.571548
0.505534 1.172094
0.519495 1.958175
0.514242 1.072382
0.491145 2.678397
0.487681 1.556411
0.514123 1.448039
0.511118 2.697136
0.505616 1.432165
0.469764 2.277601
0.514096 1.567363
0.493318 1.321676
0.519239 1.208377
0.523580 1.103948
0.537773 1.425187
0.537544 1.151425
0.560675 1.513549
0.551734 1.242660
0.566726 1.624043
0.591357 1.711654
0.585935 1.307977
0.560407 1.327820
0.552320 1.181789
0.560760 1.651846
0.530197 2.021615
0.522849 2.103782
0.524523 1.033967
0.536737 1.495434
0.521131 2.193909
0.559397 1.571651
0.503324 1.268809
0.464893 0.832824
0.448499 1.971455
0.462677 0.952269
0.473675 1.323636
0.482915 2.216272
0.508969 1.328769
0.505042 1.451594
0.499470 1.287337
0.476879 1.835378
0.464400 1.277518
0.449395 1.546622
0.437208 1.685769
0.445153 1.042881
0.415476 1.316850
0.396831 2.126001
0.382566 1.323391
0.386069 1.359921
0.391477 1.314444
0.395124 1.601078
0.393543 1.945460
0.374220 0.863297
0.388605 2.643458
0.412105 1.505665
0.400876 2.827150
0.420295 1.057681
0.405167 2.164389
0.437440 1.553819
0.447097 1.582930
0.433556 1.728733
0.496879 0.932518
0.490100 1.247112
0.509858 1.181437
0.498084 1.246730
0.512007 1.520973
0.498939 1.430821
0.468592 1.904242
0.498195 1.851639
0.500498 0.960278
0.479665 1.050008
0.480452 1.421291
0.469698 1.575579
0.425768 1.292176
0.451817 1.413813
0.421877 1.538083
0.451105 1.493845
0.429246 1.156317
0.450556 1.547473
0.430427 1.470245
0.418112 1.384322
0.437689 1.511780
0.423652 1.522738
0.451188 1.392797
0.442918 1.117258
0.439462 0.768031
0.434750 2.179117
0.437903 1.806203
0.408879 1.797896
0.409904 1.128562
0.428208 1.344468
0.477805 2.095330
0.501144 2.591277
0.499705 1.510521
0.499170 2.044766
0.479647 1.378718
0.496228 1.509613
0.538041 1.018437
0.587080 1.778274
0.609598 1.822584
0.583858 1.514010
0.568491 1.824584
0.558025 1.906315
0.573229 1.690764
0.565206 1.982328
0.552884 2.277357
0.594415 2.602643
0.593053 1.285237
0.595197 1.465128
0.611593 1.787875
0.608168 1.265325
0.560510 1.196765
0.591774 1.121625
0.616858 1.190449
0.632079 1.187008
0.586623 1.018330
0.592134 1.463252
0.580276 1.421408
0.606449 1.676291
0.614284 1.518841
0.559630 1.340443
0.514706 1.547823
0.500618 1.779702
0.496593 1.838979
0.517742 1.759765
0.512678 1.399845
0.482905 1.492005
0.524185 2.181438
0.480161 1.828051
0.503333 1.985723
0.537148 1.376652
0.539178 2.217470
0.523823 1.521943
0.526575 2.328974
0.563248 1.623067
0.543834 1.835655
0.533898 2.077753
0.490198 1.652119
0.478257 1.188607
0.487308 3.077714
0.473172 1.725589
0.477850 1.162477
0.531327 1.901307
0.522278 1.684731
0.508174 2.168972
0.502161 1.455558
0.492185 1.674829
0.516538 1.680818
0.466665 1.064613
0.461511 1.145410
0.451897 1.201328
0.465714 1.122049
0.432720 0.944086
0.432624 1.742760
0.432547 1.396156
0.416960 1.083569
0.400518 1.827275
0.370858 2.020476
0.392952 1.953959
0.438373 2.178321
0.423648 1.716281
0.432852 1.598347
0.436277 1.558055
0.460990 1.323690
0.444463 1.452760
0.463806 1.431798
0.440816 1.681494
0.467281 1.483322
0.468108 2.105199
0.495270 2.021187
0.506943 1.508991
0.483146 1.436013
0.453998 1.060335
0.477586 1.324814
0.491505 1.670344
0.488371 1.547202
0.505403 1.683542
0.439156 1.141505
0.456551 1.035457
0.460765 2.033930
0.440638 1.317842
0.412827 1.185159
0.472548 1.533558
0.482872 1.597324
