    0.125410 11767.446454
    0.122829 11779.765799
    0.122610 12816.625343
    0.121310 11555.709476
    0.121801 12998.827012
    0.121114 12264.024125
    0.122648 12750.844425
    0.123246 12236.062123
    0.123769 13135.733472
    0.122794 12005.028636
    0.123596 12519.154635
    0.122919 13373.947586
    0.123156 12272.916862
    0.123606 11988.729464
    0.123470 12717.241607
    0.122256 12382.823341
    0.122412 12860.825738
    0.122285 12251.231756
    0.122445 13768.437211
    0.122244 12204.448962
    0.123675 12748.317040
    0.123596 12993.377388
    0.122474 13064.527643
    0.121642 12677.740072
    0.122268 13125.105780
    0.122860 12498.718895
    0.122411 12626.782507
    0.123519 12427.871645
    0.123775 12633.483891
    0.124435 12867.447438
    0.123898 12091.269553
    0.124103 13175.222878
    0.122609 13533.369838
    0.122897 13501.765791
    0.123376 13148.406358
    0.123365 13116.562876
    0.123543 11726.927558
    0.124614 12713.859139
    0.125851 12955.961415
    0.125890 13463.906179
    0.126964 12213.643267
    0.127229 13057.201357
    0.127092 12520.118822
    0.128161 12303.409109
    0.127993 12193.751365
    0.127803 12373.747702
    0.127835 13284.372874
    0.128228 12683.982649
    0.128294 12533.599681
    0.127740 13191.680519
    0.127806 12137.228112
    0.126879 12359.602877
    0.126980 12362.454661
    0.127035 13616.095387
    0.126658 12058.357801
    0.126721 12587.040702
    0.126841 13251.215375
    0.126914 12972.320761
    0.127492 12297.368318
    0.127251 13098.637641
    0.128640 11948.399540
    0.128822 12223.724993
    0.128161 12373.149713
    0.129097 12941.898802
    0.128361 12432.192287
    0.128859 12077.950804
    0.130268 13119.714367
    0.129752 12574.985082
    0.129904 12689.514558
    0.129410 12383.495172
    0.130450 12692.069671
    0.130342 12303.567315
    0.129993 13437.214716
    0.129672 12233.362016
    0.130273 13217.141235
    0.129986 12401.340723
    0.130166 12657.547461
    0.130260 12599.867980
    0.129441 13131.732748
    0.131872 12960.814658
    0.131115 12796.240164
    0.131201 12699.014630
    0.132099 12720.783528
    0.130458 13312.787130
    0.129716 12083.944557
    0.129468 12491.211077
    0.129486 12208.817539
    0.130443 12871.606829
    0.129992 12172.741138
    0.131204 13401.077096
    0.128509 13208.988165
    0.128860 13839.958025
    0.128670 13255.352731
    0.128683 12344.127410
    0.128248 11582.187910
    0.127660 12699.170715
    0.127053 12316.580855
    0.126286 12671.128191
    0.127019 13271.597662
    0.126900 13478.869879
    0.127449 13255.812511
    0.127127 12144.008453
    0.126603 12558.443995
    0.126046 13337.652757
    0.127103 12974.509612
    0.126946 13259.767074
    0.128025 12442.019471
    0.128075 13487.151771
    0.128109 13379.837156
    0.127962 13629.968580
    0.128110 12848.453612
    0.127770 12432.557427
    0.128318 13153.132462
    0.128926 13289.656763
    0.129102 12066.941685
    0.129216 12413.986869
    0.127876 12361.880247
    0.127496 12446.369378
    0.126453 13552.069952
    0.126724 13090.179414
    0.127172 12872.069604
    0.128357 13068.370350
    0.128435 12976.662407
    0.127797 12363.434354
    0.127705 12322.967352
    0.127793 12427.945806
    0.128356 13054.382163
    0.128283 12825.938698
    0.129380 12887.785960
    0.129180 12442.265785
    0.128301 12771.889260
    0.128525 12055.577021
    0.127833 12208.024676
    0.128734 12608.631617
    0.128686 12266.400945
    0.128167 12679.437310
    0.129359 12694.875361
    0.129175 12862.728669
    0.128262 12678.246621
    0.128997 12532.779234
    0.128813 11907.681898
    0.128609 13603.114883
    0.128292 12462.873299
    0.127962 11958.959127
    0.129307 12137.669107
    0.129149 11994.688489
    0.128729 12131.334205
    0.128413 12414.387128
    0.128931 12617.654425
    0.128945 12497.669960
    0.128899 12212.745442
    0.128441 12253.263474
    0.128847 12776.937544
    0.129245 13205.638725
    0.129868 13989.084068
    0.129928 12016.825917
    0.130229 12493.132682
    0.129882 12314.622685
    0.129633 11844.263181
    0.130022 11729.462499
    0.130041 12279.945619
    0.129285 12576.097105
    0.130211 12717.876594
    0.129835 12917.396931
    0.130056 12310.616418
    0.131025 12297.954469
    0.130916 12927.621336
    0.130639 11932.357288
    0.131025 13090.711090
    0.130396 12125.599860
    0.129859 12068.544900
    0.130757 12211.385946
    0.130912 11618.956927
    0.130065 12446.853641
    0.131921 12194.166085
    0.132843 12449.755273
    0.132470 11732.882466
    0.132896 13211.922136
    0.133593 13136.610400
    0.133827 12465.557154
    0.133535 12294.177145
    0.134044 12195.384300
    0.133688 12627.972239
    0.133202 12724.789258
    0.133171 12101.673954
    0.132785 12668.732246
    0.132510 12521.895896
    0.132964 12509.308055
    0.133439 13005.500907
    0.132759 12809.751145
    0.133209 12159.888460
    0.133372 12015.241950
    0.133623 12944.192692
    0.133847 11609.021572
    0.134327 12327.191740
    0.134136 12652.757127
    0.135100 12740.370537
    0.134625 12450.080701
    0.135193 12408.078008
    0.135541 12559.479176
    0.135946 11980.253322
    0.135980 13030.687347
    0.136553 12601.713012
    0.136790 12099.560697
    0.136748 12144.205585
    0.137265 12729.439362
    0.136583 11962.489610
    0.136248 12823.439709
    0.135881 12518.696325
    0.137305 12403.500474
    0.137596 12789.190586
    0.136235 12796.361687
    0.135497 12952.177822
    0.135346 12009.391019
    0.135234 12856.675771
    0.134830 12092.010659
    0.135976 13166.066411
    0.135417 12086.681183
    0.136675 12757.722462
    0.136524 12543.191615
    0.136702 12702.217719
    0.135889 12686.978441
    0.136828 11963.854588
    0.137826 13146.365037
    0.137490 11999.722675
    0.138308 12595.447451
    0.138933 12361.401051
    0.138660 13165.529300
    0.139621 12771.152871
    0.137889 12914.707386
    0.137206 13007.497154
    0.137555 12911.794846
    0.137634 13435.291431
    0.137566 12547.303112
    0.138766 12695.929330
    0.138246 12005.754823
    0.136808 12707.767499
    0.136914 13444.744082
    0.137204 12043.616688
    0.137284 12311.427243
    0.136327 12520.953106
    0.137153 11983.439531
    0.137411 12643.901164
    0.136690 12166.188309
    0.137468 11829.219364
    0.138133 12329.458642
    0.137879 12646.527140
    0.139054 13123.485708
    0.138252 12929.770573
    0.138131 12011.667217
    0.137390 13211.609246
    0.136615 11884.456860
    0.137411 12613.084077
    0.137158 12342.047199
    0.136668 13333.630970
    0.138183 13045.544082
    0.137765 12683.889610
    0.136621 12232.650322
    0.136355 12245.823599
    0.135202 12962.587313
    0.138145 12898.307697
    0.137528 13595.839364
    0.137096 13130.654877
    0.137265 12127.849450
    0.137724 12559.972773
    0.137064 12635.764797
    0.137505 12613.658972
    0.137398 12074.041003
    0.138722 12299.057085
    0.138357 12828.787180
    0.139449 12601.525379
    0.139366 12938.653580
    0.138063 12205.403748
    0.139063 13177.387521
    0.137656 11762.673783
    0.137978 12945.148929
    0.138471 13353.766067
    0.137821 12644.840050
    0.138666 11677.827516
    0.138096 12917.897945
    0.137980 12338.404767
    0.138714 13254.279654
    0.138789 12503.317120
    0.139127 12741.757320
    0.138779 12622.891898
    0.139302 12921.991284
    0.138759 12858.954272
    0.139172 12297.902808
    0.138165 11734.571720
    0.137979 12486.869705
    0.138307 12666.532361
    0.137529 12920.182750
    0.136905 12293.445542
    0.135570 12313.089383
    0.136118 12304.012189
    0.135533 12192.623863
    0.135129 12410.219544
    0.136377 12669.627484
    0.136220 12740.094776
    0.135685 12300.084131
    0.135398 12481.436188
    0.136085 12925.340017
    0.137178 11857.942940
    0.136882 12445.567031
    0.137363 12704.914075
    0.137422 12315.854247
    0.138230 12850.375652
    0.138421 12508.445937
    0.139369 12591.685275
    0.138432 12666.943199
    0.136901 12630.129079
    0.137086 12119.672782
    0.137189 12549.818806
    0.137066 13572.739551
    0.137183 11914.664759
    0.134212 12848.311118
    0.134600 12778.824265
    0.134126 12000.512519
    0.134959 12424.761349
    0.134194 12595.257593
    0.134099 12499.121468
    0.134434 12272.428134
    0.134228 12411.190003
    0.134078 13149.094159
    0.135600 12445.151970
    0.135401 11750.433498
    0.136010 12494.169759
    0.137033 12512.171024
    0.138935 11777.011047
    0.138840 12318.428115
    0.139952 13308.536111
    0.138440 13594.791515
    0.137102 12431.325018
    0.136849 12582.310947
    0.136538 12893.821377
    0.136983 13125.697448
    0.136160 12937.230329
    0.134775 12661.738820
    0.134273 12698.305499
    0.135260 12735.516146
    0.134089 12834.279452
    0.134434 12136.198035
    0.135614 13363.411441
    0.136793 12660.288295
    0.136602 13089.009712
    0.136317 12387.713441
    0.135902 12688.954038
    0.135316 12584.318839
    0.136697 12019.916650
    0.138290 12143.188257
    0.136057 12713.252518
    0.136145 12724.866003
    0.135856 12357.506197
    0.135425 12863.873998
    0.135859 12625.376842
    0.135453 12578.475168
    0.135876 12608.009557
    0.135540 12948.153780
    0.135912 11985.715872
    0.136199 12900.861153
    0.136224 12832.266530
    0.136035 12358.090622
    0.136838 12059.782103
    0.136210 12705.783311
    0.135540 12810.351750
    0.136040 11966.913108
    0.135835 12759.433678
    0.136492 12853.019910
    0.135168 12298.055553
    0.135501 12220.267003
    0.135293 12657.262495
    0.135226 12305.311278
    0.136200 12768.733458
    0.136363 11978.174905
    0.136947 12757.648160
    0.136537 12338.810842
    0.137101 12509.298117
    0.136889 12990.596658
    0.135834 12235.115853
    0.136407 12568.920068
    0.134915 12656.963853
    0.134271 12760.810177
    0.134633 12208.300867
    0.133454 12933.781673
    0.133351 12580.238385
    0.133457 12657.148246
    0.132609 12722.487879
    0.132077 12392.872654
    0.131917 12388.801820
    0.132171 12921.352874
    0.132895 12739.719260
    0.133458 12867.255795
    0.133887 12486.027625
    0.134795 12834.205139
    0.134729 12499.739878
    0.134181 12406.859672
    0.133791 12078.064755
    0.134537 13121.341119
    0.135121 12936.126390
    0.135406 13027.064037
    0.136316 13556.493993
    0.134629 12339.512486
    0.135923 13605.796024
    0.135184 12303.804088
    0.135182 12905.857787
    0.135168 12022.764386
    0.135479 13013.286227
    0.134900 12612.931984
    0.134600 12719.722747
    0.134150 11773.612446
    0.134455 12325.861188
    0.135506 12480.125745
    0.135381 12288.239729
    0.135269 12749.248759
    0.134211 12391.200609
    0.133981 13116.055845
    0.134159 13282.497977
    0.135039 12243.494125
    0.136042 13000.795272
    0.135050 12422.110228
    0.135068 12673.747093
    0.134773 13246.123732
    0.135049 12776.279586
    0.136227 12685.633640
    0.135685 12280.863826
    0.135461 12727.794011
    0.135872 12270.937622
    0.137031 12838.142648
    0.136271 12926.837523
    0.136397 13114.302980
    0.135873 12813.910180
    0.136780 12571.653369
    0.137736 11827.316575
    0.135273 11894.553664
    0.135828 12558.207662
    0.135950 12147.861188
    0.135746 13226.641870
    0.136674 12126.737383
    0.138024 12956.362030
    0.138106 12812.054850
    0.138500 13588.168495
    0.138275 13011.554150
    0.139214 12440.038574
    0.138957 12660.714168
    0.139244 12925.957340
    0.139779 12589.293259
    0.138864 12843.758963
    0.138550 12307.150556
    0.137971 12755.027968
    0.137501 13018.566787
    0.137622 11646.243231
    0.136304 12523.477141
    0.138943 12301.715071
    0.138918 13209.270169
    0.139508 12907.642071
    0.138171 13284.357786
    0.138113 12787.612672
    0.137553 12766.772059
    0.137712 12649.453978
    0.137825 12745.138359
    0.138178 12562.009262
    0.137618 13035.599703
    0.138092 12854.454133
    0.137331 12603.358529
    0.136584 13229.985983
    0.136200 12454.455087
    0.137040 12701.755233
    0.136856 12705.171763
    0.136493 12575.049297
    0.136971 12746.725830
    0.137326 12752.296109
    0.136231 12406.986886
    0.135435 13114.705781
    0.135395 12531.162693
    0.135191 13392.125293
    0.135598 12729.353334
    0.135620 12970.357757
    0.136086 12269.804800
    0.136000 12435.368877
    0.137006 12803.927317
    0.137155 12277.737528
    0.136879 13014.115773
    0.136095 12476.418300
    0.136927 12122.808910
    0.135435 12948.859686
    0.135348 11996.583115
    0.135595 13281.749519
    0.134169 12574.465457
    0.135517 12840.347209
    0.135048 13141.376674
    0.135710 13191.256267
    0.136615 12405.015168
    0.136030 12693.556510
    0.135260 12662.409868
    0.135097 13100.416208
    0.134688 11995.351304
    0.136146 12802.221807
    0.136133 13218.239994
    0.136321 12822.825843
    0.137350 12732.346710
    0.137349 12000.958737
    0.136706 12875.900086
    0.136816 12226.309594
    0.135917 12757.962050
    0.136093 12882.458225
    0.135599 13010.281071
    0.135594 12559.769690
    0.135252 11994.605047
    0.134959 11982.445056
    0.135942 12263.638967
    0.136341 12858.298560
    0.135245 13431.732053
    0.135432 13567.780449
    0.136348 12705.099505
    0.136566 13041.179745
    0.137398 13184.454032
    0.136370 13410.419666
    0.136774 13615.507389
    0.137310 11637.175757
    0.135850 12924.677283
    0.135231 12908.208089
    0.134064 12720.460478
    0.134420 12843.477894
    0.133863 13061.691481
    0.135383 11658.604247
    0.135213 12526.741713
    0.135119 12064.162874
    0.135560 12510.801990
    0.135488 12893.114751
    0.134801 13293.217222
    0.134131 13310.512118
    0.133877 13300.932523
    0.134872 12588.444775
    0.134550 12700.703572
    0.133896 13456.905268
    0.134626 12841.631363
    0.134800 12546.274502
    0.133797 12918.234773
    0.134488 12741.575768
    0.134079 12237.997821
    0.132677 11993.426440
    0.132545 12448.725394
    0.132277 12078.577908
    0.131724 12504.341001
    0.132816 12889.571463
    0.132398 12356.698957
    0.131970 12136.792861
    0.131489 12390.002003
    0.130688 12645.869211
    0.131360 13214.393535
    0.130867 12979.277722
    0.130201 12757.554106
    0.130893 12335.847257
    0.130357 13050.029259
    0.130374 11313.574870
    0.131184 12610.068122
    0.131231 13028.206494
    0.130961 12116.696633
    0.130306 13349.337458
    0.131022 12911.747247
    0.131108 12485.043773
    0.131732 13286.891667
    0.132463 12277.964038
    0.132944 12217.067974
    0.133291 12793.339822
    0.133597 12572.825907
    0.133680 11738.457498
    0.133537 13350.800874
    0.133657 13125.721357
    0.134383 13013.159091
    0.134699 12296.240424
    0.133812 12363.145699
    0.134084 12114.262741
    0.135308 13003.404598
    0.134455 12456.749168
    0.134889 13143.224705
    0.135896 12814.510555
    0.135477 12915.451614
    0.135300 12563.145441
    0.135099 13055.361421
    0.135267 13251.060173
    0.134229 12784.953361
    0.133857 12702.491916
    0.133896 12586.243486
    0.133887 13239.844146
    0.134117 12180.649719
    0.135025 12605.729326
    0.135204 13098.864425
    0.135817 12319.205757
    0.135365 13103.003957
    0.134289 12595.904675
    0.134965 12815.372845
    0.135331 12649.244805
    0.134811 13230.653065
    0.134542 13322.187827
    0.134923 12230.801349
    0.135893 12755.398933
    0.136029 12634.960115
    0.135311 11974.521655
    0.135111 12662.046473
    0.135715 12633.017736
    0.136278 12012.652853
    0.137351 12255.922480
    0.137354 12165.189422
    0.135531 12182.749183
    0.135604 12636.858682
    0.136014 12547.297032
    0.135664 12255.388090
    0.136062 12454.174975
    0.134762 13270.654030
    0.134553 12091.502315
    0.133951 12970.409162
    0.134525 12277.981344
    0.135979 12465.408732
    0.136392 12234.231050
    0.137314 12815.994164
    0.136760 12412.213546
    0.136610 12541.408489
    0.135632 14259.019051
    0.135178 12971.945802
    0.136085 12467.427373
    0.137155 12790.260352
    0.136924 12956.424059
    0.137579 12696.156168
    0.137818 12269.659773
    0.137236 12664.872112
    0.137932 12389.292227
    0.139693 11911.093964
    0.139341 12027.246785
    0.139522 12448.630856
    0.140723 12999.737638
    0.141609 12394.472519
    0.140928 12725.675543
    0.141002 12774.374563
    0.141164 12355.727824
    0.141596 12548.635763
    0.141574 13010.276928
    0.141504 12865.939170
    0.141850 12960.660517
    0.141551 12050.407040
    0.142131 12085.078344
    0.141754 11764.171461
    0.142511 12723.914308
    0.141577 12490.299491
    0.140968 12672.196510
    0.140957 12766.638787
    0.140662 12351.599556
    0.140902 12465.204382
    0.139746 12658.798798
    0.139037 12601.467415
    0.139411 12539.474692
    0.139161 12144.641272
    0.140201 12009.521655
    0.139932 12463.608843
    0.141655 12317.297919
    0.140846 11972.686198
    0.141167 11885.637248
    0.142080 12457.318918
    0.143663 12041.923896
    0.142170 12191.151664
    0.143810 12589.925343
    0.144771 12020.521740
    0.144692 11984.564078
    0.144267 11972.805087
    0.144622 12483.873758
    0.144023 11759.016800
    0.143197 12787.480654
    0.143849 12733.105835
    0.143804 12402.355636
    0.144370 12078.255740
    0.143941 12549.541818
    0.143708 11651.226291
    0.143133 13052.889274
    0.143855 11936.329336
    0.142974 12757.994628
    0.141846 12075.435953
    0.141767 12445.796541
    0.141267 12296.105722
    0.141523 12978.865236
    0.142496 11855.010943
    0.142033 12795.837448
    0.141608 13738.767495
    0.142063 12267.564993
    0.143191 12496.887863
    0.142798 12485.131823
    0.143174 12223.162452
    0.141648 12702.115211
    0.141971 13508.928494
    0.141263 12413.534444
    0.141393 13172.835046
    0.142007 12732.334597
    0.141856 12479.987115
    0.143289 12887.157662
    0.144031 11910.196451
    0.143990 12896.991031
    0.143373 12324.874899
    0.143639 12198.243816
    0.143316 12800.724867
    0.143694 11997.632225
    0.142919 13207.062940
    0.144548 12638.859041
    0.143281 12918.849097
    0.145274 12935.492841
    0.145246 13347.128205
    0.146492 12016.490096
    0.146038 12597.717326
    0.145267 12504.592029
    0.145099 12186.687436
    0.144524 12397.158787
    0.145550 13553.414712
    0.145335 12261.199869
    0.145020 12721.027623
    0.145682 13150.826325
    0.145067 12560.018599
    0.144103 12152.120948
    0.144228 12327.933018
    0.143313 13007.183173
    0.141546 12967.658278
    0.142412 12931.119714
    0.141836 12463.191153
    0.141332 12682.395533
    0.141238 12742.511447
    0.140898 12551.561397
    0.141191 12499.739337
    0.141812 12788.730899
    0.141035 12247.972908
    0.140718 12345.373254
    0.141606 11758.690577
    0.141609 12632.069927
    0.142564 12325.983755
    0.143015 12120.725036
    0.141979 12615.774976
    0.143298 11931.773596
    0.143190 11852.461400
    0.142429 13007.682106
    0.142745 13036.968424
    0.141672 12807.253944
    0.142430 12169.341367
    0.143536 13021.853347
    0.145114 13118.481882
    0.144956 12895.352894
    0.145309 12562.301225
    0.144692 12133.989665
    0.145770 13332.801331
    0.144750 13123.295050
    0.145453 11885.140271
    0.145585 12454.013692
    0.146233 12635.863245
    0.147137 11757.675079
    0.146749 12287.561931
    0.147064 12550.099659
    0.145814 13001.392507
    0.145880 12113.330056
    0.145629 11804.039558
    0.145869 12145.057298
    0.146645 12844.488675
    0.148143 13385.241466
    0.147381 13200.016863
    0.147813 12483.368464
    0.147370 12769.915877
    0.147257 12296.055358
    0.147112 13013.768770
    0.146455 12278.913950
    0.147160 12955.373035
    0.147010 12748.724625
    0.147000 12214.603810
    0.147855 12020.960611
    0.148071 12550.180913
    0.147649 12362.528872
    0.147675 12365.946038
    0.146818 12503.020144
    0.145990 12652.729110
    0.144529 13243.745273
    0.143644 12923.909993
    0.143943 13655.978359
    0.142985 13002.984893
    0.144379 13215.984168
    0.144087 12321.075486
    0.143256 12921.505598
    0.143945 13054.669742
    0.143545 11936.986630
    0.142835 12271.997749
    0.142948 13150.071535
    0.143265 12991.603546
    0.142620 12061.668498
    0.142586 12873.128581
    0.142571 12381.458181
    0.142551 12602.643655
    0.142506 13074.523052
    0.141443 12611.581203
    0.142213 12221.670133
    0.142510 12719.142395
    0.142398 12646.087644
    0.141978 12431.900700
    0.142110 13135.015828
    0.142449 12546.546731
    0.140936 12317.085301
    0.141859 12447.691328
    0.142947 12389.213870
    0.142550 11739.117311
    0.143837 11616.933495
    0.142282 12214.516941
    0.142352 12350.881346
    0.142052 11800.720727
    0.138007 12874.001341
    0.138014 12494.638846
    0.139019 12146.876115
    0.139001 12491.429292
    0.139957 12844.256299
    0.141099 11965.110892
    0.141285 12294.661543
    0.141166 12597.784862
    0.141480 11758.731637
    0.141405 12188.703871
    0.140213 12115.177909
    0.140898 12546.954566
    0.141097 13158.594157
    0.141425 12159.071652
    0.141395 12561.301653
    0.141391 12386.127310
    0.141610 12758.254611
    0.141693 12349.107491
    0.141636 12323.290764
    0.140467 11564.590509
    0.140769 12897.583251
    0.139034 12811.664690
    0.138968 12367.270456
    0.138108 12427.048289
    0.137613 12566.470871
    0.138259 11802.160105
    0.139214 12672.314096
    0.139773 12280.075261
    0.139335 12293.113107
    0.140795 12127.033654
    0.140294 12481.422282
    0.138710 13270.854829
    0.138939 12671.069259
    0.139844 12728.972949
    0.138893 12273.180833
    0.138594 12726.695339
    0.137907 12401.494887
    0.137650 12913.158031
    0.136818 12713.825271
    0.136596 12992.050712
    0.137418 12904.029397
    0.138079 12273.948819
    0.137955 12706.955685
    0.139037 12617.233450
    0.138647 12999.575492
    0.138879 13138.556100
    0.138024 12215.073715
    0.139103 12696.250533
    0.138401 12776.368285
    0.137675 12838.157966
    0.138537 11703.604313
    0.139217 11973.492120
    0.138751 11877.662432
    0.138242 12624.267867
    0.138932 12539.230187
    0.139336 12891.721462
    0.140207 12813.874047
    0.140808 12776.613398
    0.140240 12525.743532
    0.141358 13225.918720
    0.141587 12352.723199
    0.141268 13378.782728
    0.140723 12716.692436
    0.140850 13057.549562
    0.140723 12422.435231
    0.140082 12805.501341
    0.140681 12009.028510
    0.140661 12248.834792
    0.140822 13494.652232
    0.139762 12086.787320
    0.140684 12555.509308
    0.140659 12782.292037
    0.139598 12554.312213
    0.139649 12221.813495
    0.139368 12267.684865
    0.140352 12194.420088
    0.139263 12742.141928
    0.138692 12862.382666
    0.139113 13027.623446
    0.139051 12752.740093
    0.138625 12500.409786
    0.139317 13059.165898
    0.139691 12459.430255
    0.139116 13442.617418
    0.138386 12701.342099
    0.139573 12692.190092
    0.139250 12913.489792
    0.139520 13276.165401
    0.139837 12278.388788
    0.139800 11673.146834
    0.141404 12624.181205
    0.139777 12129.500658
    0.139418 12322.545597
    0.140927 12961.676313
    0.142260 12751.564161
    0.141256 12993.334793
    0.141145 12493.718129
    0.141291 11884.526557
    0.141789 12246.714775
    0.141601 12645.960166
    0.141748 12912.016799
    0.141491 12557.338162
    0.141798 13185.332576
    0.142201 11981.354693
    0.141236 12579.557336
    0.140953 12631.219599
    0.139660 12729.281684
    0.139526 12287.530631
    0.140085 12566.854121
    0.140201 12262.835156
    0.140995 12228.218113
    0.139619 12476.037804
    0.140345 12464.365899
    0.140622 12245.141526
    0.140345 11916.073848
    0.140612 12474.596031
    0.140769 12501.238446
    0.140475 12100.691167
    0.139899 12676.842222
    0.138912 12144.804070
    0.138875 13262.323993
    0.137997 12406.087348
    0.137666 12987.368535
    0.137016 12402.904903
    0.137874 12976.656239
    0.138674 12476.428443
    0.136571 12968.455004
    0.137178 12920.669057
    0.136867 12741.381177
    0.135493 12349.099482
    0.135666 12675.696872
    0.135998 13335.010279
    0.135895 12732.737859
    0.134453 12714.164352
    0.134000 12438.309032
    0.135122 12835.738996
    0.135140 11946.679125
    0.134713 12207.478552
    0.133897 12608.942290
    0.134572 12958.470254
    0.134905 12928.377743
    0.134708 13324.476604
    0.135125 12520.933846
    0.136086 12058.357437
    0.136366 13173.896967
    0.136621 13034.469666
    0.135602 13041.728604
    0.135714 12299.036495
    0.135774 12776.490087
    0.135554 13598.908124
    0.137182 13046.389611
    0.137324 12429.009800
    0.137979 12035.172232
    0.137698 12609.929430
    0.137222 12781.664595
    0.136751 12785.601989
    0.135694 12884.354797
    0.136955 12717.366155
    0.137254 13052.755234
    0.138662 12321.356572
    0.137712 12572.182470
    0.136246 13118.681134
    0.137038 12108.386925
    0.136111 12535.286957
    0.136404 12684.589514
    0.136462 12030.886470
    0.136664 12509.542689
    0.136567 12446.843492
    0.134772 12606.771721
    0.135297 13449.990376
    0.135636 12602.601685
    0.135814 12576.472889
    0.134785 12788.731661
    0.135019 12503.660973
    0.134112 12252.177758
    0.133633 12611.829959
    0.132730 12186.894972
    0.133039 12553.178126
    0.133337 12944.617203
    0.133175 12626.800163
    0.132226 12550.060223
    0.132268 12428.604033
    0.133122 12885.650617
    0.134211 12170.990070
    0.134693 11901.987033
    0.134829 13013.339710
    0.135138 13127.932957
    0.134714 12921.621855
    0.136081 13237.805447
    0.135334 12895.787478
    0.136041 13331.515142
    0.136525 12766.798565
    0.135475 13484.033125
    0.135487 12604.806473
    0.135734 13135.110483
    0.135437 11947.551357
    0.135778 12997.426247
    0.135343 12870.491934
    0.135126 12565.085633
    0.135996 12484.785600
    0.135883 13523.086645
    0.135887 12605.150783
    0.135786 12748.245141
    0.136665 12348.498501
    0.135963 12194.753661
    0.136148 12577.053275
    0.136694 12576.622854
    0.137518 12048.752264
    0.138309 12678.508437
    0.137820 13175.325466
    0.138141 12589.141944
    0.136374 12885.174401
    0.135758 11762.255598
    0.135900 13276.213339
    0.135902 13135.447667
    0.136455 12769.152615
    0.136741 12731.340842
    0.135962 12465.713811
    0.136703 11610.340028
    0.135941 12941.261426
    0.136307 12429.334238
    0.137080 12040.722907
    0.136951 12199.766667
    0.136076 11995.229970
    0.137231 12257.720067
    0.137383 12574.638546
    0.137884 12476.830987
    0.137839 13042.213208
    0.138053 12680.343440
    0.137312 12625.975531
    0.136769 13508.645428
    0.137571 12282.035212
    0.137483 11796.258254
    0.137984 12162.320542
    0.136133 11915.087490
    0.136015 11903.181127
    0.138116 12834.919103
    0.138701 12714.737696
    0.138959 12923.171567
    0.139910 13378.726291
    0.139396 12781.165054
    0.138472 12919.388970
    0.139113 12169.304435
    0.139752 12523.286549
    0.139631 12341.989239
    0.140258 12956.321217
    0.140021 12769.836293
    0.141545 12524.502829
    0.140445 12169.735407
    0.140611 12663.844278
    0.140125 13209.614428
    0.141133 12306.796913
    0.142949 12840.133752
    0.143928 12473.988228
    0.144106 12815.108482
    0.146027 12756.456883
    0.146001 12761.086384
    0.146555 12349.023242
    0.145755 12571.075638
    0.145605 12814.708950
    0.146860 13454.349004
    0.146807 12448.413459
    0.146975 13085.657513
    0.147056 12919.456894
    0.147392 12750.156463
    0.147912 12843.133382
    0.147284 13551.790329
    0.146724 12335.855599
    0.146587 12267.348522
    0.146485 13198.343033
    0.147076 12539.203302
    0.147531 12177.160342
    0.146823 12814.979766
    0.146193 13500.550090
    0.146641 12872.103868
    0.145611 11953.700717
    0.144231 12475.155831
    0.144365 12454.247943
    0.144209 13208.748102
    0.144795 11998.644567
    0.146317 12857.816703
    0.146760 12466.595477
    0.146640 13090.485835
    0.146970 13483.184847
    0.148175 12474.699222
    0.148452 13138.047672
    0.147407 12564.042834
    0.145540 12925.887377
    0.146457 12596.347623
    0.144736 12553.203241
    0.144988 12681.783950
    0.144942 12023.022849
    0.145074 13286.328339
    0.145095 12592.901850
    0.145124 12138.967281
    0.145005 12746.072516
    0.145821 12732.461411
    0.145132 12441.638441
    0.145303 12684.438601
    0.144091 11922.008285
    0.144160 12995.904102
    0.144642 11657.569859
    0.145376 12463.096021
    0.146672 13365.185870
    0.146394 12830.722192
    0.147211 12647.577595
    0.147614 12385.108585
    0.146828 12732.671311
    0.148887 12718.694353
    0.148474 12656.123176
    0.147948 12609.339153
    0.147828 12580.918068
    0.146417 12517.099324
    0.146965 11800.281768
    0.146724 13077.267160
    0.146745 13067.617620
    0.147493 12794.201867
    0.147473 12335.373363
    0.148900 12196.790803
    0.147188 12469.416084
    0.145088 12600.599190
    0.144503 12648.083819
    0.144294 13138.796557
    0.144875 12774.890961
    0.144518 12977.915404
    0.144641 12635.014998
    0.145784 12736.844711
    0.146806 12702.068502
    0.146804 11846.095904
    0.145724 12772.031641
    0.145829 12113.878926
    0.146431 12521.722990
    0.147081 12680.063010
    0.146470 11677.153233
    0.146478 13021.144890
    0.146911 12299.883193
    0.146875 12588.940397
    0.147312 12669.041618
    0.146726 12955.125655
    0.146371 12452.462660
    0.147564 12133.178124
    0.145686 12448.470917
    0.146547 12369.429823
    0.146068 12398.610716
    0.145905 12626.642330
    0.144979 12649.953059
    0.144865 12897.152173
    0.144575 13362.911719
    0.144510 12701.538898
    0.143876 12379.105570
    0.143518 13222.767421
    0.144156 12855.725381
    0.145478 12322.698941
    0.144619 12675.536100
    0.145089 12202.675485
    0.144877 12290.430139
    0.144531 12193.830034
    0.143843 13689.076657
    0.143665 12350.780155
    0.144563 12304.640815
    0.144293 12694.185535
    0.143722 12840.901680
    0.142865 12970.464660
    0.143131 12376.346889
    0.143336 12284.453027
    0.143213 12052.030307
    0.142889 12685.353484
    0.142831 12689.871089
    0.144038 11899.172584
    0.143481 12868.290776
    0.143097 12887.365952
    0.143529 12187.281579
    0.144833 12526.757790
    0.143808 12986.823816
    0.143582 12344.838850
    0.142643 11591.331502
    0.142583 12688.160111
    0.142539 13193.585462
    0.143508 12337.723176
    0.142099 12452.269002
    0.143106 12656.787819
    0.141337 12408.487905
    0.141529 12201.731145
    0.141026 12470.883858
    0.142095 12945.729466
    0.141605 12570.219321
    0.140744 12898.354170
    0.139982 12904.827511
    0.140577 13102.914164
    0.140789 12477.948004
    0.140321 12389.611215
    0.140616 12518.322293
    0.140948 13076.949856
    0.142418 12421.798767
    0.141541 12525.445533
    0.140961 12543.774057
    0.140302 12853.432235
    0.140547 12642.354644
    0.140820 12596.734958
    0.141648 12802.359877
    0.141672 12874.966908
    0.141515 12387.343495
    0.142471 12630.671218
    0.142258 13330.828688
    0.142087 12297.096845
    0.142995 12382.463255
    0.142712 12644.994249
    0.142777 12361.858826
    0.142643 12795.006544
    0.140720 12406.285335
    0.140337 12267.611530
    0.140847 12513.716177
    0.142129 12514.783374
    0.141679 12273.914758
    0.142519 12692.057502
    0.142785 13202.546573
    0.142585 12649.645856
    0.142852 13031.039965
    0.141975 12035.275104
    0.142190 12628.166717
    0.141568 12950.242131
    0.141690 12454.230714
    0.139835 12283.820682
    0.141044 12060.333280
    0.140376 12529.259140
    0.140320 12589.859162
    0.139889 12394.275207
    0.140717 12088.561435
    0.142157 12536.430800
    0.141820 12408.860770
    0.141657 11857.898926
    0.140993 12592.700247
    0.140159 11964.532629
    0.139726 12764.848871
    0.140909 13165.654219
    0.140551 12847.642628
    0.141397 13537.245447
    0.141760 12017.766476
    0.141122 12725.742107
    0.140492 12162.362567
    0.140996 12448.909214
    0.140987 12253.336951
    0.140324 12874.067982
    0.138831 12361.290597
    0.137441 12402.649865
    0.138094 12177.709328
    0.138196 12220.595674
    0.137448 13316.698315
    0.136550 11919.576055
    0.136659 12188.329532
    0.137328 12902.761285
    0.136352 12980.280725
    0.136325 12176.739228
    0.135299 12723.011851
    0.135824 12625.506707
    0.135244 12106.514064
    0.133615 12543.918523
    0.135663 13060.298839
    0.135184 12650.201244
    0.134407 12723.745189
    0.134742 12335.750969
    0.134747 12175.383614
    0.135063 12073.466114
    0.135327 12569.572688
    0.135384 12508.763488
    0.134087 12678.096515
    0.134553 12818.436916
    0.134382 13130.733126
    0.134819 12297.938611
    0.134950 12392.690182
    0.134767 12332.638136
    0.134714 12538.740668
    0.133673 13094.724441
    0.133285 12465.142978
    0.134041 13386.358999
    0.133949 13170.790443
    0.133949 12262.421875
    0.133228 13140.409901
    0.133183 12428.586464
    0.133886 12587.918365
    0.134368 12150.334249
    0.134502 12378.179155
    0.134217 13824.778295
    0.134702 12084.674904
    0.134907 12137.566425
    0.135495 12206.056981
    0.136054 12319.398157
    0.136638 12701.898248
    0.136325 12902.294547
    0.136250 12555.018439
    0.135233 12480.929319
    0.134639 13269.558416
    0.134977 12780.984826
    0.134535 12815.832260
    0.134543 13204.603235
    0.134348 12487.725607
    0.133119 12951.120302
    0.134378 12847.725352
    0.134868 13122.601787
    0.135515 11861.690982
    0.135750 12360.890567
    0.135475 13218.193628
    0.135569 12403.223393
    0.136720 12513.733356
    0.137251 12747.936047
    0.136256 12757.350367
    0.137127 12699.190779
    0.138639 13149.118922
    0.138124 12886.062836
    0.138464 12462.767257
    0.137927 11714.140567
    0.139139 12877.610876
    0.140161 12306.331336
    0.139526 12640.695539
    0.139925 12595.405761
    0.140235 12607.632881
    0.139701 11978.524457
    0.140246 12101.579232
    0.139946 12429.587051
    0.140590 11823.043897
    0.139943 12226.708625
    0.139324 12826.713930
    0.139013 12404.826242
    0.138651 12844.126325
    0.138422 12291.777545
    0.138942 12585.341059
    0.139942 12857.054797
    0.137656 12251.228410
    0.137906 11904.446868
    0.137191 13450.983864
    0.138286 12974.196632
    0.138512 12162.442472
    0.138717 12850.454864
    0.138753 12111.370350
    0.138010 12944.960301
    0.136645 12968.358874
    0.136543 12578.318684
    0.136664 12768.347392
    0.137190 12870.686606
    0.137137 13010.000744
    0.136548 12232.692317
    0.136637 12091.744008
    0.137379 12752.105643
    0.138030 12857.032850
    0.137988 12185.551580
    0.138592 12912.842931
    0.139188 12817.835976
    0.139169 12043.171080
    0.138075 12795.883811
    0.138483 12457.582917
    0.137884 12174.286953
    0.136727 11928.977206
    0.136926 12461.778584
    0.136551 13164.216963
    0.136397 12798.009188
    0.135337 12417.814369
    0.134903 12020.706445
    0.135305 12224.123852
    0.134579 12978.454538
    0.134760 11410.022768
    0.134893 11687.736490
    0.134370 12955.766160
    0.134580 13003.232112
    0.135092 12499.370994
    0.133857 12565.990345
    0.134455 13519.354051
    0.134933 12181.946046
    0.134962 13273.512459
    0.134449 12977.601677
    0.134055 12094.945639
    0.134621 12031.860244
    0.134732 12434.677068
    0.135091 12528.696132
    0.135958 11918.619662
    0.136944 12875.853187
    0.136947 12691.140862
    0.138179 12954.514308
    0.138209 12060.327270
    0.138050 12130.650428
    0.138282 12199.097351
    0.138720 12986.224225
    0.138157 12761.625687
    0.138240 12368.119088
    0.139498 12637.388690
    0.138249 13426.717547
    0.138065 13058.628435
    0.136988 12330.228041
    0.137856 12824.784110
    0.136726 12481.747709
    0.137350 11778.706599
    0.135445 12298.522495
    0.134960 12683.518938
    0.135688 12534.558102
    0.135133 11947.728340
    0.135263 13093.271678
    0.135282 12005.569376
    0.136974 11721.111795
    0.137316 11596.869320
    0.138543 11906.217465
    0.138320 12279.203349
    0.137927 12298.176257
    0.136185 11637.740069
    0.134977 13563.435143
    0.134486 12752.483275
    0.134939 13236.763606
    0.135002 12602.822220
    0.134320 12355.062312
    0.135055 12732.102226
    0.136719 12361.968412
    0.136572 12590.445881
    0.137091 12540.913109
    0.137539 11981.622925
    0.136780 12340.920808
    0.136893 11927.315779
    0.137822 12107.020313
    0.135821 11987.596681
    0.136395 11713.409533
    0.136061 12534.068645
    0.136169 12714.325073
    0.138178 12854.612559
    0.138840 12672.562054
    0.139047 12136.664449
    0.139895 12228.186045
    0.140286 13096.384034
    0.139398 12229.668597
    0.138062 12717.469653
    0.137885 12885.890890
    0.138150 12995.995258
    0.138245 12842.344463
    0.138031 12020.795549
    0.138247 12337.420874
    0.137988 13421.117058
    0.138594 12198.565792
    0.136393 12735.231901
    0.136733 13001.389953
    0.136871 12594.834938
    0.135645 12387.228483
    0.136270 12865.724677
    0.136794 12766.007631
    0.135718 12668.838720
    0.133982 12205.229224
    0.134074 12789.423288
    0.134057 12206.578640
    0.135261 13098.309332
    0.135500 12423.257834
    0.135669 12083.928536
    0.135915 12691.906297
    0.136303 13251.054991
    0.135486 11913.999584
    0.135267 12843.809572
    0.135086 12297.942644
    0.135754 12569.260432
    0.136610 13081.618498
    0.136464 13061.245922
    0.136163 13699.715857
    0.136048 12948.792562
    0.136318 13476.557959
    0.135363 12109.676305
    0.136013 12466.327342
    0.136255 12844.756411
    0.135099 12252.236225
    0.135141 12108.385407
    0.134782 12871.895714
    0.134237 12758.553910
    0.134512 12988.298272
    0.134020 12525.396755
    0.134900 12890.078257
    0.134842 12640.524943
    0.134934 12721.755552
    0.134396 12381.801884
    0.133959 12722.124466
    0.134756 12698.220940
    0.134312 12731.610713
    0.134130 12040.917406
    0.132891 12140.146542
    0.132539 12547.100003
    0.132987 12197.693620
    0.132726 12342.384175
    0.133225 13533.937104
    0.133004 12815.608075
    0.133759 12625.983756
    0.133854 12826.956911
    0.133131 12392.649218
    0.132759 12080.399095
    0.132833 13077.251905
    0.132875 12445.182143
    0.132732 12573.116409
    0.132207 12568.923332
    0.132796 12879.990395
    0.131911 11906.003046
    0.133323 13082.746981
    0.131396 12825.919667
    0.132062 12592.568001
    0.132330 13142.007901
    0.132043 12248.039642
