  31.787825 8232.426562
  24.778929 8224.203409
  48.057296 8236.248576
  44.109013 8230.081775
  41.488130 8227.337277
  66.241219 8221.175913
  50.906900 8223.538040
  58.464215 8232.045219
  49.657319 8234.201250
  53.770179 8232.302566
  48.909138 8236.762438
  41.078075 8238.284257
  32.494643 8226.988977
  33.487853 8225.990246
  36.838532 8234.021119
  54.872020 8231.934956
  71.898932 8223.873103
  38.643006 8228.902374
  60.863289 8229.754317
  42.149654 8234.934145
  32.284377 8229.053589
  33.394907 8229.987999
  67.666529 8227.488088
  44.617952 8226.708044
  56.406637 8231.486036
  35.488739 8237.387148
  50.440415 8231.667740
  46.235110 8227.606521
  50.429609 8225.489231
  33.111032 8225.482408
  48.336263 8225.762367
  58.545695 8234.231001
  50.539247 8234.352525
  23.978747 8229.759091
  33.704622 8232.819104
  44.860289 8230.167221
  33.161309 8231.959926
  32.171956 8236.534770
  41.584324 8235.455179
  59.964253 8229.918854
  47.315019 8229.460147
  41.547958 8238.715922
  26.690439 8229.213853
  72.592875 8234.805230
  42.426753 8228.240285
  27.053493 8224.152963
  30.504914 8224.763218
  22.513198 8234.310360
  22.405199 8232.106905
  46.804756 8240.476646
  36.765607 8234.130662
  67.619855 8232.746935
  44.638869 8233.821156
  39.832265 8233.739011
  34.691773 8237.948797
  23.562872 8235.419349
  30.837295 8235.172919
  18.613602 8227.341532
  21.887050 8239.105662
  25.607889 8225.075218
  34.922639 8221.327400
  30.602930 8226.571699
  17.289446 8236.760649
  22.088208 8240.948560
  24.658526 8237.901236
  32.998164 8230.473577
  60.381858 8232.455938
  30.206368 8238.658767
  38.152760 8237.671238
  38.627195 8231.570918
  41.325925 8232.881068
  54.607812 8242.599035
  53.407487 8239.596747
  29.800130 8228.757898
  40.028673 8230.441173
  40.383749 8237.340199
  19.735863 8228.295522
  68.002928 8229.249806
  35.006831 8232.552580
  41.596735 8233.684079
  38.217619 8225.525458
  33.674704 8227.502237
  19.586041 8237.577695
  16.389644 8224.965306
  18.845927 8225.846089
  56.809054 8234.130779
  45.903185 8234.690123
  41.359123 8237.967332
  14.339982 8236.784204
  21.928771 8238.460251
  18.559773 8240.108415
  45.243155 8238.612033
  38.597721 8237.162030
  39.198604 8230.278972
  34.089362 8224.971489
  46.807056 8227.422477
  48.950389 8232.896034
  54.173563 8236.646545
  35.230976 8231.079063
  48.958169 8234.950135
  56.770345 8235.012190
  55.157449 8233.002888
  47.292329 8235.252815
  29.082808 8237.616711
  33.577562 8233.469235
  27.746430 8239.156363
  46.094571 8231.318484
  45.229104 8228.597497
  62.441426 8227.775374
  70.676486 8231.992449
  49.581161 8226.211068
  38.243993 8231.805090
  39.886612 8228.046362
  49.537408 8232.599945
  50.722817 8230.296278
  52.862553 8237.621185
  38.294034 8235.346795
  69.346251 8236.639401
  39.613902 8232.107749
  29.256292 8232.840591
  45.338587 8236.412717
  31.959701 8235.415992
  17.528139 8237.470867
  22.043533 8230.739837
  15.783269 8226.205802
  21.874972 8232.456684
  33.019619 8233.682776
  65.888478 8231.287614
  55.957973 8236.237082
  30.788425 8235.870311
  38.041962 8222.132619
  57.759820 8226.811260
  50.971385 8228.933923
  34.208495 8229.022035
  42.455705 8228.984529
  37.280739 8227.775186
  15.469714 8225.010526
  33.657274 8229.804045
  53.162544 8220.507992
  35.725680 8224.744243
  40.534231 8230.703124
  18.032634 8233.117244
  27.183165 8230.412615
  35.593163 8219.604436
  18.186788 8231.922320
  24.407423 8221.276195
  32.979428 8225.192729
  54.941953 8222.190875
  27.354440 8224.548602
  15.404046 8222.236199
  19.380095 8222.818746
  17.971224 8224.747714
  18.248551 8223.561169
  21.586037 8222.765043
  29.866091 8218.937862
  23.935396 8231.837662
  29.255541 8223.046240
  32.302283 8224.016183
  58.099465 8225.129968
  21.954515 8222.605209
  45.788188 8220.330276
  21.511081 8229.553929
   3.578665 8230.104330
  23.881259 8225.468983
  40.894870 8231.108798
  43.638830 8231.250591
  25.823156 8223.839702
  32.219283 8224.535535
  55.115754 8226.844018
  48.353781 8231.345036
  78.841230 8234.514210
  52.228566 8230.579660
  85.724500 8234.437353
  54.744068 8227.680284
  29.599037 8225.291439
  34.040206 8218.343324
  56.265950 8216.419870
  61.104392 8224.606018
  30.273079 8217.877917
  38.106393 8227.730940
  37.258593 8228.488738
  50.197353 8228.052359
  32.025976 8225.588023
  42.425127 8228.754381
  56.281905 8218.340365
  49.411446 8232.249623
  37.373916 8224.463899
  60.205954 8218.919296
  56.828889 8232.091076
  76.856300 8225.679109
  80.547894 8228.859524
  39.948471 8218.641931
  33.890407 8213.078730
  29.404433 8219.708467
  40.080414 8222.075387
  41.196531 8223.760306
  42.410793 8234.922652
  54.550530 8226.591334
  44.367939 8224.253173
  31.817522 8230.336146
  39.390317 8228.318544
  48.821730 8225.825117
  56.870574 8226.838980
  30.564710 8227.194550
  32.618836 8225.057635
  46.512696 8228.706554
  31.321084 8230.049068
  52.802239 8229.849632
  29.562914 8224.685871
  15.430087 8228.447255
  52.035087 8228.274205
  40.101209 8230.009491
  35.039809 8224.022284
  52.037157 8230.416889
  17.346064 8223.247947
  31.024890 8229.683075
  62.840042 8228.321230
  29.410202 8230.950668
  50.518096 8229.277421
  39.491568 8227.645357
  32.853531 8233.308219
  42.471938 8236.054145
  50.080025 8227.681067
  47.197093 8226.394818
  21.568731 8228.670416
  31.210858 8221.708090
  29.434246 8221.247580
  24.178890 8224.031317
  29.276654 8225.445916
  46.493801 8225.244552
  60.206520 8226.943903
  51.227580 8222.588565
  46.292858 8228.865226
  69.330927 8229.800479
  36.905990 8229.977456
  30.900985 8229.534375
  40.725122 8226.654000
  49.438249 8228.591264
  75.757319 8223.566621
  43.729737 8229.192480
  34.282815 8235.135153
  16.516974 8226.138644
  24.992222 8223.013126
  18.716884 8218.987377
  37.102244 8227.252494
  40.045765 8230.717129
  35.772574 8235.450695
  37.804212 8238.074178
  44.457044 8233.178260
  31.946270 8237.537952
  20.303282 8234.231255
  42.492919 8233.659150
  32.034791 8231.125224
  52.399100 8239.064067
  45.732685 8232.836301
  42.757371 8227.142626
  50.032673 8232.215391
  41.359272 8234.656342
  55.941156 8227.754862
  52.601237 8216.408286
  84.549521 8233.471352
  74.979184 8235.565870
  60.423296 8229.504537
  51.257711 8220.221661
  30.410098 8224.119463
  34.014624 8226.350199
  40.360433 8227.520702
  29.090980 8229.409560
  23.628387 8229.032812
  24.789852 8228.350947
  56.596946 8230.283274
  37.448986 8234.107602
  16.079981 8233.980330
  18.135666 8228.739402
  37.425365 8222.508220
  47.097224 8231.410388
  54.952250 8228.725767
  47.237018 8232.331297
  56.225491 8227.605118
  78.224878 8233.972272
  91.085885 8222.916302
  76.194437 8228.005005
  56.696312 8231.464591
  70.876575 8214.045401
  63.554956 8228.242498
  75.297113 8229.162526
  64.283505 8227.653112
  63.388194 8228.385604
  42.365446 8223.365862
  33.045611 8235.120653
  42.099549 8230.024456
  47.720583 8236.478862
  41.623727 8232.600236
  48.448246 8238.487764
  65.452191 8232.270479
  45.048616 8231.801766
  29.416523 8232.954931
  58.285235 8236.188375
  39.739536 8233.638236
  29.981876 8233.322475
  34.152577 8231.620186
  46.351519 8234.430910
  39.306334 8224.185496
  53.210457 8229.171378
  47.607383 8234.536702
  46.820179 8233.294766
  51.822361 8230.435964
  41.149005 8225.387662
  48.715695 8230.871036
  45.323766 8225.697060
  59.052666 8234.152283
  69.190794 8222.623162
  47.484884 8229.000054
  75.116148 8230.868199
  31.929341 8215.733314
  30.917726 8218.055113
  32.433131 8226.417923
  16.650717 8227.582274
  50.322313 8221.800441
  60.436612 8224.757632
  37.841857 8225.979359
  48.312093 8223.220718
  31.480774 8219.460714
  23.018064 8226.325019
  49.704415 8225.413979
  58.986343 8223.001679
  31.678215 8225.403195
  31.328784 8224.174409
  30.090077 8224.657512
  49.786449 8230.354538
  72.010247 8231.091237
  53.405916 8233.895517
  40.774752 8225.928858
  55.909770 8227.049167
  49.950849 8227.767134
  37.628189 8233.797392
  30.024842 8228.976234
  56.033821 8226.970976
  76.354892 8227.363802
  55.493845 8223.860641
  66.615779 8227.405729
  28.503281 8225.083741
  39.898480 8220.848187
  35.883180 8224.367134
  27.414141 8220.190201
  18.913301 8224.098198
  22.512328 8233.761029
  27.908415 8226.437655
  35.630470 8224.574678
  45.864634 8222.982711
  38.751172 8230.100111
  31.963969 8223.257787
  38.762799 8231.987323
  32.605060 8227.251275
  49.845642 8227.691725
  36.655693 8230.580732
  18.296082 8233.057820
  39.979455 8236.221807
  44.402348 8223.141694
  44.379331 8228.311901
  51.356315 8225.701225
  20.054445 8223.565425
  55.420581 8220.933258
  39.025600 8227.028035
  49.929268 8214.203077
  62.829835 8216.549857
  54.636347 8222.584134
  35.548840 8232.878445
  48.879107 8228.862128
  25.983205 8223.140688
  39.699714 8223.914784
  55.063113 8225.774079
  66.358869 8230.910292
  42.575851 8229.726414
  45.899005 8229.991881
  43.583812 8220.451153
  34.592926 8229.199140
  49.941577 8228.901821
  43.233540 8225.019738
  33.408757 8225.287506
  44.461679 8224.169162
  38.124963 8225.031868
  48.945508 8228.472399
  38.755376 8226.866445
  35.496092 8225.358071
  53.955612 8233.032579
  51.264620 8230.816600
  64.436635 8234.493773
  44.061786 8236.295340
  50.913672 8228.685033
  44.851049 8231.192054
  36.793504 8233.845613
  36.994919 8220.860395
  40.143287 8239.616683
  66.380014 8230.504456
  49.897721 8229.383916
  59.910317 8234.006155
  62.758058 8241.319827
  68.077805 8233.913328
  57.376292 8232.938111
  39.129270 8233.155001
  61.077954 8231.684016
  27.095775 8224.840463
  44.307828 8235.652190
  48.939216 8228.288054
  67.407544 8229.234452
  50.614523 8228.933728
  36.779348 8232.052187
  43.218472 8228.134981
  35.366689 8230.000242
  38.844713 8235.973421
  43.262782 8231.150192
  43.551615 8229.853853
  42.824831 8239.166779
  56.451964 8233.692897
  78.400388 8222.023668
  49.203205 8227.541190
  73.890629 8226.714933
  47.612201 8233.020887
  53.899084 8233.845982
  43.338203 8229.396175
  52.567443 8232.207422
  83.381742 8232.713742
  57.279636 8230.491412
  34.197995 8237.244886
  12.638330 8232.005791
  16.636725 8231.633905
  32.491931 8235.207803
  41.077357 8224.871675
  65.941989 8232.196649
  44.899767 8233.711573
  44.578061 8226.053854
  24.030258 8227.458917
 106.562375 8219.183971
  36.825376 8230.696281
  63.037537 8229.864976
  62.336692 8235.864746
  16.829268 8227.313654
  29.540146 8226.892702
  63.206107 8238.881773
  39.642001 8230.504457
  49.726305 8228.283163
  41.907453 8228.674590
  55.449748 8227.901098
  36.183749 8226.061299
  33.024605 8225.685998
  33.981834 8232.281839
  29.675654 8224.162626
  41.210521 8228.683085
  38.690303 8230.498385
  26.917379 8226.851856
  24.460899 8226.701177
  53.416675 8227.775845
  53.978723 8224.685097
  46.245064 8230.608535
  25.820675 8229.645968
  64.734185 8228.679853
  30.564207 8223.157923
  20.980981 8233.205834
  21.547140 8229.479103
  20.660065 8226.302402
  29.304846 8230.037893
  29.909602 8225.608448
  23.459253 8226.327435
  22.239657 8222.782720
  47.850073 8231.775223
  42.911013 8228.788076
  35.151056 8234.771691
  38.590922 8231.397894
  69.962368 8219.049968
  26.546585 8230.185772
  48.734918 8231.049829
  27.749048 8231.791863
  55.017474 8228.447117
  66.755620 8220.085945
  50.252333 8232.434224
  44.950718 8227.620450
  57.572909 8229.080315
  48.193135 8234.664115
  32.422331 8233.207585
  48.191762 8230.085881
  41.204311 8234.462084
  51.413725 8231.845031
  35.748994 8232.370805
  45.181123 8235.790272
  58.728235 8226.591123
  44.025431 8239.031094
  29.055110 8233.847445
  51.968414 8232.792127
  17.421396 8231.203001
  44.546392 8233.699371
  30.148877 8232.690190
  25.418982 8227.839969
  34.521581 8226.850041
  31.670945 8228.726278
  61.067484 8228.784248
  50.769367 8230.859553
  49.992014 8222.687629
  40.520129 8232.928690
  64.732244 8234.635519
  41.490778 8224.282984
  45.815857 8228.327532
  41.359384 8220.988746
  41.451829 8231.800966
  43.481248 8228.744146
  44.608800 8231.709214
  29.028117 8232.192572
  28.369784 8234.342004
  59.484336 8232.510805
  40.273071 8227.251766
  31.777085 8239.215250
  50.883979 8229.540796
  51.620259 8236.989201
  49.872242 8236.096220
  79.088242 8239.023750
  45.461350 8229.250093
  50.676072 8234.627165
  67.671728 8238.109069
  39.820590 8237.680935
  54.544946 8238.575321
  36.376372 8230.881070
  46.118983 8235.940741
  19.580540 8238.926623
  24.030258 8235.345135
  47.452105 8228.315420
  43.137432 8237.464609
  39.123751 8227.364037
  21.761907 8225.789782
  26.612321 8226.898341
  30.198497 8237.606673
  21.753402 8234.572988
  26.992199 8236.066377
  39.956445 8231.753673
  46.018687 8232.836178
  34.583975 8231.951960
  34.356688 8234.880620
  41.174502 8233.439905
  19.830344 8234.320828
  36.293092 8235.302487
  30.476714 8237.133053
  35.399625 8231.977019
  22.236443 8238.262955
  44.889805 8234.499378
  28.580307 8231.626305
  66.349059 8228.284530
  43.042520 8228.877399
  40.022551 8232.145593
  30.196960 8238.638840
  31.504762 8237.718778
  43.468311 8230.923379
  63.330452 8236.467762
  68.517087 8220.351566
  62.316763 8239.543767
  10.303882 8234.866854
   7.023030 8223.861516
  21.895244 8231.450714
  24.091155 8228.997778
  54.214612 8236.260551
  20.554341 8213.814139
  39.772500 8229.567557
  43.798821 8240.960097
  40.830333 8240.608266
  68.222902 8240.822721
  52.940026 8239.381033
  57.103309 8240.355685
  44.646888 8235.204207
  45.882177 8230.617023
  56.898695 8236.415472
  40.434866 8235.038484
  47.106031 8225.012143
  50.865351 8230.174165
  76.059824 8228.638267
  43.447159 8228.438097
  40.374588 8240.525558
  50.800538 8225.487968
  71.227478 8232.885211
  61.846149 8236.548131
  58.580098 8233.010042
  51.573768 8238.447513
  77.040347 8238.842026
  61.389467 8242.516231
  26.984220 8241.930309
   9.851559 8235.541143
  85.767408 8237.009218
  69.502948 8230.021095
  57.784248 8239.599320
  69.928549 8233.344425
  61.959102 8234.479060
  77.580918 8233.393927
  82.396346 8226.818015
  88.559661 8227.417443
  32.039107 8232.917559
  46.167346 8230.752523
  38.973618 8225.990850
  58.856116 8234.624040
  69.443476 8226.911389
  74.570142 8236.641487
  46.090550 8229.749557
  53.314426 8228.998605
  61.535828 8227.627238
  33.645548 8232.234766
  60.575951 8237.119406
  42.172839 8218.874633
  45.230454 8234.586534
  53.162809 8234.741506
  33.004875 8228.630166
  28.942442 8227.915014
  18.723509 8223.952851
  57.113664 8214.936917
  51.505828 8221.848430
  47.984776 8212.738528
  51.008484 8222.413909
  36.906732 8226.408588
  42.919378 8226.470230
  49.553478 8228.288119
  50.940109 8230.727766
  61.112451 8227.832385
  54.015469 8224.163262
  70.700335 8221.382404
  58.197642 8222.857806
  35.267669 8227.686301
  57.081224 8223.150883
  44.877952 8217.109309
  57.820334 8222.246267
  44.381370 8221.175173
  39.608577 8219.055215
  25.980785 8218.591456
  27.135278 8213.518543
  43.238948 8211.014580
  19.690871 8223.806052
  42.791591 8221.350543
  60.476047 8214.514282
  52.852873 8224.704610
  34.956009 8227.163745
  35.705721 8223.244803
  65.376536 8220.964039
  64.164326 8229.830024
  63.236700 8229.326835
  37.758144 8232.822575
  47.392752 8223.166637
  34.515291 8229.150717
  25.735660 8225.981005
  55.272450 8231.790222
  45.322528 8222.963054
  38.183689 8229.764463
  79.257708 8234.396337
  62.726046 8225.336176
  26.477742 8224.352009
  38.876960 8226.701206
  26.431960 8225.200006
  24.697716 8224.449579
  41.990694 8223.367287
  28.373788 8220.135693
  33.156955 8227.351531
  30.646294 8211.573206
  41.751485 8216.778176
  50.973801 8222.379723
  32.673955 8218.798129
  39.628798 8216.142889
  39.637939 8219.151456
  37.977466 8225.748468
  34.473196 8220.266425
  49.956693 8221.446486
  43.144098 8209.559745
  51.093271 8218.643731
  54.335000 8212.969324
  35.576609 8222.715513
  89.279697 8219.533031
  57.997322 8216.370165
  63.700719 8220.225211
  78.175270 8223.611752
  48.115423 8219.042745
  48.651928 8224.784729
  51.194135 8218.134169
  30.072072 8222.889167
  30.457428 8215.311575
  30.253817 8221.004287
  55.008697 8222.647490
  33.105844 8228.807011
  68.182578 8225.044671
  77.162977 8232.705997
  51.986511 8226.504651
  58.304619 8231.398276
  32.327814 8234.599328
  49.247632 8227.670011
  46.854365 8223.639372
  42.278606 8224.703380
  59.167306 8233.236272
  65.148318 8233.850731
  49.002230 8224.132338
  15.045877 8229.613460
  17.447014 8227.595499
  18.674046 8224.636642
  23.633287 8224.103623
  25.090141 8223.582457
  58.408071 8223.307623
  42.790464 8222.329173
  16.481547 8221.762127
  18.083761 8220.100979
  32.409934 8219.018871
  35.184470 8223.022961
  29.991023 8210.678260
  21.312407 8222.467564
  25.192582 8215.126243
  46.241903 8224.859402
  59.677412 8218.185423
  32.650585 8216.016947
  56.711067 8220.776753
  63.326234 8217.050895
  37.579887 8214.078337
  49.666340 8214.006938
  64.732139 8220.006020
  26.812679 8213.763276
  40.721637 8217.696953
  20.997806 8218.759198
  34.481742 8224.935562
  51.047122 8223.361933
  67.351190 8218.739640
  47.562233 8224.941007
  46.776853 8219.129788
  39.322698 8223.467763
  59.788296 8225.568390
  22.729613 8229.792069
  28.063956 8227.964651
  47.268194 8235.346340
  59.621276 8229.601108
  44.436001 8234.066951
  34.079702 8230.594615
  35.807163 8237.907234
  43.270767 8237.861483
  34.262607 8221.941697
  39.754184 8228.944286
  38.415142 8223.603653
  43.367334 8229.548161
  69.225114 8235.541472
  38.506460 8230.898819
  37.353977 8226.229916
  62.748182 8226.772066
  44.814491 8233.064434
  42.060918 8232.456463
  40.235415 8235.693390
  46.893005 8231.692598
  48.394181 8227.755524
  63.509369 8235.783447
  47.064651 8236.753066
  64.082023 8226.811859
  48.747770 8229.487146
  34.792086 8227.310897
  35.849870 8231.064890
  23.889739 8223.822406
  21.189444 8225.651268
  40.408224 8221.784390
  28.454822 8223.871135
  39.279011 8221.022212
  31.283105 8230.935754
  15.543000 8228.121128
  22.723822 8220.303427
  45.500362 8231.294358
  29.001488 8224.874805
  36.120170 8225.479741
  29.976833 8228.106859
  60.170345 8222.092181
  46.092544 8227.514461
  33.613138 8229.276834
  51.674267 8231.571630
  50.746282 8223.038901
  39.997922 8222.126776
  10.309286 8223.367862
  40.686737 8222.525305
  45.005945 8215.243697
  36.613616 8221.034201
  12.618201 8228.774879
  41.791279 8222.381138
  40.470267 8232.376169
  48.718014 8224.269763
  48.042014 8221.343673
  40.867344 8230.340436
  81.722272 8227.140669
  38.096392 8228.029683
  41.716169 8226.094129
  29.389118 8222.109275
  36.421850 8227.565272
  56.018711 8228.796663
  53.149230 8227.854806
  41.404434 8232.313622
  41.415527 8226.351498
  27.046625 8232.944753
  34.316911 8230.329580
  59.074283 8233.583986
  47.426954 8229.442289
  38.614734 8230.428179
  53.452884 8228.553327
  34.268598 8229.273187
  35.919971 8229.533267
  40.892860 8231.572201
  26.853337 8223.811214
  55.540474 8227.399243
  20.076049 8223.052532
  32.006879 8222.212553
  38.615542 8217.556879
  53.436527 8224.878297
  32.063585 8217.967237
  51.283164 8221.459804
  51.831182 8222.956998
  49.350937 8228.203377
  52.592842 8232.245125
  47.070089 8226.565160
  51.071952 8225.276799
  33.531743 8216.018443
  56.181597 8218.256751
  18.032130 8223.689187
  11.985676 8224.102315
  30.557163 8215.594865
  17.297177 8221.925586
  25.864393 8224.381648
  40.433555 8222.605415
  36.717606 8228.559337
  12.531577 8229.022153
  11.948880 8223.868205
  45.887414 8217.011102
  35.021700 8229.925260
  43.350155 8224.546492
  48.639098 8217.096651
  22.693150 8224.131142
  51.190578 8225.947252
  32.902129 8219.552604
  31.768606 8223.330615
  28.330177 8222.122717
  26.167147 8212.567279
  54.178328 8223.592327
  38.141593 8224.802777
  60.217334 8219.227211
  50.939096 8224.727088
  44.678821 8230.471788
  46.262253 8219.917488
  41.947944 8224.437599
  49.839530 8222.584879
  36.235719 8220.091753
  54.724652 8225.711182
  57.908685 8217.817878
  30.063435 8223.050112
  38.364178 8222.900539
  39.925606 8226.188215
  58.802304 8225.551107
  29.288466 8232.011403
  48.616089 8230.438642
  25.118646 8224.909068
  44.709441 8226.727527
  24.592468 8227.175193
  46.282856 8232.079264
  64.039636 8222.734129
  37.594888 8226.892700
  16.269685 8234.918300
  19.544915 8227.195528
  53.378684 8231.417509
  31.802818 8225.480381
  28.844560 8228.919354
  35.340520 8225.910322
  43.894122 8226.179205
  28.117004 8226.301138
  47.067052 8230.466280
  33.955897 8226.254261
  35.004312 8222.070725
  28.963085 8225.126902
  33.185502 8220.702960
  25.025184 8213.233032
  24.269952 8221.750044
  18.281253 8220.168719
  42.208030 8228.582957
  56.607921 8232.433350
  38.206384 8230.111297
  31.821213 8232.744503
  24.205715 8225.942203
  50.310898 8226.732759
  46.044501 8224.006155
  68.191078 8222.688672
  57.927233 8223.123267
  36.865296 8230.427856
  26.747869 8221.763114
  22.802395 8223.361947
  15.861206 8217.555056
  21.172671 8223.930603
  43.561958 8219.117794
  24.595110 8224.557709
  68.993357 8236.215189
  37.352814 8230.654185
  44.290381 8221.496695
  54.612180 8225.371518
  52.030072 8229.674856
  50.679453 8235.612263
  19.794122 8237.543918
  39.038104 8228.503786
  20.716595 8232.379641
  37.803808 8223.910940
  33.799895 8229.817725
  59.146252 8232.229225
  48.768975 8234.692890
  22.343259 8234.137258
  72.507480 8225.502089
  64.047815 8222.024507
  25.700648 8230.156362
  20.543046 8222.249510
  29.711810 8225.101545
  32.737234 8235.155592
  21.563925 8228.810615
  26.190133 8230.723773
  33.139766 8232.688152
  19.376156 8233.039473
  19.653714 8230.854435
  31.271195 8231.512655
  63.678601 8228.350915
  43.085355 8226.464811
  68.516833 8232.098413
  46.405355 8223.427187
  30.574267 8229.423736
  30.035510 8227.471020
  43.685410 8231.865050
  59.164716 8226.810961
  43.165253 8227.596603
  64.352988 8236.782952
  48.490370 8231.012886
  38.495403 8233.510365
  30.134034 8232.578341
  32.419996 8231.512051
  65.785765 8231.733754
  88.893275 8232.743680
  48.384782 8233.495032
  55.652754 8230.143808
  32.419314 8229.720927
  18.571278 8226.943835
  10.665970 8228.613480
  21.020235 8234.167706
  47.261387 8238.105692
  73.258074 8232.530841
  23.704336 8240.574964
  19.097033 8233.260358
  46.949489 8232.637027
  47.607151 8237.271912
  61.646684 8236.138232
  45.324218 8238.557164
  29.736809 8225.419250
  20.236448 8235.517866
  29.253320 8227.682587
  23.549115 8234.273497
  20.603807 8233.613458
  25.050695 8232.807573
  33.126564 8231.384640
  43.360115 8227.026974
  38.963581 8232.204874
  18.917104 8227.836976
  52.975699 8228.272173
  47.324814 8239.284886
  49.796172 8235.359790
  59.953364 8227.184435
  64.687178 8227.632265
  50.811918 8237.037795
  45.258375 8228.010062
  23.536974 8229.400795
  79.033777 8234.570276
  43.856244 8225.716580
  46.415064 8231.485043
  20.065132 8232.004650
  33.792121 8229.737498
  53.937218 8229.666676
  45.861158 8220.176511
  42.021202 8228.485250
  40.028593 8226.395601
  27.606030 8222.715015
  45.735599 8227.698227
  30.306906 8225.108361
  73.830926 8228.992744
  36.015343 8229.985516
  28.224271 8228.179433
  55.355579 8233.180552
  64.586444 8238.922889
  51.235395 8227.476125
  43.314233 8243.107666
  37.837937 8234.823654
  52.087863 8234.655054
  70.696892 8232.482707
  55.049769 8236.815655
  63.275090 8228.670592
  32.794223 8235.605319
  34.131126 8218.540196
  42.559088 8226.964902
  56.196292 8232.635352
  47.662819 8226.088819
  42.131996 8230.152460
  59.366233 8230.341846
  33.990078 8236.344318
  28.287462 8231.436200
  49.233602 8232.333121
  68.741867 8235.558087
  53.315074 8230.701132
  74.906089 8236.093793
  44.374151 8238.620475
  27.037243 8238.313151
  43.324695 8232.250247
  19.325409 8233.087707
  35.894886 8229.953360
  40.161907 8226.781062
  36.725099 8232.563795
  58.744284 8240.805765
  38.406147 8237.320433
  53.643994 8234.737569
  49.587880 8233.929670
  71.396843 8235.710815
  42.468178 8236.948795
  57.282362 8237.292884
  51.209024 8230.912280
  56.343332 8235.172793
  70.308037 8235.113119
  45.759801 8235.240158
  48.478201 8233.484712
  56.024568 8232.175292
  67.805047 8241.984475
  59.655140 8232.032580
  53.259117 8231.582709
  47.845995 8234.191318
  55.444171 8229.653340
  38.796985 8238.439271
  43.632559 8234.499604
  55.773783 8233.216471
  48.726517 8235.865134
  38.170687 8235.921714
  27.818633 8229.008923
  47.277209 8236.428385
  29.432619 8224.677008
  42.984060 8233.378172
  41.643611 8236.137597
  54.664136 8230.387334
  23.089549 8235.854428
  40.483657 8242.903918
  39.796756 8233.768664
  34.934157 8231.244002
  53.254736 8223.574252
  41.356937 8230.470632
  48.600272 8232.531180
  28.197007 8227.654407
  41.228808 8229.862496
  64.983132 8234.615209
  35.534172 8223.729284
  44.987356 8238.937932
  56.019241 8228.596641
  55.637080 8233.232588
  61.012047 8246.666299
  44.639889 8236.434757
  56.324139 8236.829572
  40.412835 8237.479511
  35.638844 8232.737880
  25.998359 8235.105267
  35.982437 8237.102083
  44.175822 8232.955113
  39.327964 8231.599392
  46.523419 8227.418903
  22.350182 8230.928486
  28.104787 8228.701473
  31.704942 8227.173357
  26.685934 8228.517490
  46.725541 8228.238431
  19.512856 8230.325909
  28.779685 8235.136525
  21.812102 8230.159262
  15.457759 8235.379979
  16.830974 8229.803899
  27.694123 8229.328550
  23.798740 8232.619417
  24.045357 8235.600207
  25.675739 8235.405869
  35.727667 8238.889099
  20.402502 8239.226713
  24.426449 8236.345159
  36.590183 8233.536419
  31.313264 8231.573815
  35.007214 8230.052617
  52.367978 8225.488210
  36.587919 8235.993003
  51.326617 8234.338549
  38.887135 8235.953151
  44.818977 8225.737440
  59.869610 8233.766841
  43.748132 8239.217537
  79.324484 8228.934020
  29.914279 8230.375211
  30.974929 8222.395813
  26.148820 8226.572805
  49.506248 8229.395402
  39.870465 8223.357383
  46.721528 8229.377248
  60.593322 8226.353576
  33.487381 8233.048006
  25.469855 8220.225739
  27.680885 8230.868908
  22.956644 8221.462834
  27.491256 8219.185385
  34.340806 8213.781891
  26.477518 8220.327979
  40.993992 8214.691272
  29.290390 8218.921126
  24.097417 8219.208773
  41.619565 8230.541675
  63.807546 8220.862379
  76.931711 8214.885052
  40.671312 8220.968401
  39.822418 8226.845165
  40.801113 8227.233442
  34.685629 8231.634885
  27.615680 8220.603821
  39.202920 8222.070308
  52.298407 8232.317669
  58.865971 8223.388850
  85.485001 8230.706432
  54.629758 8226.823977
  43.371908 8225.934288
  65.870361 8231.315211
  39.905779 8226.841136
  38.041660 8224.820286
  22.843289 8225.894741
  36.307195 8226.634379
  28.479911 8227.204652
  26.579668 8229.740763
  45.212964 8226.706616
  17.763234 8220.628408
  49.454872 8222.737436
  38.077485 8226.891743
  28.778015 8228.230774
  49.946803 8210.381647
  30.328699 8231.499629
  66.701741 8223.380837
  38.749558 8224.333117
  34.809496 8235.473512
  34.263699 8221.674207
  37.536178 8225.303359
  52.657251 8227.904546
  19.392870 8224.839601
  53.846719 8228.017932
  35.086181 8232.260583
  50.174818 8222.451587
  39.225775 8229.861578
  45.691445 8230.368613
  28.467245 8219.357571
  31.911849 8218.189293
  52.305965 8223.080076
  36.665799 8225.519065
  55.175612 8227.274494
  46.290431 8226.641455
  39.800018 8232.766944
  36.550676 8228.899481
  49.523876 8225.973868
  11.224615 8227.639769
  17.362186 8228.887380
  30.557161 8229.177438
  41.422630 8238.079069
  22.715211 8231.110893
  25.481584 8231.877052
  45.761445 8228.465229
  39.482596 8220.408371
  65.275113 8231.427163
  45.824660 8230.608798
  63.165940 8229.345893
  55.087544 8226.211203
  50.159838 8226.414242
  51.944247 8225.891952
  54.187609 8229.374954
  56.551490 8230.177102
  59.444560 8226.573644
  57.432153 8228.471957
  33.237552 8229.649762
  49.514569 8225.343197
  13.720311 8232.377871
  45.121626 8226.236391
  42.714356 8226.868032
  53.531602 8228.335731
  36.786341 8217.995495
  24.991349 8222.116571
  22.586305 8225.876534
  52.287194 8226.311478
  85.289365 8234.045070
  62.405084 8222.718192
  73.135179 8228.656261
  42.662970 8223.848713
  25.608637 8226.161411
  29.817478 8218.625106
  27.739564 8213.714831
  37.984853 8225.982055
  36.289408 8222.035418
  35.565233 8225.077438
  29.454393 8234.275265
  49.356597 8233.746054
  39.625967 8218.680130
  69.692995 8224.203379
  58.212610 8228.188175
  36.966194 8231.302566
  67.855509 8215.166538
  18.981058 8229.335057
  41.397851 8220.395278
  31.849324 8229.588204
  45.807628 8223.800865
  29.678038 8226.756120
  36.353589 8228.104250
  39.664245 8226.491300
  37.960193 8227.774123
  13.607067 8227.745831
  60.118351 8226.972469
  54.652262 8229.846217
  57.678063 8227.039546
  31.652241 8226.441323
  30.514854 8229.309802
  40.715315 8228.018454
  26.608529 8232.277321
  23.457165 8230.571818
  44.315251 8222.684707
  34.798020 8229.079318
  28.527022 8228.370279
  29.129527 8230.609459
  47.976983 8228.106652
  40.669998 8230.269494
  33.902523 8233.852836
  37.893117 8233.552221
  44.842831 8232.923927
  53.481489 8237.345429
  57.637476 8221.249089
  19.040131 8225.672326
  48.592509 8226.723370
  44.749030 8224.999029
  41.224225 8227.396831
  36.616942 8228.548605
  26.418471 8222.668140
  14.009522 8228.089153
   9.635864 8223.645026
  71.586338 8231.694125
  43.076569 8227.121873
  37.752330 8226.697905
  51.770795 8232.815443
  47.016865 8232.645896
  30.262555 8227.528153
  37.175650 8224.623661
  59.513500 8232.765011
  43.614848 8232.670830
  19.997197 8227.048802
  33.034070 8224.894741
  39.032081 8225.710581
  56.973065 8220.224180
  47.312658 8226.168089
  70.868748 8224.688302
  51.867270 8224.725563
  53.699701 8222.328751
  50.447711 8228.662423
  68.431334 8220.633038
  39.745222 8229.076298
  34.918510 8221.497790
  40.899336 8223.370651
  25.466020 8224.487022
  11.080773 8226.338789
  30.539392 8221.076020
  17.832125 8225.658915
  20.525177 8232.348215
  14.644968 8232.671728
  60.345944 8226.310663
  34.673000 8224.295164
  39.244390 8226.466973
  34.286011 8228.233896
  16.690096 8226.183398
  30.100648 8223.688406
  36.514556 8217.271912
  56.763487 8227.782437
  36.814353 8217.784354
  31.052040 8229.684438
  44.815119 8223.206697
  54.142617 8230.648262
  49.827670 8225.383307
  45.747431 8225.491386
  67.089825 8227.663590
  35.727576 8225.944468
  29.396687 8223.626756
  48.980104 8233.118784
  44.444933 8228.575733
  23.835390 8213.197074
  31.674684 8223.701395
  38.711981 8228.255985
  37.365853 8225.156576
  49.492361 8228.954253
  22.754773 8230.332175
  30.131972 8224.092140
  24.865143 8221.601027
  33.780983 8216.907670
  32.216748 8222.796336
  26.915188 8222.704170
  42.670385 8214.369006
  32.807921 8217.051256
  29.657803 8221.086817
  33.456484 8214.439971
  58.487479 8228.880699
  60.165186 8218.933944
  50.912850 8220.181722
  54.155120 8224.358751
  48.327169 8221.667979
  49.519761 8229.906886
  42.248936 8222.251346
  58.187056 8228.319658
  85.290362 8226.771142
  65.634057 8234.040048
  50.793573 8232.722924
  49.830717 8226.965677
  59.279364 8226.737558
  32.677474 8227.907002
  37.630400 8224.391360
  51.617127 8231.606017
  34.322834 8226.382957
  32.674203 8227.083808
  32.919499 8223.793443
  37.581612 8224.550451
  67.957593 8230.657000
  65.387005 8226.818063
  60.052276 8220.478474
  38.058313 8219.989562
  43.131260 8226.901288
  38.627433 8232.807620
  45.211416 8227.222775
  26.650138 8228.243602
  42.900167 8225.581373
  40.407147 8225.669143
  58.257765 8223.162459
  36.642822 8218.461573
  44.975408 8231.368557
  33.474330 8234.561552
  49.832533 8231.013891
  45.382180 8230.750619
  36.444661 8215.622863
  41.264272 8212.498574
  55.432262 8228.731270
  47.379550 8232.437655
  42.365305 8220.417573
  72.668055 8234.089848
  53.462897 8222.639507
  31.395064 8225.832182
  39.531551 8230.393826
  48.474522 8226.215461
  26.459950 8230.437880
  36.403765 8223.894434
  43.460456 8223.805362
  66.329492 8220.460823
  33.478219 8215.175971
  56.504549 8217.855547
  65.779798 8217.321346
  36.817774 8221.476893
  45.586610 8220.034258
  41.403448 8219.474179
  72.397192 8228.201616
  65.126493 8227.211712
  33.574024 8224.165006
  33.752085 8222.596334
  45.959821 8226.094780
  48.173099 8225.006420
  32.974946 8229.251504
  40.697880 8215.735753
  59.303598 8225.226593
  43.619702 8223.110998
  45.438305 8215.674041
  62.089483 8223.143921
  80.152799 8223.873328
  57.143567 8222.272988
  20.859949 8221.048263
  23.787637 8217.188020
  43.629743 8222.185713
  28.484353 8228.141942
  40.054948 8223.135000
  32.540908 8222.777355
  47.364767 8224.868885
  33.477674 8214.540158
  48.607213 8224.635046
  35.446917 8220.973507
  33.263296 8223.460206
  38.809959 8215.102193
  45.879030 8224.490989
  45.801226 8221.118156
  43.995046 8228.703258
  52.383227 8225.397960
  52.749695 8223.845553
  72.653040 8224.770603
  88.857552 8225.585352
  34.902619 8220.454382
  38.593438 8225.505252
  62.637838 8229.294002
  24.794149 8230.639716
  29.992058 8219.633078
  37.307485 8224.236184
  36.057608 8219.987510
  53.815090 8220.607467
  44.077102 8217.151645
  52.441022 8221.668061
  46.487188 8233.614909
  34.061516 8225.366784
  38.598359 8218.773277
  37.049092 8224.048997
  41.479687 8219.713489
  29.167003 8217.030960
  42.273021 8217.366801
  42.661607 8220.867308
  39.892141 8224.207208
  51.610136 8222.072520
  51.537417 8219.693281
  56.602175 8225.716955
  53.261049 8229.309147
  37.408746 8227.276545
  54.241873 8219.702832
  48.853198 8230.962726
  33.824241 8233.896089
  45.020957 8239.709230
  61.126621 8231.917610
  57.674770 8222.804214
  84.404558 8234.160615
  48.706639 8235.016242
  75.478819 8230.770805
  43.201364 8228.904565
  39.679403 8234.449000
  36.001804 8231.508250
  29.037312 8227.626572
  26.903464 8232.723565
  17.747080 8222.040272
  19.330011 8232.595551
  21.802451 8233.355194
  37.657337 8231.419973
  26.852746 8229.613883
  38.650603 8227.103933
  46.223812 8233.831069
  63.598027 8234.079299
  40.891203 8230.820433
  46.097878 8229.927258
  69.853347 8232.427912
  59.246016 8239.000124
  35.480126 8239.160743
  55.544092 8233.513608
  47.079670 8237.923362
  16.114013 8235.089284
  16.274440 8237.625741
  44.851268 8231.997144
  26.758746 8236.020825
  23.675794 8240.605199
  57.879102 8235.711996
  55.545371 8229.650208
  65.860766 8231.927486
  74.488312 8243.209062
  48.959308 8226.088332
  23.582242 8224.105697
  35.577977 8230.121613
  40.491717 8234.040191
  28.574643 8228.222209
  50.303013 8233.795133
  39.421105 8235.086250
  10.225019 8232.976864
  41.307666 8234.299569
  37.714052 8230.160838
  12.008379 8233.233677
  32.629733 8237.971750
  23.514500 8232.040545
  29.284934 8229.667593
  30.506728 8235.842440
  19.411774 8234.047561
  26.557772 8235.836110
  25.329817 8227.681929
  36.476480 8230.175908
  25.726259 8228.038676
  39.142851 8232.774692
  12.422257 8231.233836
  25.862595 8229.703064
  31.968123 8231.271807
  21.303868 8231.926203
  39.827669 8232.714924
  42.957563 8235.027664
  48.093322 8233.725999
  42.719442 8215.520397
  50.045598 8232.912602
  57.844174 8232.530605
  28.279193 8227.591616
  21.148964 8229.518905
  48.487921 8231.658519
  73.939232 8229.936426
  40.118031 8232.199985
  40.205571 8233.723407
  50.262490 8232.403257
  55.748069 8228.193027
  52.459222 8220.230266
  60.068715 8230.004310
  36.830336 8232.323405
  53.271622 8229.701223
  73.936548 8233.645156
 111.070007 8225.538545
  53.362183 8228.637953
  25.208142 8225.889054
  40.848846 8221.519411
  58.868106 8222.818983
  32.625124 8228.497553
  32.840190 8233.356000
  39.727615 8225.912650
  37.548302 8229.564771
  35.453054 8221.126658
  35.253292 8217.937249
  41.629508 8221.947026
