0.000000 0.038255
0.000000 0.102129
0.000000 0.034886
0.000000 0.049576
0.000000 0.020917
0.000000 0.034602
0.000000 0.026197
0.000000 0.026337
0.000000 0.018814
0.000000 0.027326
0.000000 0.028887
0.000000 0.030923
0.000000 0.047684
0.000000 0.022760
0.000000 0.055480
0.000000 0.047077
0.000000 0.040337
0.000000 0.065256
0.000000 0.022000
0.000000 0.048406
0.000000 0.021151
0.000000 0.050405
0.000000 0.036853
0.000000 0.018692
0.000000 0.031452
0.000000 0.029690
0.000000 0.039471
0.000000 0.024088
0.000000 0.031764
0.000000 0.096733
0.000000 0.019714
0.000000 0.054678
0.000000 0.013380
0.000000 0.028935
0.000000 0.048418
0.000000 0.030400
0.000000 0.081845
0.000000 0.028069
0.000000 0.029715
0.000000 0.032731
0.000000 0.032619
0.000000 0.016304
0.000000 0.042026
0.000000 0.017444
0.000000 0.027585
0.000000 0.087105
0.000000 0.024410
0.000000 0.021260
0.000000 0.065340
0.000000 0.075253
0.000000 0.068550
0.000000 0.014656
0.000000 0.017936
0.000000 0.023531
0.000000 0.056423
0.000000 0.091787
0.000000 0.054251
0.000000 0.052782
0.000000 0.031542
0.000000 0.035340
0.000000 0.044139
0.000000 0.119224
0.000000 0.064831
0.000000 0.037179
0.000000 0.075818
0.000000 0.058631
0.000000 0.027656
0.000000 0.029297
0.000000 0.025920
0.000000 0.052177
0.000000 0.022379
0.000000 0.019710
0.000000 0.098612
0.000000 0.037290
0.000000 0.072476
0.000000 0.029548
0.000000 0.030635
0.000000 0.015291
0.000000 0.021900
0.000000 0.026521
0.000000 0.048891
0.000000 0.058931
0.000000 0.040743
0.000000 0.029249
0.000000 0.033734
0.000000 0.020941
0.000000 0.034262
0.000000 0.016820
0.000000 0.065498
0.000000 0.069578
0.000000 0.134473
0.000000 0.031742
0.000000 0.037323
0.000000 0.034577
0.000000 0.037397
0.000000 0.022122
0.000000 0.014955
0.000000 0.023898
0.000000 0.042155
0.000000 0.024079
0.000000 0.053911
0.000000 0.017483
0.000000 0.021255
0.000000 0.022907
0.000000 0.033928
0.000000 0.075558
0.000000 0.033723
0.000000 0.028434
0.000000 0.029242
0.000000 0.027128
0.000000 0.037734
0.000000 0.021090
0.000000 0.044425
0.000000 0.071331
0.000000 0.022647
0.000000 0.027270
0.000000 0.041991
0.000000 0.017548
0.000000 0.043211
0.000000 0.033943
0.000000 0.030791
0.000000 0.023990
0.000000 0.050868
0.000000 0.036971
0.000000 0.039248
0.000000 0.040082
0.000000 0.016665
0.000000 0.013823
0.000000 0.031834
0.000000 0.062758
0.000000 0.043569
0.000000 0.024883
0.000000 0.018490
0.000000 0.033896
0.000000 0.042003
0.000000 0.037004
0.000000 0.150175
0.000000 0.022037
0.000000 0.021736
0.000000 0.079739
0.000000 0.062940
0.000000 0.055695
0.000000 0.018548
0.000000 0.225857
0.000000 0.049040
0.000000 0.066547
0.000000 0.018404
0.000000 0.089789
0.000000 0.047433
0.000000 0.064358
0.000000 0.052559
0.000000 0.040322
0.000000 0.155701
0.000000 0.058654
0.000000 0.032894
0.000000 0.101903
0.000000 0.042991
0.000000 0.050292
0.000000 0.033109
0.000000 0.026531
0.000000 0.037163
0.000000 0.076948
0.000000 0.048974
0.000000 0.059160
0.000000 0.036829
0.000000 0.020292
0.000000 0.049230
0.000000 0.048678
0.000000 0.018416
0.000000 0.016946
0.000000 0.018495
0.000000 0.018236
0.000000 0.009538
0.000000 0.056892
0.000000 0.030450
0.000000 0.090243
0.000000 0.025804
0.000000 0.033735
0.000000 0.058825
0.000000 0.088105
0.000000 0.048262
0.000000 0.027405
0.000000 0.027876
0.000000 0.056172
0.000000 0.023449
0.000000 0.018977
0.000000 0.025907
0.000000 0.031083
0.000000 0.032042
0.000000 0.020535
0.000000 0.012175
0.000000 0.023220
0.000000 0.037404
0.000000 0.018082
0.000000 0.033291
0.000000 0.057911
0.000000 0.020374
0.000000 0.025840
0.000000 0.029924
0.000000 0.020681
0.000000 0.044651
0.000000 0.019216
0.000000 0.019893
0.000000 0.040220
0.000000 0.069692
0.000000 0.021531
0.000000 0.027836
0.000000 0.030799
0.000000 0.045736
0.000000 0.053482
0.000000 0.045980
0.000000 0.015825
0.000000 0.050441
0.000000 0.027805
0.000000 0.047539
0.000000 0.053027
0.000000 0.047429
0.000000 0.070995
0.000000 0.028113
0.000000 0.024250
0.000000 0.057035
0.000000 0.019303
0.000000 0.022818
0.000000 0.052258
0.000000 0.052011
0.000000 0.087351
0.000000 0.034961
0.000000 0.019579
0.000000 0.066849
0.000000 0.034377
0.000000 0.016625
0.000000 0.020303
0.000000 0.022285
0.000000 0.015646
0.000000 0.019461
0.000000 0.048159
0.000000 0.048900
0.000000 0.017814
0.000000 0.023685
0.000000 0.026170
0.000000 0.097350
0.000000 0.070506
0.000000 0.072395
0.000000 0.079053
0.000000 0.108857
0.000000 0.034461
0.000000 0.058517
0.000000 0.018840
0.000000 0.031979
0.000000 0.052638
0.000000 0.029237
0.000000 0.028960
0.000000 0.046462
0.000000 0.036450
0.000000 0.029684
0.000000 0.054070
0.000000 0.043534
0.000000 0.015220
0.000000 0.032835
0.000000 0.030238
0.000000 0.012234
0.000000 0.028637
0.000000 0.019678
0.000000 0.042727
0.000000 0.033513
0.000000 0.030137
0.000000 0.055976
0.000000 0.043198
0.000000 0.119772
0.000000 0.149910
0.000000 0.047261
0.000000 0.017644
0.000000 0.125989
0.000000 0.058153
0.000000 0.063174
0.000000 0.051760
0.000000 0.017967
0.000000 0.033960
0.000000 0.046132
0.000000 0.018372
0.000000 0.021570
0.000000 0.020462
0.000000 0.024285
0.000000 0.046336
0.000000 0.025289
0.000000 0.022405
0.000000 0.023607
0.000000 0.059187
0.000000 0.025139
0.000000 0.070039
0.000000 0.044955
0.000000 0.021387
0.000000 0.024964
0.000000 0.042903
0.000000 0.016475
0.000000 0.045423
0.000000 0.064239
0.000000 0.025534
0.000000 0.024422
0.000000 0.039458
0.000000 0.031111
0.000000 0.065948
0.000000 0.060137
0.000000 0.037243
0.000000 0.027241
0.000000 0.016000
0.000000 0.038411
0.000000 0.039099
0.000000 0.034053
0.000000 0.012780
0.000000 0.024430
0.000000 0.020219
0.000000 0.030760
0.000000 0.020968
0.000000 0.041140
0.000000 0.023406
0.000000 0.043243
0.000000 0.112265
0.000000 0.023444
0.000000 0.020493
0.000000 0.026662
0.000000 0.053547
0.000000 0.038599
0.000000 0.043520
0.000000 0.051312
0.000000 0.025556
0.000000 0.017401
0.000000 0.045650
0.000000 0.025437
0.000000 0.031384
0.000000 0.020818
0.000000 0.030586
0.000000 0.075803
0.000000 0.024558
0.000000 0.016942
0.000000 0.031591
0.000000 0.031644
0.000000 0.025201
0.000000 0.021207
0.000000 0.036397
0.000000 0.018767
0.000000 0.025668
0.000000 0.037156
0.000000 0.021991
0.000000 0.025997
0.000000 0.045404
0.000000 0.036033
0.000000 0.030411
0.000000 0.048516
0.000000 0.035457
0.000000 0.024146
0.000000 0.017112
0.000000 0.026180
0.000000 0.054427
0.000000 0.024587
0.000000 0.027823
0.000000 0.060296
0.000000 0.047811
0.000000 0.030102
0.000000 0.028886
0.000000 0.034877
0.000000 0.081208
0.000000 0.022119
0.000000 0.024373
0.000000 0.070969
0.000000 0.023071
0.000000 0.031290
0.000000 0.025215
0.000000 0.032232
0.000000 0.074001
0.000000 0.039868
0.000000 0.026062
0.000000 0.023530
0.000000 0.036458
0.000000 0.060196
0.000000 0.023893
0.000000 0.052639
0.000000 0.031270
0.000000 0.013266
0.000000 0.017099
0.000000 0.026061
0.000000 0.065324
0.000000 0.024954
0.000000 0.031737
0.000000 0.024486
0.000000 0.027572
0.000000 0.015060
0.000000 0.027407
0.000000 0.014224
0.000000 0.023325
0.000000 0.024834
0.000000 0.020528
0.000000 0.035088
0.000000 0.022912
0.000000 0.017032
0.000000 0.036627
0.000000 0.029899
0.000000 0.019817
0.000000 0.029517
0.000000 0.035656
0.000000 0.047961
0.000000 0.027663
0.000000 0.034953
0.000000 0.021360
0.000000 0.045857
0.000000 0.050613
0.000000 0.048759
0.000000 0.026067
0.000000 0.018314
0.000000 0.052739
0.000000 0.081543
0.000000 0.051743
0.000000 0.044981
0.000000 0.036164
0.000000 0.044787
0.000000 0.015166
0.000000 0.024980
0.000000 0.015773
0.000000 0.012246
0.000000 0.011921
0.000000 0.045041
0.000000 0.017865
0.000000 0.017991
0.000000 0.027275
0.000000 0.029888
0.000000 0.423625
0.000000 0.100581
0.000000 0.020409
0.000000 0.021977
0.000000 0.016000
0.000000 0.021493
0.000000 0.029552
0.000000 0.052187
0.000000 0.016944
0.000000 0.026504
0.000000 0.026354
0.000000 0.057543
0.000000 0.060613
0.000000 0.039520
0.000000 0.020532
0.000000 0.017324
0.000000 0.021122
0.000000 0.033838
0.000000 0.035913
0.000000 0.046474
0.000000 0.028514
0.000000 0.016484
0.000000 0.039089
0.000000 0.104316
0.000000 0.034910
0.000000 0.075488
0.000000 0.059805
0.000000 0.014540
0.000000 0.025565
0.000000 0.022716
0.000000 0.087000
0.000000 0.017371
0.000000 0.116363
0.000000 0.183417
0.000000 0.079329
0.000000 0.051403
0.000000 0.022150
0.000000 0.023950
0.000000 0.043590
0.000000 0.062004
0.000000 0.027972
0.000000 0.022975
0.000000 0.073548
0.000000 0.017287
0.000000 0.029278
0.000000 0.131967
0.000000 0.036589
0.000000 0.024896
0.000000 0.025813
0.000000 0.022477
0.000000 0.039919
0.000000 0.029987
0.000000 0.024818
0.000000 0.018466
0.000000 0.051369
0.000000 0.022833
0.000000 0.044659
0.000000 0.030483
0.000000 0.019915
0.000000 0.024338
0.000000 0.054916
0.000000 0.029390
0.000000 0.027417
0.000000 0.018537
0.000000 0.073938
0.000000 0.023824
0.000000 0.059025
0.000000 0.112918
0.000000 0.050425
0.000000 0.103306
0.000000 0.022436
0.000000 0.026616
0.000000 0.020689
0.000000 0.030192
0.000000 0.022914
0.000000 0.024318
0.000000 0.077870
0.000000 0.041065
0.000000 0.055228
0.000000 0.023427
0.000000 0.046472
0.000000 0.057999
0.000000 0.031526
0.000000 0.020998
0.000000 0.024173
0.000000 0.039443
0.000000 0.041282
0.000000 0.033017
0.000000 0.030540
0.000000 0.020064
0.000000 0.030299
0.000000 0.028427
0.000000 0.019060
0.000000 0.014349
0.000000 0.021608
0.000000 0.039353
0.000000 0.023551
0.000000 0.037182
0.000000 0.025040
0.000000 0.037234
0.000000 0.041983
0.000000 0.026472
0.000000 0.192362
0.000000 0.042108
0.000000 0.052122
0.000000 0.035816
0.000000 0.042262
0.000000 0.053987
0.000000 0.035575
0.000000 0.028871
0.000000 0.055944
0.000000 0.060573
0.000000 0.093303
0.000000 0.045442
0.000000 0.285311
0.000000 0.073481
0.000000 0.270124
0.000000 0.033331
0.000000 0.035788
0.000000 0.022988
0.000000 0.032196
0.000000 0.021964
0.000000 0.029092
0.000000 0.049191
0.000000 0.030512
0.000000 0.015443
0.000000 0.022407
0.000000 0.017355
0.000000 0.041521
0.000000 0.081251
0.000000 0.029465
0.000000 0.137115
0.000000 0.044592
0.000000 0.132405
0.000000 0.031762
0.000000 0.019653
0.000000 0.046109
0.000000 0.029917
0.000000 0.027183
0.000000 0.027285
0.000000 0.038709
0.000000 0.034705
0.000000 0.025673
0.000000 0.021452
0.000000 0.029556
0.000000 0.025447
0.000000 0.018444
0.000000 0.043059
0.000000 0.042849
0.000000 0.022319
0.000000 0.028562
0.000000 0.015487
0.000000 0.025239
0.000000 0.060286
0.000000 0.025608
0.000000 0.013918
0.000000 0.085677
0.000000 0.089302
0.000000 0.018530
0.000000 0.014936
0.000000 0.013861
0.000000 0.023317
0.000000 0.019567
0.000000 0.015570
0.000000 0.025925
0.000000 0.023045
0.000000 0.067442
0.000000 0.033729
0.000000 0.038456
0.000000 0.014958
0.000000 0.029097
0.000000 0.021068
0.000000 0.016585
0.000000 0.018009
0.000000 0.039875
0.000000 0.025785
0.000000 0.019186
0.000000 0.022001
0.000000 0.027567
0.000000 0.042330
0.000000 0.062782
0.000000 0.045118
0.000000 0.054236
0.000000 0.016887
0.000000 0.031242
0.000000 0.021020
0.000000 0.036820
0.000000 0.026290
0.000000 0.041602
0.000000 0.021175
0.000000 0.016404
0.000000 0.024851
0.000000 0.025960
0.000000 0.031166
0.000000 0.027978
0.000000 0.073383
0.000000 0.039328
0.000000 0.071839
0.000000 0.048651
0.000000 0.027194
0.000000 0.027203
0.000000 0.067488
0.000000 0.114639
0.000000 0.024799
0.000000 0.023928
0.000000 0.028059
0.000000 0.021127
0.000000 0.028821
0.000000 0.039066
0.000000 0.052971
0.000000 0.038124
0.000000 0.026576
0.000000 0.026614
0.000000 0.021971
0.000000 0.028351
0.000000 0.026950
0.000000 0.029125
0.000000 0.030812
0.000000 0.029959
0.000000 0.042513
0.000000 0.030990
0.000000 0.028522
0.000000 0.115262
0.000000 0.033542
0.000000 0.119383
0.000000 0.022543
0.000000 0.026895
0.000000 0.028176
0.000000 0.046713
0.000000 0.047563
0.000000 0.143515
0.000000 0.044260
0.000000 0.033603
0.000000 0.035742
0.000000 0.053773
0.000000 0.020866
0.000000 0.040284
0.000000 0.042804
0.000000 0.027055
0.000000 0.026630
0.000000 0.053596
0.000000 0.030520
0.000000 0.019079
0.000000 0.023487
0.000000 0.032395
0.000000 0.023483
0.000000 0.039160
0.000000 0.062639
0.000000 0.023295
0.000000 0.035976
0.000000 0.050359
0.000000 0.026693
0.000000 0.016306
0.000000 0.046981
0.000000 0.047548
0.000000 0.022330
0.000000 0.051061
0.000000 0.033372
0.000000 0.077969
0.000000 0.032891
0.000000 0.032842
0.000000 0.026562
0.000000 0.025449
0.000000 0.025834
0.000000 0.031714
0.000000 0.044573
0.000000 0.042754
0.000000 0.074045
0.000000 0.159755
0.000000 0.018091
0.000000 0.024170
0.000000 0.036722
0.000000 0.061420
0.000000 0.080609
0.000000 0.024069
0.000000 0.034041
0.000000 0.057373
0.000000 0.048640
0.000000 0.031743
0.000000 0.024049
0.000000 0.018333
0.000000 0.030636
0.000000 0.027494
0.000000 0.024790
0.000000 0.021188
0.000000 0.027943
0.000000 0.015439
0.000000 0.079616
0.000000 0.032913
0.000000 0.111600
0.000000 0.045163
0.000000 0.023579
0.000000 0.025094
0.000000 0.030896
0.000000 0.023567
0.000000 0.031282
0.000000 0.041538
0.000000 0.124206
0.000000 0.051696
0.000000 0.024857
0.000000 0.023653
0.000000 0.025352
0.000000 0.045517
0.000000 0.015785
0.000000 0.030035
0.000000 0.040148
0.000000 0.081922
0.000000 0.056792
0.000000 0.019272
0.000000 0.022220
0.000000 0.047419
0.000000 0.018153
0.000000 0.030111
0.000000 0.024469
0.000000 0.020108
0.000000 0.045213
0.000000 0.026131
0.000000 0.028830
0.000000 0.027786
0.000000 0.016645
0.000000 0.027509
0.000000 0.019365
0.000000 0.044163
0.000000 0.035943
0.000000 0.050796
0.000000 0.065316
0.000000 0.019782
0.000000 0.026722
0.000000 0.039786
0.000000 0.074055
0.000000 0.032424
0.000000 0.040742
0.000000 0.025890
0.000000 0.020881
0.000000 0.056112
0.000000 0.023824
0.000000 0.015308
0.000000 0.023395
0.000000 0.035143
0.000000 0.020392
0.000000 0.023850
0.000000 0.019001
0.000000 0.034974
0.000000 0.026030
0.000000 0.018213
0.000000 0.022575
0.000000 0.124025
0.000000 0.038708
0.000000 0.034595
0.000000 0.035916
0.000000 0.027264
0.000000 0.026257
0.000000 0.018256
0.000000 0.021105
0.000000 0.028013
0.000000 0.027066
0.000000 0.022880
0.000000 0.018351
0.000000 0.030735
0.000000 0.034158
0.000000 0.019247
0.000000 0.025505
0.000000 0.038462
0.000000 0.023090
0.000000 0.029301
0.000000 0.019289
0.000000 0.025052
0.000000 0.080133
0.000000 0.037543
0.000000 0.025050
0.000000 0.024570
0.000000 0.027600
0.000000 0.017981
0.000000 0.048830
0.000000 0.048260
0.000000 0.026988
0.000000 0.043686
0.000000 0.029425
0.000000 0.025963
0.000000 0.044808
0.000000 0.027804
0.000000 0.023746
0.000000 0.053779
0.000000 0.048405
0.000000 0.023862
0.000000 0.060066
0.000000 0.043697
0.000000 0.030856
0.000000 0.085878
0.000000 0.032545
0.000000 0.113656
0.000000 0.028181
0.000000 0.094081
0.000000 0.117991
0.000000 0.031028
0.000000 0.047170
0.000000 0.033919
0.000000 0.013889
0.000000 0.025127
0.000000 0.025734
0.000000 0.024831
0.000000 0.023544
0.000000 0.057989
0.000000 0.019369
0.000000 0.022091
0.000000 0.110033
0.000000 0.018510
0.000000 0.023337
0.000000 0.038864
0.000000 0.031466
0.000000 0.022737
0.000000 0.027269
0.000000 0.027777
0.000000 0.021969
0.000000 0.031794
0.000000 0.032511
0.000000 0.037636
0.000000 0.017962
0.000000 0.020779
0.000000 0.024224
0.000000 0.030322
0.000000 0.055701
0.000000 0.024504
0.000000 0.020976
0.000000 0.038673
0.000000 0.026789
0.000000 0.075700
0.000000 0.036196
0.000000 0.065844
0.000000 0.017051
0.000000 0.045276
0.000000 0.051426
0.000000 0.030284
0.000000 0.023963
0.000000 0.029239
0.000000 0.021978
0.000000 0.096024
0.000000 0.063164
0.000000 0.046354
0.000000 0.033476
0.000000 0.060351
0.000000 0.029126
0.000000 0.068848
0.000000 0.020187
0.000000 0.046364
0.000000 0.014553
0.000000 0.016534
0.000000 0.025931
0.000000 0.060469
0.000000 0.030052
0.000000 0.012095
0.000000 0.042427
0.000000 0.026366
0.000000 0.015391
0.000000 0.043081
0.000000 0.024175
0.000000 0.044130
0.000000 0.044612
0.000000 0.043579
0.000000 0.025697
0.000000 0.032832
0.000000 0.026531
0.000000 0.016626
0.000000 0.024904
0.000000 0.016001
0.000000 0.028321
0.000000 0.022962
0.000000 0.015218
0.000000 0.034473
0.000000 0.014770
0.000000 0.015822
0.000000 0.025797
0.000000 0.039926
0.000000 0.026855
0.000000 0.025911
0.000000 0.050927
0.000000 0.033838
0.000000 0.100328
0.000000 0.081182
0.000000 0.086218
0.000000 0.022233
0.000000 0.057789
0.000000 0.038294
0.000000 0.087570
0.000000 0.087346
0.000000 0.021455
0.000000 0.051494
0.000000 0.036700
0.000000 0.043082
0.000000 0.051309
0.000000 0.077629
0.000000 0.019220
0.000000 0.022780
0.000000 0.025886
0.000000 0.022436
0.000000 0.023779
0.000000 0.035941
0.000000 0.023817
0.000000 0.041563
0.000000 0.012632
0.000000 0.014009
0.000000 0.067945
0.000000 0.052384
0.000000 0.068584
0.000000 0.026918
0.000000 0.035529
0.000000 0.076930
0.000000 0.030864
0.000000 0.021799
0.000000 0.038449
0.000000 0.051376
0.000000 0.022012
0.000000 0.032901
0.000000 0.034153
0.000000 0.054528
0.000000 0.094613
0.000000 0.046530
0.000000 0.169483
0.000000 0.039799
0.000000 0.135145
0.000000 0.095984
0.000000 0.076805
0.000000 0.034349
0.000000 0.028657
0.000000 0.097998
0.000000 0.027526
0.000000 0.024534
0.000000 0.040155
0.000000 0.014646
0.000000 0.019893
0.000000 0.048358
0.000000 0.024496
0.000000 0.035446
0.000000 0.027542
0.000000 0.044015
0.000000 0.026153
0.000000 0.154673
0.000000 0.051473
0.000000 0.020790
0.000000 0.028544
0.000000 0.031239
0.000000 0.036625
0.000000 0.084298
0.000000 0.029109
0.000000 0.039557
0.000000 0.017920
0.000000 0.014288
0.000000 0.034876
0.000000 0.036517
0.000000 0.019766
0.000000 0.021066
0.000000 0.030930
0.000000 0.063260
0.000000 0.032446
0.000000 0.016345
0.000000 0.021221
0.000000 0.025988
0.000000 0.049235
0.000000 0.042759
0.000000 0.050001
0.000000 0.034925
0.000000 0.028960
0.000000 0.036753
0.000000 0.023423
0.000000 0.033912
0.000000 0.102328
0.000000 0.031068
0.000000 0.014082
0.000000 0.035766
0.000000 0.021356
0.000000 0.021992
0.000000 0.024066
0.000000 0.024891
0.000000 0.033844
0.000000 0.028191
0.000000 0.049929
0.000000 0.035619
0.000000 0.022500
0.000000 0.022262
0.000000 0.032491
0.000000 0.037604
0.000000 0.015674
0.000000 0.027838
0.000000 0.039898
0.000000 0.021280
0.000000 0.017893
0.000000 0.022735
0.000000 0.028720
0.000000 0.015871
0.000000 0.024219
0.000000 0.028229
0.000000 0.020300
0.000000 0.030536
0.000000 0.037225
0.000000 0.024032
0.000000 0.070865
0.000000 0.060593
0.000000 0.016734
0.000000 0.029372
0.000000 0.040176
0.000000 0.032511
0.000000 0.034239
0.000000 0.058368
0.000000 0.049130
0.000000 0.024772
0.000000 0.017458
0.000000 0.045772
0.000000 0.035578
0.000000 0.030616
0.000000 0.024705
0.000000 0.022724
0.000000 0.028039
0.000000 0.032600
0.000000 0.030807
0.000000 0.042795
0.000000 0.015420
0.000000 0.047014
0.000000 0.056397
0.000000 0.029102
0.000000 0.030904
0.000000 0.018125
0.000000 0.021643
0.000000 0.033123
0.000000 0.032483
0.000000 0.037452
0.000000 0.078343
0.000000 0.067763
0.000000 0.032889
0.000000 0.062562
0.000000 0.027172
0.000000 0.043869
0.000000 0.041554
0.000000 0.035116
0.000000 0.024615
0.000000 0.029953
0.000000 0.021756
0.000000 0.022536
0.000000 0.053641
0.000000 0.088358
0.000000 0.022660
0.000000 0.088255
0.000000 0.023963
0.000000 0.043452
0.000000 0.077378
0.000000 0.063312
0.000000 0.023571
0.000000 0.130833
0.000000 0.020650
0.000000 0.026736
0.000000 0.038708
0.000000 0.021704
0.000000 0.024698
0.000000 0.050925
0.000000 0.031880
0.000000 0.044799
0.000000 0.020607
0.000000 0.030458
0.000000 0.019016
0.000000 0.040827
0.000000 0.022200
0.000000 0.034772
0.000000 0.054844
0.000000 0.090359
0.000000 0.033925
0.000000 0.036271
0.000000 0.077708
0.000000 0.264936
0.000000 0.040250
0.000000 0.113139
0.000000 0.042252
0.000000 0.056157
0.000000 0.017111
0.000000 0.057480
0.000000 0.044808
0.000000 0.140841
0.000000 0.052770
0.000000 0.022927
0.000000 0.022698
0.000000 0.045616
0.000000 0.016523
0.000000 0.025866
0.000000 0.049396
0.000000 0.042719
0.000000 0.027570
0.000000 0.021622
0.000000 0.020960
0.000000 0.013763
0.000000 0.058662
0.000000 0.025720
0.000000 0.019822
0.000000 0.031665
0.000000 0.084865
0.000000 0.081182
0.000000 0.032033
0.000000 0.065757
0.000000 0.061098
0.000000 0.036950
0.000000 0.025966
0.000000 0.016620
0.000000 0.025343
0.000000 0.028184
0.000000 0.022674
0.000000 0.024760
0.000000 0.030411
0.000000 0.039122
0.000000 0.028706
0.000000 0.043498
0.000000 0.054764
0.000000 0.048568
0.000000 0.160059
0.000000 0.028293
0.000000 0.124192
0.000000 0.048112
0.000000 0.035280
0.000000 0.031952
0.000000 0.022387
0.000000 0.101586
0.000000 0.068224
0.000000 0.130556
0.000000 0.024853
0.000000 0.016818
0.000000 0.020958
0.000000 0.035576
0.000000 0.024301
0.000000 0.121215
0.000000 0.040925
0.000000 0.060676
0.000000 0.039818
0.000000 0.037597
0.000000 0.101997
0.000000 0.028878
0.000000 0.036350
0.000000 0.029876
0.000000 0.024636
0.000000 0.041414
0.000000 0.027175
0.000000 0.037498
0.000000 0.029703
0.000000 0.024447
0.000000 0.029247
0.000000 0.023555
0.000000 0.014499
0.000000 0.108193
0.000000 0.011597
0.000000 0.040329
0.000000 0.060716
0.000000 0.026785
0.000000 0.025297
0.000000 0.057749
0.000000 0.027549
0.000000 0.024808
0.000000 0.026765
0.000000 0.024253
0.000000 0.033791
0.000000 0.029375
0.000000 0.044136
0.000000 0.071287
0.000000 0.048995
0.000000 0.050115
0.000000 0.031277
0.000000 0.021952
0.000000 0.034937
0.000000 0.033793
0.000000 0.029802
0.000000 0.032059
0.000000 0.019724
0.000000 0.018478
0.000000 0.036176
0.000000 0.026827
0.000000 0.020898
0.000000 0.034711
0.000000 0.031550
0.000000 0.071608
0.000000 0.049420
0.000000 0.038987
0.000000 0.029868
0.000000 0.021726
0.000000 0.159172
0.000000 0.017860
0.000000 0.020810
0.000000 0.021256
0.000000 0.025805
0.000000 0.057946
0.000000 0.023376
0.000000 0.069645
0.000000 0.057088
0.000000 0.035904
0.000000 0.057810
0.000000 0.033547
0.000000 0.146016
0.000000 0.025048
0.000000 0.025221
0.000000 0.042082
0.000000 0.032486
0.000000 0.025146
0.000000 0.017830
0.000000 0.047939
0.000000 0.035600
0.000000 0.037999
0.000000 0.022190
0.000000 0.025941
0.000000 0.024539
0.000000 0.020249
0.000000 0.055671
0.000000 0.040302
0.000000 0.029750
0.000000 0.042752
0.000000 0.022348
0.000000 0.026327
0.000000 0.027960
0.000000 0.026121
0.000000 0.020367
0.000000 0.023776
0.000000 0.030842
0.000000 0.021614
0.000000 0.052915
0.000000 0.029128
0.000000 0.040348
0.000000 0.049368
0.000000 0.019142
0.000000 0.042385
0.000000 0.026223
0.000000 0.029544
0.000000 0.018341
0.000000 0.058200
0.000000 0.046521
0.000000 0.053581
0.000000 0.034685
0.000000 0.093117
0.000000 0.050315
0.000000 0.038623
0.000000 0.095677
0.000000 0.035253
0.000000 0.032129
0.000000 0.043786
0.000000 0.117718
0.000000 0.032119
0.000000 0.026809
0.000000 0.071597
0.000000 0.080262
0.000000 0.022075
0.000000 0.025341
0.000000 0.023703
0.000000 0.031846
0.000000 0.024256
0.000000 0.015456
0.000000 0.043933
0.000000 0.035671
0.000000 0.019649
0.000000 0.034628
0.000000 0.033170
0.000000 0.038224
0.000000 0.115937
0.000000 0.020269
0.000000 0.028889
0.000000 0.034085
0.000000 0.022211
0.000000 0.015551
0.000000 0.107356
0.000000 0.083759
0.000000 0.033333
0.000000 0.107009
0.000000 0.128204
0.000000 0.046285
0.000000 0.066064
0.000000 0.059870
0.000000 0.051304
0.000000 0.028062
0.000000 0.020134
0.000000 0.022772
0.000000 0.015425
0.000000 0.047438
0.000000 0.038467
0.000000 0.021666
0.000000 0.030138
0.000000 0.014873
0.000000 0.025807
0.000000 0.026352
0.000000 0.040610
0.000000 0.016327
0.000000 0.030280
0.000000 0.038762
0.000000 0.019611
0.000000 0.022675
0.000000 0.029194
0.000000 0.022423
0.000000 0.035506
0.000000 0.017424
0.000000 0.022082
0.000000 0.025529
0.000000 0.043666
0.000000 0.060836
0.000000 0.038368
0.000000 0.030381
0.000000 0.018718
0.000000 0.039140
0.000000 0.029787
0.000000 0.018764
0.000000 0.013136
0.000000 0.059652
0.000000 0.070089
0.000000 0.024547
0.000000 0.024321
0.000000 0.025348
0.000000 0.020238
0.000000 0.030731
0.000000 0.020419
0.000000 0.024625
0.000000 0.019172
0.000000 0.031544
0.000000 0.039120
0.000000 0.034391
0.000000 0.035859
0.000000 0.018333
0.000000 0.083932
0.000000 0.043074
0.000000 0.024137
0.000000 0.031384
0.000000 0.029379
0.000000 0.023882
0.000000 0.061226
0.000000 0.016229
0.000000 0.030265
0.000000 0.016123
0.000000 0.018145
0.000000 0.040291
0.000000 0.043513
0.000000 0.037619
0.000000 0.054777
0.000000 0.039216
0.000000 0.038232
0.000000 0.050710
0.000000 0.037244
0.000000 0.030965
0.000000 0.036517
0.000000 0.025560
0.000000 0.027215
0.000000 0.050737
0.000000 0.094112
0.000000 0.061247
0.000000 0.061537
0.000000 0.038999
0.000000 0.029953
0.000000 0.047365
0.000000 0.033544
0.000000 0.014925
0.000000 0.026014
0.000000 0.074907
0.000000 0.063512
0.000000 0.033046
0.000000 0.038488
0.000000 0.033549
0.000000 0.025932
0.000000 0.025489
0.000000 0.022616
0.000000 0.019834
0.000000 0.017008
0.000000 0.030069
0.000000 0.022573
0.000000 0.049837
0.000000 0.043313
0.000000 0.039570
0.000000 0.046812
0.000000 0.030882
0.000000 0.021466
0.000000 0.021535
0.000000 0.023400
0.000000 0.043667
0.000000 0.074208
0.000000 0.046547
0.000000 0.037545
0.000000 0.114741
0.000000 0.048970
0.000000 0.037289
0.000000 0.034349
0.000000 0.022712
0.000000 0.030492
0.000000 0.020127
0.000000 0.019628
0.000000 0.032296
0.000000 0.059122
0.000000 0.024891
0.000000 0.027897
0.000000 0.026510
0.000000 0.020324
0.000000 0.072943
0.000000 0.021812
0.000000 0.017388
0.000000 0.035374
0.000000 0.032684
0.000000 0.026102
0.000000 0.055530
0.000000 0.073808
0.000000 0.045254
0.000000 0.357385
0.000000 0.037251
0.000000 0.161225
0.000000 0.018044
0.000000 0.092841
0.000000 0.078099
0.000000 0.027353
0.000000 0.022828
0.000000 0.011862
0.000000 0.041419
0.000000 0.025513
0.000000 0.017864
0.000000 0.031348
0.000000 0.035728
0.000000 0.020483
0.000000 0.041326
0.000000 0.054230
0.000000 0.020417
0.000000 0.031846
0.000000 0.046977
0.000000 0.018967
0.000000 0.025775
0.000000 0.017821
0.000000 0.027448
0.000000 0.027925
0.000000 0.051511
0.000000 0.017904
0.000000 0.037797
0.000000 0.049982
0.000000 0.024471
0.000000 0.033466
0.000000 0.044553
0.000000 0.047473
0.000000 0.057278
0.000000 0.128456
0.000000 0.074208
0.000000 0.066221
0.000000 0.128271
0.000000 0.041581
0.000000 0.082396
0.000000 0.057109
0.000000 0.049321
0.000000 0.036145
0.000000 0.084848
0.000000 0.025855
0.000000 0.030636
0.000000 0.058805
0.000000 0.051275
0.000000 0.042759
0.000000 0.063963
0.000000 0.024882
0.000000 0.029072
0.000000 0.046486
0.000000 0.026509
0.000000 0.030366
0.000000 0.081820
0.000000 0.040352
0.000000 0.023167
0.000000 0.026657
0.000000 0.041284
0.000000 0.124029
0.000000 0.039703
0.000000 0.013641
0.000000 0.023164
0.000000 0.013178
0.000000 0.029450
0.000000 0.039236
0.000000 0.014966
0.000000 0.016526
0.000000 0.034055
0.000000 0.077452
0.000000 0.027370
0.000000 0.034495
0.000000 0.055493
0.000000 0.037603
0.000000 0.026897
0.000000 0.033401
0.000000 0.041387
0.000000 0.047565
0.000000 0.088624
