-47579621.649524
-48097742.219875
-48180242.631954
-47501961.866744
-47825518.650969
-47420964.947330
-47371143.207507
-52679013.195382
-49073861.119653
-47405099.817397
-49034891.270152
-47666891.921407
-47591099.346999
-49110713.401464
-48763507.256158
-47405115.504561
-47859898.945858
-49002805.368354
-48057059.482716
-47737367.198379
-48911769.769014
-47420969.052186
-47494721.852938
-47420963.658687
-47405115.053089
-48128574.027067
-48953336.517901
-48457589.309137
-48992508.764119
-47371157.323158
-47738752.164580
-49048468.517625
-47650063.427651
-47371150.890787
-48957164.379622
-48285804.323262
-49059595.638361
-47809279.950143
-47371165.540238
-49328434.479460
-47491201.837438
-47405103.611864
-47371153.131291
-48983614.581521
-47489729.184380
-48274677.095362
-47491206.542320
-49039697.905214
-47405120.932120
-47405104.891349
-48008981.788332
-48970265.789391
-47489741.400802
-47405102.351061
-47405102.559996
-47551154.710569
-48345434.069085
-47688602.172980
-47470962.652171
-48243091.133664
-49038355.469949
-47729672.626874
-47470940.267835
-47729675.699229
-47405100.094423
-47405101.362014
-47371151.496235
-48959372.872283
-47371150.116007
-47491195.281925
-48016094.036101
-47623328.942928
-47720057.205806
-47405101.017140
-48211988.146430
-47737373.153502
-47923089.554583
-47371146.441469
-47501961.087560
-48049810.436634
-47405106.307099
-49057803.148212
-48938796.756877
-49360664.762174
-48947203.536019
-47591097.102538
-48931004.092841
-48912100.927025
-49050770.632167
-48294763.850271
-48094444.895198
-48998174.970147
-49007214.667106
-48947631.171179
-47981851.134472
-48953344.401377
-47591100.018201
-48049463.027728
-48992511.301293
-48113725.488211
