-45938286.970692
-46028203.953888
-45546576.148475
-45777227.611566
-46753276.413777
-45719683.540738
-45873973.895023
-45949305.631761
-45849114.288240
-46015123.660573
-46028237.378280
-46122757.101734
-45918549.954868
-46158355.848332
-45877654.685463
-46028254.733375
-45517304.453742
-46307152.160030
-45994288.561989
-45682712.180249
-46831862.918974
-46174010.706226
-46010247.967324
-46271269.489257
-46375004.568022
-45996816.245373
-46266596.845666
-46031342.678775
-46794651.289924
-46191681.849406
-45850164.428997
-46836192.619886
-46092278.955678
-46758278.664982
-45792935.331416
-46304205.999566
-45737015.864581
-45861531.787236
-46749213.965574
-46544963.258401
-45864473.618327
-46717885.914362
-46847981.331201
-46341893.827507
-46291149.460928
-46271236.532006
-45763867.418700
-46029919.647186
-45986326.826275
-47579956.747552
-45917330.677790
-46023510.600206
-46057568.329421
-46150295.825855
-46217863.075489
-48258004.662516
-46693662.866585
-46477167.916796
-46248200.882580
-46449638.879142
-46085382.146449
-45998671.579683
-46290026.955323
-46129654.138778
-46876413.874381
-46603831.661689
-45794072.394360
-46763372.814921
-46238721.991797
-46088598.059875
-46028238.857375
-46627456.221982
-46296280.697581
-46720543.111864
-46033134.029590
-46044056.076662
-45994275.919266
-45717159.328969
-45924270.649829
-46234326.144729
-46863003.321693
-46007659.876757
-45918973.765252
-46753834.539629
-46114345.664044
-46395799.669151
-45976723.464191
-46104508.112274
-46332104.324507
-46022576.494442
-45739670.098283
-45999638.926539
-46028253.717337
-46691284.900060
-45951116.619842
-45675611.768988
-45865186.444062
-46734635.085621
-46182205.972968
-46155761.301072
