-44832052.407158
-44653288.490925
-44826236.464101
-45209255.395475
-43939718.074129
-44640741.808512
-44897511.276275
-44129178.640370
-44838024.614117
-44958632.335268
-44128189.977227
-44377057.726809
-44776346.099517
-44936050.292472
-44229434.397260
-44459891.488308
-44458232.926067
-44823833.119550
-44764895.216730
-46004218.914565
-44679702.692849
-44356722.753174
-44679608.701777
-44497424.934295
-44418325.286255
-44769084.304825
-45650137.816513
-44395316.591522
-44019476.896128
-44665200.931223
-44615306.263660
-44576622.368888
-44693963.011399
-45871197.848417
-44354553.169579
-46258714.875045
-45859301.630775
-44564867.244516
-43926855.592631
-45469053.153711
-44500273.941105
-44274064.948864
-44775895.202375
-45127012.012091
-45318599.529943
-44663980.439461
-44456751.839847
-44398352.935240
-45113838.011747
-44243074.004566
-44610330.982204
-44478720.495669
-46077052.752898
-44732547.476726
-44898649.268200
-44742715.741830
-44745494.623447
-45489219.774906
-44871800.191512
-44367794.446851
-44484250.916561
-44516443.655607
-44703732.588819
-44334615.476253
-43945104.068700
-44752737.268968
-44582118.398989
-44671176.993599
-44404505.919507
-45091880.111296
-44811226.124716
-44841033.380960
-44391324.327813
-44657030.410949
-46077069.519755
-45320033.260624
-45794775.024573
-44402690.423524
-44322855.622503
-44441734.353920
-44831807.735195
-45075032.508817
-44250317.507502
-45861066.918303
-44284284.256230
-44655188.566628
-44596179.198821
-44564443.016216
-44087176.808770
-45049476.124580
-44298260.029870
-44502663.307321
-44317033.997665
-44718260.140907
-44143542.989823
-44844595.107887
-45347387.682983
-44265582.801071
-45406551.434446
-44187715.737629
