-42752774.297196
-44056409.437501
-42845457.203711
-43337144.386263
-43339378.645708
-43280598.895198
-43194493.140447
-43239157.392331
-43500897.046269
-42730198.220706
-43822136.936439
-43421129.111696
-42832608.509002
-43462787.676815
-42945019.847436
-43714043.360900
-43005204.655824
-43011245.365420
-43025361.397659
-43154152.261422
-42734717.675914
-43045589.200459
-42909081.752978
-42950012.436570
-42715240.499298
-43570572.397455
-42916841.740201
-43450312.116357
-42802063.028855
-42669389.156912
-42858300.917368
-42906254.447532
-42786422.705192
-43089259.464294
-43655000.136408
-44126941.742012
-42715032.281607
-42658841.989097
-42997264.752630
-43344486.186154
-43028930.765303
-42973224.886051
-43093192.720234
-43802217.025648
-42963727.167857
-42784826.309777
-43466417.520503
-44066679.701228
-42872369.830483
-43566778.484014
-42741207.562764
-42834161.994821
-42993688.674777
-43370460.129193
-43398396.170219
-42887260.180407
-42561840.836878
-43083188.266775
-42815642.539367
-42816316.541810
-43874001.672775
-43236453.967084
-42896399.166726
-43082119.994475
-43659514.397815
-43284174.156182
-43359546.416743
-42946585.432437
-42604107.434383
-43021320.308949
-42513928.835030
-43819942.343579
-43500078.648942
-43142738.967956
-42966154.306966
-43361438.491026
-43416578.251823
-43291078.510131
-42723784.817804
-43240936.879701
-43519899.726969
-43275118.292759
-43934759.675442
-43210852.953355
-42477643.086932
-43961158.918099
-43012542.169997
-43203307.036050
-42618861.550520
-43582612.319365
-43420141.232471
-43077023.792793
-42909735.651483
-43060174.592683
-42819053.081252
-43625609.999844
-42935985.511241
-42976779.994216
-43920851.202415
-42599032.987520
