-42182417.622564
-41982951.787903
-41077527.175984
-41338024.365060
-41421363.888805
-42445148.097090
-41228900.492175
-42245099.490963
-41566298.869039
-41660230.843283
-41930716.716031
-41918461.409623
-41957804.475064
-41722734.352483
-41554916.754537
-41531243.845706
-42214591.867009
-41821543.691245
-41623093.371480
-41881375.132265
-41813423.496543
-42763538.591680
-42004804.545084
-41369430.518118
-41572330.971893
-42534545.310381
-42327659.987577
-42035463.814317
-42199754.663447
-41242640.658755
-41642160.861827
-42460883.139033
-42113136.269205
-42398715.013590
-41555707.129077
-41933526.340870
-42357666.684718
-41690750.216122
-42472632.097382
-41354431.916937
-41113334.471039
-42292769.308223
-41492583.571298
-42235854.561420
-41785406.565764
-41885755.337348
-41122334.786384
-41506734.254250
-41982343.500101
-41684690.855542
-42157380.206000
-41742557.099113
-41661072.621143
-41355331.262206
-41817401.106439
-41618328.726896
-41369798.823586
-41951040.099635
-41373549.798528
-41706593.322717
-41468223.459518
-41496618.424912
-42253057.723735
-42222828.075930
-41121444.114375
-41965518.040243
-41521591.669056
-41394077.744092
-42647913.450721
-41500177.582810
-41752578.520503
-41123843.601967
-41470323.706042
-41948139.464139
-41997546.360461
-42121982.251134
-42109022.921250
-42017309.224095
-41725883.641393
-41772724.311016
-42053768.955811
-42169459.659615
-41658728.683857
-42065464.701642
-42007733.170319
-41694055.802816
-41662043.633912
-42114085.125492
-41986686.648802
-42597971.982857
-42784953.768213
-41796871.784331
-41759691.557669
-41384547.481465
-41924513.336296
-41341102.629164
-41387627.017233
-41477231.394483
-41992136.262535
-41834611.988304
