-40861798.798012
-40553198.969790
-40468368.785215
-39799616.285835
-40072686.006961
-40056767.660679
-40772254.020845
-40486792.323803
-39947803.933577
-40494219.814617
-39723274.546396
-39930924.014241
-40469930.272185
-40524015.577971
-40439543.911386
-40884783.236377
-40398309.333424
-40048705.605905
-40064582.802538
-40446333.210938
-40707456.385055
-40020679.874917
-39830734.156600
-40545036.443054
-40438620.900495
-40314738.220772
-40083477.843078
-40470212.968957
-40785798.352192
-39994352.669077
-40331692.936711
-39917309.113983
-40637353.168983
-41277027.622356
-40157998.167719
-40722644.066030
-40419617.180193
-40164662.134179
-40166544.493926
-41357393.884485
-40274325.018578
-40557397.515630
-40033009.251392
-40364211.747611
-39928471.462965
-41315161.726302
-40458627.909624
-40255671.945520
-42149347.416535
-40920211.691247
-40175037.039561
-39844974.538840
-40450391.976559
-39765975.669967
-40237253.912735
-40610876.983351
-40458985.253243
-41034957.470362
-40577612.455666
-40631051.735375
-40748903.352992
-40583345.952832
-40042819.674161
-41261036.265092
-39657539.689919
-41072442.290930
-41161005.912439
-40565173.280186
-40135123.483946
-40654667.944189
-40255149.105213
-41236219.457720
-40020322.946295
-40536324.753708
-40541035.372474
-40631947.869487
-40530706.403691
-41333945.514961
-41087818.088741
-40837764.130659
-41633301.017256
-40645213.556079
-40054528.843094
-40811687.308526
-41144520.317029
-40467586.083303
-40689251.044068
-41187386.694789
-40449338.383968
-40526965.471077
-40223932.105974
-40331570.147638
-40796722.105907
-40315720.274580
-39905286.063425
-40267895.137758
-40603231.085329
-40340972.093408
-40122675.020498
-39992060.199870
