  6.785417  12.092557
  1.227622  27.283773
 12.204703  14.819917
  0.446069  22.103232
 10.536263  -9.182969
 -5.204284  20.986480
 -5.599701  34.277203
  7.426158  20.402302
-18.420729  23.080866
-12.125328  22.286495
-22.435870  21.941333
  1.354060  28.847690
-18.571565  20.893351
 -5.792180  13.762925
  5.836694  11.443219
-31.515107  27.438292
 -6.603908  17.969673
 -4.408598  33.723471
  8.735642   9.633425
 -7.632865  27.866947
-29.440431  22.563471
 -2.040006  17.521212
 15.829163  15.050235
  8.673450  48.587401
  7.075559  20.069274
  4.166994  31.755866
-24.064000  32.946284
  4.879311  16.311849
  2.674499  33.201276
