 -6.152216  30.534270
  2.687949  12.154504
-18.465616  32.413587
-19.237910  18.266054
-16.729185  35.861852
-12.766260  38.518916
 17.256553 -16.339490
 10.381195  35.587192
-20.973149  34.670857
-13.823252  31.860133
-22.647100  35.089614
 10.498752  14.603439
-14.717999  17.223444
-17.697161  24.959880
 -0.676060  18.365857
 12.844683  36.638973
  6.736885   0.633482
 16.746175  31.879631
  8.957708  -1.825362
 14.117588  24.354693
  4.738022  29.534264
 11.127987  -0.955206
 11.511214  22.956919
-12.481089  30.966905
