0.000000 0.051823
0.000000 0.046389
0.000000 0.128687
0.000000 0.039477
0.000000 0.124216
0.000000 0.156134
0.000000 0.436632
0.000000 0.050440
0.000000 0.042459
0.000000 0.018279
0.000000 0.021956
0.000000 0.058466
0.000000 0.034064
0.000000 0.024308
0.000000 0.022696
0.000000 0.035125
0.000000 0.043650
0.000000 0.025250
0.000000 0.077026
0.000000 0.286205
0.000000 0.103329
0.000000 0.333690
0.000000 0.084345
0.000000 0.059605
0.000000 0.022666
0.000000 0.028223
0.000000 0.044885
0.000000 0.039915
0.000000 0.089999
0.000000 0.092342
0.000000 0.233329
0.000000 0.038805
0.000000 0.045871
0.000000 0.025885
0.000000 0.044533
0.000000 0.057618
0.000000 0.048076
0.000000 0.078895
0.000000 0.040586
0.000000 0.125044
0.000000 0.042703
0.000000 0.045321
0.000000 0.051032
0.000000 0.064373
0.000000 0.114607
0.000000 0.079303
0.000000 0.067035
0.000000 0.560552
0.000000 0.253334
0.000000 0.058183
0.000000 0.074466
0.000000 0.181747
0.000000 0.044789
0.000000 0.113250
0.000000 0.037095
0.000000 0.323901
0.000000 0.080360
0.000000 0.044873
0.000000 0.049984
0.000000 0.024512
0.000000 0.081837
0.000000 0.027102
0.000000 0.066342
0.000000 0.045891
0.000000 0.046986
0.000000 0.035297
0.000000 0.024112
0.000000 0.054107
0.000000 0.127309
0.000000 0.116008
0.000000 0.023458
0.000000 0.019932
0.000000 0.042115
0.000000 0.138729
0.000000 0.026482
0.000000 0.101196
0.000000 0.046529
0.000000 0.037877
0.000000 0.032403
0.000000 0.041602
0.000000 0.026260
0.000000 0.042740
0.000000 0.045172
0.000000 0.059822
0.000000 0.084761
0.000000 0.038810
0.000000 0.039759
0.000000 0.168982
0.000000 0.059082
0.000000 0.072774
0.000000 0.073385
0.000000 0.063799
0.000000 0.125168
0.000000 0.247231
0.000000 0.079589
0.000000 0.031572
0.000000 0.037613
0.000000 0.027844
0.000000 0.033746
0.000000 0.047374
0.000000 0.071529
0.000000 0.152150
0.000000 0.112229
0.000000 0.047689
0.000000 0.054496
0.000000 0.042446
0.000000 0.062608
0.000000 0.091396
0.000000 0.043888
0.000000 0.035261
0.000000 0.088605
0.000000 0.016167
0.000000 0.050428
0.000000 0.046256
0.000000 0.035352
0.000000 0.063072
0.000000 0.053005
0.000000 0.070536
0.000000 0.050405
0.000000 0.217995
0.000000 0.076010
0.000000 0.080045
0.000000 0.113158
0.000000 0.061093
0.000000 0.045446
0.000000 0.060680
0.000000 0.045087
0.000000 0.021436
0.000000 0.019603
0.000000 0.057206
0.000000 0.019077
0.000000 0.048841
0.000000 0.041112
0.000000 0.091833
0.000000 0.028424
0.000000 0.035221
0.000000 0.035838
0.000000 0.109622
0.000000 0.076896
0.000000 0.047459
0.000000 0.106122
0.000000 0.043574
0.000000 0.054849
0.000000 0.025155
0.000000 0.044950
0.000000 0.045079
0.000000 0.053465
0.000000 0.035448
0.000000 0.050715
0.000000 0.058969
0.000000 0.110719
0.000000 0.060140
0.000000 0.026734
0.000000 0.024973
0.000000 0.061318
0.000000 0.024150
0.000000 0.046286
0.000000 0.027010
0.000000 0.059751
0.000000 0.268808
0.000000 0.098160
0.000000 0.052210
0.000000 0.030448
0.000000 0.035208
0.000000 0.052158
0.000000 0.140945
0.000000 0.083141
0.000000 0.050083
0.000000 0.041804
0.000000 0.188672
0.000000 0.044279
0.000000 0.117619
0.000000 0.037869
0.000000 0.158581
0.000000 0.053617
0.000000 0.033165
0.000000 0.149055
0.000000 0.088954
0.000000 0.045821
0.000000 0.108014
0.000000 0.036731
0.000000 0.043235
0.000000 0.040580
0.000000 0.030575
0.000000 0.100681
0.000000 0.041247
0.000000 0.048478
0.000000 0.025505
0.000000 0.047983
0.000000 0.014363
0.000000 0.026718
0.000000 0.056725
0.000000 0.039543
0.000000 0.040903
0.000000 0.062271
0.000000 0.035152
0.000000 0.078932
0.000000 0.019266
0.000000 0.087827
0.000000 0.045543
0.000000 0.059697
0.000000 0.056490
0.000000 0.053044
0.000000 0.086852
0.000000 0.032292
0.000000 0.030703
0.000000 0.087060
0.000000 0.033080
0.000000 0.058222
0.000000 0.047210
0.000000 0.129881
0.000000 0.083224
0.000000 0.193440
0.000000 0.046891
0.000000 0.027794
0.000000 0.074442
0.000000 0.049443
0.000000 0.045526
0.000000 0.034902
0.000000 0.151045
0.000000 0.034282
0.000000 0.046678
0.000000 0.036239
0.000000 0.045500
0.000000 0.040694
0.000000 0.042396
0.000000 0.070708
0.000000 0.032176
0.000000 0.026070
0.000000 0.068242
0.000000 0.030321
0.000000 0.039239
0.000000 0.032708
0.000000 0.104447
0.000000 0.077993
0.000000 0.057452
0.000000 0.030319
0.000000 0.055519
0.000000 0.060387
0.000000 0.049220
0.000000 0.040203
0.000000 0.053856
0.000000 0.057029
0.000000 0.057023
0.000000 0.027598
0.000000 0.062879
0.000000 0.073100
0.000000 0.019896
0.000000 0.099498
0.000000 0.142408
0.000000 0.927551
0.000000 0.028744
0.000000 0.026448
0.000000 0.027429
0.000000 0.018928
0.000000 0.027507
0.000000 0.024270
0.000000 0.040176
0.000000 0.019695
0.000000 0.030314
0.000000 0.040920
0.000000 0.025909
0.000000 0.065396
0.000000 0.090830
0.000000 0.031004
0.000000 0.035922
0.000000 0.066263
0.000000 0.018857
0.000000 0.055300
0.000000 0.105861
0.000000 0.063753
0.000000 0.046647
0.000000 0.017702
0.000000 0.050128
0.000000 0.022591
0.000000 0.038064
0.000000 0.025193
0.000000 0.121133
0.000000 0.107600
0.000000 0.037140
0.000000 0.050845
0.000000 0.067002
0.000000 0.036648
0.000000 0.107868
0.000000 0.042990
0.000000 0.406145
0.000000 0.025862
0.000000 0.025494
0.000000 0.072659
0.000000 0.094624
0.000000 0.291076
0.000000 0.061889
0.000000 0.073935
0.000000 0.023637
0.000000 0.134381
0.000000 0.030726
0.000000 0.094752
0.000000 0.033098
0.000000 0.060719
0.000000 0.039433
0.000000 0.078837
0.000000 0.054121
0.000000 0.038318
0.000000 0.329042
0.000000 0.139683
0.000000 0.085727
0.000000 0.047278
0.000000 0.084589
0.000000 0.050208
0.000000 0.022615
0.000000 0.016337
0.000000 0.047676
0.000000 0.034732
0.000000 0.043404
0.000000 0.029336
0.000000 0.046681
0.000000 0.041733
0.000000 0.080884
0.000000 0.076250
0.000000 0.038706
0.000000 0.120581
0.000000 0.053902
0.000000 0.072587
0.000000 0.278146
0.000000 0.243346
0.000000 0.062402
0.000000 0.022713
0.000000 2.327501
0.000000 0.064539
0.000000 0.031844
0.000000 0.046230
0.000000 0.026846
0.000000 0.038330
0.000000 0.016870
0.000000 0.047707
0.000000 0.068514
0.000000 0.150671
0.000000 0.080667
0.000000 0.031822
0.000000 0.074149
0.000000 0.021110
0.000000 0.204023
0.000000 0.023985
0.000000 0.236086
0.000000 0.063768
0.000000 0.035437
0.000000 0.017841
0.000000 0.018235
0.000000 0.016706
0.000000 0.079814
0.000000 0.022952
0.000000 0.019784
0.000000 0.077641
0.000000 0.081815
0.000000 0.054512
0.000000 0.293116
0.000000 0.100666
0.000000 0.078105
0.000000 0.029683
0.000000 0.040843
0.000000 0.094797
0.000000 0.043519
0.000000 0.032581
0.000000 0.143307
0.000000 0.037124
0.000000 0.067431
0.000000 0.042614
0.000000 0.034239
0.000000 0.048647
0.000000 0.082214
0.000000 0.209833
0.000000 0.045819
0.000000 0.049903
0.000000 0.033395
0.000000 0.045727
0.000000 0.077701
0.000000 0.043137
0.000000 0.046301
0.000000 0.044184
0.000000 0.013653
0.000000 0.148157
0.000000 0.052491
0.000000 0.101981
0.000000 0.059315
0.000000 0.061692
0.000000 0.043358
0.000000 0.043418
0.000000 0.032477
0.000000 0.036639
0.000000 0.102732
0.000000 0.068270
0.000000 0.031981
0.000000 0.023881
0.000000 0.038295
0.000000 0.175795
0.000000 0.043873
0.000000 0.082018
0.000000 0.075475
0.000000 0.041187
0.000000 0.019257
0.000000 0.024772
0.000000 0.038807
0.000000 0.049215
0.000000 0.082452
0.000000 0.039187
0.000000 0.032510
0.000000 0.018819
0.000000 0.036616
0.000000 0.040040
0.000000 0.033484
0.000000 0.147125
0.000000 0.710110
0.000000 0.092143
0.000000 0.043611
0.000000 0.156291
0.000000 0.020150
0.000000 0.024123
0.000000 0.077813
0.000000 0.063018
0.000000 0.046209
0.000000 0.072597
0.000000 0.053565
0.000000 0.020443
0.000000 0.039427
0.000000 0.109014
0.000000 0.024196
0.000000 0.249110
0.000000 0.069819
0.000000 0.329290
0.000000 0.079413
0.000000 0.023745
0.000000 0.074587
0.000000 0.064589
0.000000 0.075347
0.000000 0.021304
0.000000 0.035119
0.000000 0.040145
0.000000 0.020738
0.000000 0.030670
0.000000 0.034216
0.000000 0.038527
0.000000 0.052850
0.000000 0.052160
0.000000 0.087948
0.000000 0.064785
0.000000 0.019741
0.000000 0.064691
0.000000 0.031044
0.000000 0.050539
0.000000 0.047935
0.000000 0.071824
0.000000 0.049302
0.000000 1.497013
0.000000 0.158262
0.000000 0.342379
0.000000 1.847477
0.000000 0.090604
0.000000 0.117710
0.000000 0.062408
0.000000 0.116293
0.000000 0.141561
0.000000 0.103437
0.000000 0.068290
0.000000 0.041631
0.000000 0.225283
0.000000 0.117763
0.000000 0.046072
0.000000 0.065176
0.000000 0.048792
0.000000 0.067881
0.000000 0.030917
0.000000 0.039268
0.000000 0.073244
0.000000 0.236474
0.000000 0.051321
0.000000 0.038079
0.000000 0.055250
0.000000 0.028579
0.000000 0.025654
0.000000 0.058783
0.000000 0.033429
0.000000 0.023576
0.000000 0.049075
0.000000 0.118998
0.000000 0.088923
0.000000 0.060772
0.000000 0.084674
0.000000 0.066227
0.000000 1.847664
0.000000 0.226245
0.000000 0.100486
0.000000 0.053181
0.000000 0.075623
0.000000 0.067872
0.000000 0.016806
0.000000 0.046693
0.000000 0.033212
0.000000 0.057697
0.000000 0.163176
0.000000 0.032003
0.000000 0.061994
0.000000 0.042339
0.000000 0.058483
0.000000 0.033555
0.000000 0.022464
0.000000 0.028731
0.000000 0.071053
0.000000 0.047429
0.000000 0.031851
0.000000 0.037411
0.000000 0.061755
0.000000 0.040763
0.000000 0.016508
0.000000 0.015889
0.000000 0.023419
0.000000 0.159976
0.000000 0.036142
0.000000 0.085556
0.000000 0.091249
0.000000 0.020423
0.000000 0.027793
0.000000 0.042534
0.000000 0.025405
0.000000 0.029482
0.000000 0.018219
0.000000 0.068832
0.000000 0.033042
0.000000 0.039314
0.000000 0.028752
0.000000 0.052896
0.000000 0.040125
0.000000 0.054198
0.000000 0.048244
0.000000 0.033097
0.000000 0.053642
0.000000 0.027880
0.000000 0.048981
0.000000 0.057357
0.000000 0.030688
0.000000 0.040604
0.000000 0.061454
0.000000 0.060255
0.000000 0.118342
0.000000 0.027794
0.000000 0.048937
0.000000 0.060052
0.000000 0.154247
0.000000 0.035195
0.000000 0.037715
0.000000 0.029834
0.000000 0.028343
0.000000 0.042675
0.000000 0.029990
0.000000 0.113999
0.000000 0.030950
0.000000 0.050924
0.000000 0.076473
0.000000 0.074523
0.000000 0.037739
0.000000 0.033405
0.000000 0.071499
0.000000 0.035037
0.000000 0.051177
0.000000 0.051062
0.000000 0.071494
0.000000 0.024378
0.000000 0.201659
0.000000 0.070359
0.000000 0.039560
0.000000 0.023785
0.000000 0.047364
0.000000 0.023020
0.000000 0.028524
0.000000 0.024831
0.000000 0.028281
0.000000 0.057821
0.000000 0.198579
0.000000 0.059102
0.000000 0.013297
0.000000 0.021100
0.000000 0.075051
0.000000 0.370763
0.000000 0.087006
0.000000 0.055921
0.000000 0.029601
0.000000 0.014971
0.000000 0.064890
0.000000 0.027267
0.000000 0.066215
0.000000 0.055584
0.000000 0.051897
0.000000 0.051184
0.000000 0.126308
0.000000 0.117916
0.000000 0.077521
0.000000 0.095318
0.000000 0.039339
0.000000 0.012892
0.000000 0.117933
0.000000 0.040360
0.000000 0.065059
0.000000 0.144082
0.000000 0.087776
0.000000 0.055433
0.000000 0.048876
0.000000 0.045743
0.000000 0.267267
0.000000 0.093299
0.000000 0.050468
0.000000 0.049662
0.000000 0.021872
0.000000 0.020298
0.000000 0.021598
0.000000 0.034372
0.000000 0.017659
0.000000 0.029693
0.000000 0.023231
0.000000 0.075220
0.000000 0.020103
0.000000 0.069452
0.000000 0.039721
0.000000 0.141451
0.000000 0.075726
0.000000 0.026190
0.000000 0.050307
0.000000 0.074614
0.000000 0.075129
0.000000 0.116518
0.000000 0.035631
0.000000 0.044946
0.000000 0.028670
0.000000 0.148426
0.000000 0.259880
0.000000 0.139184
0.000000 0.124446
0.000000 0.014270
0.000000 0.021240
0.000000 0.058900
0.000000 0.015099
0.000000 0.025149
0.000000 0.025604
0.000000 0.033530
0.000000 0.025883
0.000000 0.044466
0.000000 0.036643
0.000000 0.026650
0.000000 0.121902
0.000000 0.060483
0.000000 0.106431
0.000000 0.044412
0.000000 0.136068
0.000000 0.049996
0.000000 0.080927
0.000000 0.033218
0.000000 0.040371
0.000000 0.040125
0.000000 0.046508
0.000000 0.091301
0.000000 0.070860
0.000000 0.120438
0.000000 0.038308
0.000000 0.036934
0.000000 0.029072
0.000000 0.023659
0.000000 0.063453
0.000000 0.088597
0.000000 0.054695
0.000000 0.025200
0.000000 0.021488
0.000000 0.024518
0.000000 0.024280
0.000000 0.054771
0.000000 0.086292
0.000000 0.042670
0.000000 0.022456
0.000000 0.032088
0.000000 0.037862
0.000000 0.091637
0.000000 0.030813
0.000000 0.035824
0.000000 0.030280
0.000000 0.048087
0.000000 0.034275
0.000000 0.026653
0.000000 0.026013
0.000000 0.044868
0.000000 0.947868
0.000000 0.028079
0.000000 0.137420
0.000000 0.077610
0.000000 0.029818
0.000000 0.035336
0.000000 0.067997
0.000000 0.020968
0.000000 0.018635
0.000000 0.019224
0.000000 0.065872
0.000000 0.122026
0.000000 0.036641
0.000000 0.028846
0.000000 0.125368
0.000000 0.051923
0.000000 0.146260
0.000000 0.080134
0.000000 0.049074
0.000000 0.046372
0.000000 0.042263
0.000000 0.073966
0.000000 0.021400
0.000000 0.016590
0.000000 0.053288
0.000000 0.124134
0.000000 0.052219
0.000000 0.036304
0.000000 0.049856
0.000000 0.049539
0.000000 0.065327
0.000000 0.022230
0.000000 0.025641
0.000000 0.025488
0.000000 0.027020
0.000000 0.021469
0.000000 0.012899
0.000000 0.026807
0.000000 0.187721
0.000000 0.023791
0.000000 0.052204
0.000000 0.066000
0.000000 0.071045
0.000000 0.026918
0.000000 0.064607
0.000000 0.019813
0.000000 0.028684
0.000000 0.090860
0.000000 0.054544
0.000000 0.023686
0.000000 0.024791
0.000000 0.059658
0.000000 0.023993
0.000000 0.022536
0.000000 0.040241
0.000000 0.017130
0.000000 0.030706
0.000000 0.014297
0.000000 0.083023
0.000000 0.055035
0.000000 0.030893
0.000000 0.138351
0.000000 0.069048
0.000000 0.022067
0.000000 0.063184
0.000000 0.058938
0.000000 0.033916
0.000000 0.030175
0.000000 0.052594
0.000000 0.056805
0.000000 0.034235
0.000000 0.033415
0.000000 0.075444
0.000000 0.038876
0.000000 0.033190
0.000000 0.031263
0.000000 0.059233
0.000000 0.035140
0.000000 0.016400
0.000000 0.023207
0.000000 0.038710
0.000000 0.055821
0.000000 0.033266
0.000000 0.029887
0.000000 0.031936
0.000000 0.032874
0.000000 0.034296
0.000000 0.037025
0.000000 0.046195
0.000000 0.034435
0.000000 0.086746
0.000000 0.055317
0.000000 0.081147
0.000000 0.036691
0.000000 0.035947
0.000000 0.045254
0.000000 0.029236
0.000000 0.036117
0.000000 0.072982
0.000000 0.051729
0.000000 0.032512
0.000000 0.117689
0.000000 0.048139
0.000000 0.030274
0.000000 0.032463
0.000000 0.063347
0.000000 0.039367
0.000000 0.057629
0.000000 0.042898
0.000000 0.024309
0.000000 0.284416
0.000000 0.033468
0.000000 0.028166
0.000000 0.024629
0.000000 0.057257
0.000000 0.055401
0.000000 0.063699
0.000000 0.040821
0.000000 0.035816
0.000000 0.069759
0.000000 0.064858
0.000000 0.163547
0.000000 0.109101
0.000000 0.030805
0.000000 0.093897
0.000000 0.076465
0.000000 0.036140
0.000000 0.031628
0.000000 0.045080
0.000000 0.194779
0.000000 0.101318
0.000000 0.213490
0.000000 0.084712
0.000000 0.074095
0.000000 0.080013
0.000000 0.047110
0.000000 0.097584
0.000000 0.024672
0.000000 0.106270
0.000000 0.026790
0.000000 0.028393
0.000000 0.038432
0.000000 0.028724
0.000000 0.039931
0.000000 0.045464
0.000000 0.027078
0.000000 0.038439
0.000000 0.026867
0.000000 0.030770
0.000000 0.032530
0.000000 0.049401
0.000000 0.039843
0.000000 0.050924
0.000000 0.044851
0.000000 0.039076
0.000000 0.038592
0.000000 0.045717
0.000000 0.024894
0.000000 0.016231
0.000000 0.019589
0.000000 0.015612
0.000000 0.026250
0.000000 0.061380
0.000000 0.045914
0.000000 0.096041
0.000000 0.143814
0.000000 0.059360
0.000000 0.015532
0.000000 0.032968
0.000000 0.078465
0.000000 0.033397
0.000000 0.038369
0.000000 0.089525
0.000000 0.638660
0.000000 0.036920
0.000000 0.027166
0.000000 0.020740
0.000000 0.069951
0.000000 0.099036
0.000000 0.024081
0.000000 0.020744
0.000000 0.278020
0.000000 0.030372
0.000000 0.021717
0.000000 0.041580
0.000000 0.040629
0.000000 0.019236
0.000000 0.091491
0.000000 0.019136
0.000000 0.031000
0.000000 0.049602
0.000000 0.055854
0.000000 0.038330
0.000000 0.027388
0.000000 0.030626
0.000000 0.115343
0.000000 0.030132
0.000000 0.046479
0.000000 0.091320
0.000000 0.030991
0.000000 0.031510
0.000000 0.052988
0.000000 0.068808
0.000000 0.052621
0.000000 0.115535
0.000000 0.082391
0.000000 1.496848
0.000000 0.030146
0.000000 0.050187
0.000000 0.026568
0.000000 0.030031
0.000000 0.034342
0.000000 0.035944
0.000000 0.041469
0.000000 0.044255
0.000000 0.043699
0.000000 0.038346
0.000000 0.023662
0.000000 0.049769
0.000000 0.028528
0.000000 0.054536
0.000000 0.054732
0.000000 0.043822
0.000000 0.027750
0.000000 0.273269
0.000000 0.075655
0.000000 0.154859
0.000000 0.072750
0.000000 0.031244
0.000000 0.033902
0.000000 0.142615
0.000000 0.029708
0.000000 0.037735
0.000000 0.099336
0.000000 0.074289
0.000000 0.043329
0.000000 0.039338
0.000000 0.063745
0.000000 0.026282
0.000000 0.024578
0.000000 0.094866
0.000000 0.065239
0.000000 0.027276
0.000000 0.071373
0.000000 0.045223
0.000000 0.051205
0.000000 0.079848
0.000000 0.339247
0.000000 0.053999
0.000000 0.014178
0.000000 0.061755
0.000000 0.025709
0.000000 0.023260
0.000000 0.019885
0.000000 0.025968
0.000000 0.187619
0.000000 0.101213
0.000000 0.072303
0.000000 0.047031
0.000000 0.035645
0.000000 0.029116
0.000000 0.047386
0.000000 0.057255
0.000000 0.046220
0.000000 0.039048
0.000000 0.043450
0.000000 0.108940
0.000000 0.020293
0.000000 0.024415
0.000000 0.026874
0.000000 0.063523
0.000000 0.157621
0.000000 0.109905
0.000000 0.023951
0.000000 0.128371
0.000000 0.028681
0.000000 0.027530
0.000000 0.063473
0.000000 0.062234
0.000000 0.018200
0.000000 0.094159
0.000000 0.068462
0.000000 0.057848
0.000000 0.259628
0.000000 0.550901
0.000000 0.148775
0.000000 0.040633
0.000000 0.067457
0.000000 0.080627
0.000000 0.022060
0.000000 0.020032
0.000000 0.100631
0.000000 0.027750
0.000000 0.068611
0.000000 0.127965
0.000000 0.107111
0.000000 0.045939
0.000000 0.064978
0.000000 0.044551
0.000000 0.029684
0.000000 0.029079
0.000000 0.024156
0.000000 0.019140
0.000000 0.034753
0.000000 0.060771
0.000000 0.039237
0.000000 0.023135
0.000000 0.035518
0.000000 0.026004
0.000000 0.020422
0.000000 0.032088
0.000000 0.042584
0.000000 0.024485
0.000000 0.024494
0.000000 0.040843
0.000000 0.037170
0.000000 0.077221
0.000000 0.056156
0.000000 0.037711
0.000000 0.021847
0.000000 0.038735
0.000000 0.167892
0.000000 0.064248
0.000000 0.033290
0.000000 0.105312
0.000000 0.196517
0.000000 0.077505
0.000000 0.053212
0.000000 0.025911
0.000000 0.022293
0.000000 0.041793
0.000000 0.036371
0.000000 0.102321
0.000000 0.023924
0.000000 0.044797
0.000000 0.047720
0.000000 0.054516
0.000000 0.047452
0.000000 0.069081
0.000000 0.033736
0.000000 0.169511
0.000000 0.071876
0.000000 0.046674
0.000000 0.024112
0.000000 0.025486
0.000000 0.048573
0.000000 0.041640
0.000000 0.070989
0.000000 0.062444
0.000000 0.035431
0.000000 0.083983
0.000000 0.150245
0.000000 0.157560
0.000000 0.066318
0.000000 0.139483
0.000000 0.030018
0.000000 0.064903
0.000000 0.050488
0.000000 0.153462
0.000000 0.059494
0.000000 0.035501
0.000000 0.056459
0.000000 0.050161
0.000000 0.065033
0.000000 0.025974
0.000000 0.041095
0.000000 0.033538
0.000000 0.058749
0.000000 0.035145
0.000000 0.033469
0.000000 0.057265
0.000000 0.033284
0.000000 0.016533
0.000000 0.019933
0.000000 0.093031
0.000000 0.026750
0.000000 0.043473
0.000000 0.059630
0.000000 0.025242
0.000000 0.079041
0.000000 0.023706
0.000000 0.063878
0.000000 0.038296
0.000000 0.081246
0.000000 0.045415
0.000000 0.050265
0.000000 0.040185
0.000000 0.444547
0.000000 0.043291
0.000000 0.190553
0.000000 0.036629
0.000000 0.023937
0.000000 0.028453
0.000000 0.058080
0.000000 0.328804
0.000000 0.024465
0.000000 0.042519
0.000000 0.024369
0.000000 0.028629
0.000000 0.109892
0.000000 0.041173
0.000000 0.032716
0.000000 0.037019
0.000000 0.057511
0.000000 0.059506
0.000000 0.039213
0.000000 0.037237
0.000000 0.030978
0.000000 0.015283
0.000000 0.034550
0.000000 0.031143
0.000000 0.089365
0.000000 0.022709
0.000000 0.031567
0.000000 0.028324
0.000000 0.021651
0.000000 0.038939
0.000000 0.033970
0.000000 0.039475
0.000000 0.027832
0.000000 0.085156
0.000000 0.131652
0.000000 0.075700
0.000000 0.045554
0.000000 0.043790
0.000000 0.031819
0.000000 0.032285
0.000000 0.036798
0.000000 0.076163
0.000000 0.049063
0.000000 0.044308
0.000000 0.062092
0.000000 0.042305
0.000000 0.030710
0.000000 0.036021
0.000000 0.055107
0.000000 0.101117
0.000000 0.204332
0.000000 0.097164
0.000000 0.037140
0.000000 0.036074
0.000000 0.048780
0.000000 0.088948
0.000000 0.033833
0.000000 0.060631
0.000000 0.055761
0.000000 0.034134
0.000000 0.049004
0.000000 0.035497
0.000000 0.030625
0.000000 0.050627
0.000000 0.073410
0.000000 0.038152
0.000000 0.035242
0.000000 0.031917
0.000000 0.027826
0.000000 0.081303
0.000000 0.050303
0.000000 0.059563
0.000000 0.057862
0.000000 0.116655
0.000000 0.070973
0.000000 0.018540
0.000000 0.017344
0.000000 0.019595
0.000000 0.042837
0.000000 0.038546
0.000000 0.036139
0.000000 0.053511
0.000000 0.048329
0.000000 0.048820
0.000000 0.044096
0.000000 0.035704
0.000000 0.024510
0.000000 0.020554
0.000000 0.017953
0.000000 0.035324
0.000000 0.065814
0.000000 0.025893
0.000000 0.046756
0.000000 0.066214
0.000000 0.023999
0.000000 0.065060
0.000000 0.083598
0.000000 0.070987
0.000000 0.022037
0.000000 0.019047
0.000000 0.107591
0.000000 0.068071
0.000000 0.100038
0.000000 0.126156
0.000000 0.096979
0.000000 0.074691
0.000000 0.239097
0.000000 0.042859
0.000000 0.038255
0.000000 0.036801
0.000000 0.237751
0.000000 0.226936
0.000000 0.044002
0.000000 0.029543
0.000000 0.160896
0.000000 0.032927
0.000000 0.054225
0.000000 0.044429
0.000000 0.033073
0.000000 0.095406
0.000000 0.073970
0.000000 0.033406
0.000000 0.043446
0.000000 0.014953
0.000000 0.033098
0.000000 0.093909
0.000000 0.038151
0.000000 0.030321
0.000000 0.031221
0.000000 0.026129
0.000000 0.037130
0.000000 0.026562
0.000000 0.120276
0.000000 0.027441
0.000000 0.040088
0.000000 0.568578
0.000000 0.021599
0.000000 0.064907
0.000000 0.076519
0.000000 0.055889
0.000000 0.050679
0.000000 0.062412
0.000000 0.032593
0.000000 0.039210
0.000000 0.052355
0.000000 0.032212
0.000000 0.025058
0.000000 0.047764
0.000000 0.050660
0.000000 0.019246
0.000000 0.051219
0.000000 0.062845
0.000000 0.022884
0.000000 0.032226
0.000000 0.050889
0.000000 0.045970
0.000000 0.039531
0.000000 0.065521
0.000000 0.054366
0.000000 0.037285
0.000000 0.077991
0.000000 0.057363
0.000000 0.034600
0.000000 0.061997
0.000000 0.038408
0.000000 0.037109
0.000000 0.018953
0.000000 0.055414
0.000000 0.113439
0.000000 0.041295
0.000000 0.028596
0.000000 0.020230
0.000000 0.054607
0.000000 0.461632
0.000000 0.074331
0.000000 0.459806
0.000000 0.062843
0.000000 0.054012
0.000000 0.022120
0.000000 0.020470
0.000000 0.016925
0.000000 0.021747
0.000000 0.033389
0.000000 0.026413
0.000000 0.055932
0.000000 0.030983
0.000000 0.050907
0.000000 0.044266
0.000000 0.043526
0.000000 0.091605
0.000000 0.037501
0.000000 0.054998
0.000000 0.042234
0.000000 0.028225
0.000000 0.086246
0.000000 0.053031
0.000000 0.047968
0.000000 0.171214
0.000000 0.042079
0.000000 0.037175
0.000000 0.034200
0.000000 0.029880
0.000000 0.052000
0.000000 0.017889
0.000000 0.023401
0.000000 0.018255
0.000000 0.026413
0.000000 0.042117
0.000000 0.055608
0.000000 0.032211
0.000000 0.022175
0.000000 0.122496
0.000000 0.048730
0.000000 0.043077
0.000000 0.017896
0.000000 0.059763
0.000000 0.048551
0.000000 0.086159
0.000000 0.061543
0.000000 0.069840
0.000000 0.043003
0.000000 0.034443
0.000000 0.040719
0.000000 0.120469
0.000000 0.022265
0.000000 0.077576
0.000000 0.047486
0.000000 0.025028
0.000000 0.059413
0.000000 0.034357
0.000000 0.065671
0.000000 0.037803
0.000000 0.072016
0.000000 0.052542
0.000000 0.023246
0.000000 0.127401
0.000000 0.017622
0.000000 0.032571
0.000000 0.015098
0.000000 0.017941
0.000000 0.075073
0.000000 0.090407
0.000000 0.046785
0.000000 0.046522
0.000000 0.407049
0.000000 0.139053
0.000000 0.046730
0.000000 0.227145
0.000000 0.421056
0.000000 0.077343
0.000000 0.043344
0.000000 0.027136
0.000000 0.030975
0.000000 0.035393
0.000000 0.033024
0.000000 0.038000
0.000000 0.039608
0.000000 0.131050
0.000000 0.151221
0.000000 0.060351
0.000000 0.028275
0.000000 0.034186
0.000000 0.029822
0.000000 0.021070
0.000000 0.049948
0.000000 0.023089
0.000000 0.030432
0.000000 0.098622
0.000000 0.023729
0.000000 0.022791
0.000000 0.018472
0.000000 0.021539
0.000000 0.031809
0.000000 0.156717
0.000000 0.034891
0.000000 0.020162
0.000000 0.028184
0.000000 0.066540
0.000000 0.044647
0.000000 0.043240
0.000000 0.036610
0.000000 0.023630
0.000000 0.057601
0.000000 0.035457
0.000000 0.041307
0.000000 0.039829
0.000000 0.078298
0.000000 0.060913
0.000000 0.171719
0.000000 0.031007
0.000000 0.056193
0.000000 0.035739
0.000000 0.023988
0.000000 0.059499
0.000000 0.028446
0.000000 0.020496
0.000000 0.020515
0.000000 0.070750
0.000000 0.057190
0.000000 0.061867
0.000000 0.144897
0.000000 0.022338
0.000000 0.037331
0.000000 0.076376
0.000000 0.036103
0.000000 0.044334
0.000000 0.033060
0.000000 0.016236
0.000000 0.091682
0.000000 0.122437
0.000000 0.067303
0.000000 0.040122
0.000000 0.064324
0.000000 0.059796
0.000000 0.097343
0.000000 0.053505
0.000000 0.034999
0.000000 0.060558
0.000000 0.031581
0.000000 0.028645
0.000000 0.051451
0.000000 0.085919
0.000000 0.023008
0.000000 0.106655
0.000000 0.285275
0.000000 0.060744
0.000000 0.054138
0.000000 0.089087
0.000000 0.055546
0.000000 0.088532
0.000000 0.049705
0.000000 0.032802
0.000000 0.047968
0.000000 0.045664
0.000000 0.028535
0.000000 0.061677
0.000000 0.062564
0.000000 0.046117
0.000000 0.078834
0.000000 0.032349
0.000000 0.538196
0.000000 0.062944
0.000000 0.036234
0.000000 0.049860
0.000000 0.046664
0.000000 0.024091
0.000000 0.026452
0.000000 0.030857
0.000000 0.053183
0.000000 0.554418
0.000000 0.039733
0.000000 0.139609
0.000000 0.061444
0.000000 0.133883
0.000000 0.032526
0.000000 0.163534
0.000000 0.019817
0.000000 0.016014
0.000000 0.039662
0.000000 0.056501
0.000000 0.034838
0.000000 0.040276
0.000000 0.037151
0.000000 0.025299
0.000000 0.015897
0.000000 0.020661
0.000000 0.081919
0.000000 0.039275
0.000000 0.029877
0.000000 0.047837
0.000000 0.045151
0.000000 0.087890
0.000000 0.209870
0.000000 0.029577
0.000000 0.319996
0.000000 0.080463
0.000000 0.035541
0.000000 0.027553
0.000000 0.184634
0.000000 0.078410
0.000000 0.043727
0.000000 0.136334
0.000000 0.062332
0.000000 0.056727
0.000000 0.061642
0.000000 0.175524
0.000000 0.049360
0.000000 0.177453
0.000000 0.031108
0.000000 0.065325
0.000000 0.031521
0.000000 0.121814
0.000000 0.045790
0.000000 0.063430
0.000000 0.019843
0.000000 0.068012
0.000000 0.027568
0.000000 0.033713
0.000000 0.097915
0.000000 0.035178
0.000000 0.044267
0.000000 0.037275
0.000000 0.045964
0.000000 0.024191
0.000000 0.048393
0.000000 0.045022
0.000000 0.014819
0.000000 0.041073
0.000000 0.146767
0.000000 0.580250
0.000000 0.100058
0.000000 0.034638
0.000000 0.049200
0.000000 0.071507
0.000000 0.030273
0.000000 0.058281
0.000000 0.041788
0.000000 0.027843
0.000000 0.025028
0.000000 0.100736
0.000000 0.121909
0.000000 0.036299
0.000000 0.055121
0.000000 0.079031
0.000000 0.129933
0.000000 0.040558
