-0.650884  0.678480
-0.678063  0.922452
-0.572768  1.157282
-0.441318  0.829727
-0.715392  1.090703
-0.530342  0.917516
-0.579891  1.038146
-0.728536  0.779834
-0.596852  0.904303
-0.533140  1.174434
-0.414050  1.107890
-0.277321  1.019076
-0.349277  1.330535
-0.349365  1.157108
-0.369846  0.777265
-0.307828  0.755713
-0.458878  0.745332
-0.450759  1.238367
-0.611391  0.838797
-0.604460  1.072829
-0.698545  0.815381
-0.532111  1.142981
-0.405639  0.587009
-0.655165  1.202648
-0.608609  0.891266
-0.617148  0.796012
-0.833219  1.069376
-0.976869  0.890771
-1.041458  0.964665
-1.027673  1.198845
-1.170234  0.796915
-0.978738  0.891691
-1.208927  0.716039
-1.129300  0.763780
-0.915068  0.896204
-1.087537  1.324829
-1.006212  1.137573
-0.825800  1.157716
-0.712539  0.774998
-0.605347  0.634040
-0.755650  1.013174
-0.528311  1.310787
-0.357050  0.540984
-0.341380  0.762140
-0.373494  1.118926
-0.405864  0.762166
-0.263788  1.248129
-0.319034  0.686714
-0.393241  0.527655
-0.211708  0.709278
-0.249465  0.959644
 0.102874  1.533367
 0.282945  1.174410
-0.075367  0.853466
-0.179112  0.765298
-0.335758  1.269007
-0.390909  0.921131
-0.562274  0.902198
-0.453431  0.738043
-0.367392  0.750384
-0.483107  1.273892
-0.325268  0.795807
-0.479973  0.946005
-0.565456  0.888389
-0.644977  0.976712
-0.578289  1.035639
-0.643110  1.535032
-0.541626  0.567994
-0.595800  0.884629
-0.524448  1.017418
-0.840143  0.555750
-0.742289  0.823657
-0.786381  0.895138
-0.810725  1.034054
-0.636661  1.193440
-0.492160  0.801989
-0.615802  0.987086
-0.300840  1.171560
-0.335653  0.573779
-0.329977  1.508291
-0.616127  1.300105
-0.599232  1.126357
-0.507999  0.927537
-0.511044  0.493624
-0.561942  0.501137
-0.716114  0.688060
-0.621891  1.105237
-0.713405  0.999798
-0.701208  0.689508
-0.680061  1.109114
-0.591232  0.806771
-0.600515  0.875474
-0.594898  1.462009
-0.489483  0.772651
-0.601801  0.788232
-0.609171  1.000572
-0.842088  0.842688
-0.697598  0.915807
-0.613981  0.954745
-0.481179  0.846432
-0.340221  1.618711
-0.629725  1.283073
-0.544305  1.145308
-0.588267  1.295384
-0.627585  1.171435
-0.653691  0.919115
-0.639323  0.900307
-0.714353  1.321031
-0.761601  1.104635
-0.882619  0.713100
-0.879369  0.738019
-0.857405  0.837389
-0.842973  1.087923
-0.854032  1.103094
-0.844005  0.572071
-1.036005  0.967913
-1.112629  0.878087
-1.008516  1.085948
-1.282678  1.409340
-1.234515  1.051778
-1.079269  0.757695
-0.979519  1.157000
-0.892137  0.915702
-0.885966  0.711556
-0.816432  0.915264
-0.821208  0.660771
-0.549399  1.053111
-0.752140  1.036207
-0.660267  0.878717
-0.699068  1.018315
-0.710501  1.685053
-0.701046  1.240427
-0.681364  0.951059
-0.690889  1.308702
-0.701737  1.431692
-0.615611  1.055190
-0.793192  0.778222
-0.876451  1.515419
-1.063597  1.367803
-0.973720  1.204063
-1.141674  1.758445
-1.015101  0.474622
-0.967211  1.086245
-0.972848  0.904063
-1.018675  1.017734
-0.959265  0.838378
-0.818606  0.960647
-0.715723  1.006059
-0.686689  0.824897
-0.973696  1.017927
-0.974498  1.423764
-0.578880  0.624187
-0.525210  0.696691
-0.378097  0.668093
-0.331834  1.324636
-0.033310  1.108834
-0.051662  1.649535
-0.145459  0.778873
-0.388915  1.043112
-0.540095  0.636403
-0.409321  1.187598
-0.504211  0.465952
-0.490989  0.699318
-0.550046  0.774173
-0.586734  0.927893
-0.605816  0.997590
-0.414186  0.436381
-0.596795  1.044991
-0.557271  0.758242
-0.462266  1.024749
-0.232615  0.897371
-0.407615  0.802496
-0.483475  0.710316
-0.526698  0.847655
-0.517952  1.097990
-0.512842  0.618466
-0.488415  1.125773
-0.620737  0.653997
-0.771571  0.986758
-0.853772  1.277223
-0.647503  1.112204
-0.347628  0.926718
-0.512613  1.201009
-0.500351  0.987278
-0.398940  1.239997
-0.320056  1.187346
-0.515609  0.776074
-0.418500  0.958480
-0.399021  0.793191
-0.492679  0.780439
-0.327132  0.750413
-0.244092  0.615123
-0.430024  0.606292
-0.393162  0.584909
-0.616020  0.664855
-0.587236  0.823492
-0.445191  0.749971
-0.424538  1.167944
-0.241322  0.648362
-0.240727  1.174348
-0.409149  1.085105
-0.430312  0.948459
-0.386878  0.641652
-0.582873  0.832738
-0.617347  0.573607
-0.682310  0.717281
-0.495231  0.541375
-0.577255  0.848832
-0.514586  0.703216
-0.615279  0.668613
-0.547037  0.621208
-0.612991  0.924223
-0.725577  1.343580
-0.867333  0.781774
-0.711138  1.268613
-0.761126  0.739676
-0.874536  0.962217
-0.958558  1.223437
-0.796846  0.440049
-0.963891  0.558251
-0.932797  1.325418
-0.813394  1.090230
-0.981140  0.761711
-0.909869  1.408540
-0.901735  1.115610
-0.699276  0.927744
-0.582480  0.987260
-0.654873  0.915756
-0.860166  1.402226
-0.773884  0.948916
-0.796553  0.881648
-0.968503  0.935421
-0.945605  0.716273
-0.627095  1.394188
-0.466729  0.976317
-0.730855  0.971471
-0.395383  0.818355
-0.316066  1.060714
-0.231249  0.751888
-0.449363  0.908314
-0.486660  0.938958
-0.464765  1.597897
-0.830232  1.112010
-0.861929  0.909338
-0.651016  1.162659
-0.394407  1.078301
-0.307307  0.879410
-0.468342  0.597028
-0.638114  0.835176
-0.590196  1.162901
-0.637158  1.140509
-0.330214  0.897700
-0.400284  1.090990
-0.551491  0.864524
-0.406186  0.525611
-0.325347  0.887845
-0.290561  0.521897
-0.385497  0.853608
-0.304244  1.171136
-0.306657  0.647045
-0.250154  0.615459
-0.117223  0.958574
-0.176761  0.933455
-0.320546  0.520040
-0.327932  0.825419
-0.437177  0.752508
-0.536432  0.733122
-0.485814  1.169747
-0.452499  0.733815
-0.592625  1.258708
-0.588159  0.660035
-0.569678  0.942224
-0.525125  0.897896
-0.587854  0.552752
-0.570516  1.044266
-0.684086  1.175291
-0.682947  1.064160
-0.714150  1.062747
-0.864844  0.882185
-0.935254  0.883067
-0.966220  1.494649
-0.774773  0.912708
-0.694857  0.806122
-0.776305  1.215573
-0.729230  1.177444
-0.621986  0.813185
-0.536080  1.462493
-0.447357  1.149533
-0.509844  1.015616
-0.442020  0.684656
-0.570496  0.887643
-0.156945  0.550087
-0.229367  0.866298
-0.497721  1.134051
-0.431928  0.736899
-0.412132  1.061671
-0.435759  0.830298
-0.405271  0.806777
-0.469798  0.786584
-0.486632  0.628324
-0.358282  1.168325
-0.578416  0.804914
-0.565260  0.885133
-0.547146  0.860976
-0.686899  0.893638
-0.643933  0.665058
-0.533445  0.885734
-0.546028  0.973325
-0.738812  0.793989
-0.658259  0.848626
-0.728580  0.768500
-0.587643  0.727076
-0.603697  0.680091
-0.669850  1.946356
-0.673753  1.633618
-0.623986  1.083339
-0.438962  1.254638
-0.289809  0.679492
-0.328936  1.027372
-0.432430  1.181847
-0.496618  1.145831
-0.533039  1.084721
-0.335676  0.844281
-0.372277  0.611114
-0.621619  0.770472
-0.770738  0.527709
-0.929248  0.956966
-0.657765  0.709024
-0.801504  0.681505
-0.676651  1.591638
-0.661469  0.991036
-0.612345  1.056457
-0.792560  0.613283
-0.737539  0.939169
-0.790133  1.042128
-0.910755  1.017209
-0.984205  1.252230
-1.144119  0.906098
-1.232989  1.456212
-1.191431  1.727726
-1.057580  1.019631
-1.117760  1.713070
-1.082703  1.263728
-1.171701  0.818276
-1.007947  1.330138
-0.814543  0.804251
-0.845368  0.818852
-0.802612  1.096286
-0.883323  1.349337
-0.840279  0.952978
-0.620554  0.698814
-0.618143  0.788613
-0.469976  1.313487
-0.537037  2.467513
-0.695204  1.393871
-0.624032  1.303337
-0.657106  1.171109
-0.885441  1.398671
-0.882681  0.614028
-0.736360  1.014450
-0.426903  0.473043
-0.679995  0.604325
-0.701012  1.650373
-0.702879  1.037002
-0.666006  0.868216
-0.731980  0.840148
-0.460577  1.054854
-0.641911  1.073910
-0.562381  0.828987
-0.538464  0.894191
-0.448642  0.660926
-0.431793  0.513754
-0.633944  0.811981
-0.561030  0.941063
-0.636245  0.519091
-0.506003  0.679700
-0.490236  0.860814
-0.424731  0.384476
-0.564737  1.104630
-0.870560  0.966692
-0.606332  0.686110
-0.773874  1.002069
-0.674823  0.733589
-0.680621  0.949399
-0.827332  1.091383
-0.602366  0.470477
-0.619306  0.731798
-0.619379  0.791665
-0.541474  0.915361
-0.752932  0.956785
-0.697881  0.704108
-0.558002  1.351494
-0.563871  0.854499
-0.488479  0.772189
-0.477141  1.302077
-0.444453  0.527764
-0.367452  0.798965
-0.354735  0.989712
-0.407488  1.750731
-0.409217  1.142883
-0.450621  2.270236
-0.519325  0.732452
-0.415689  1.458630
-0.223743  0.929120
-0.334031  1.230371
-0.324333  0.964645
-0.251483  1.765562
-0.257045  1.248058
-0.263566  0.786847
-0.217521  1.118581
-0.331691  1.428452
-0.225411  1.553979
-0.232445  1.338755
-0.168524  0.782660
-0.318003  2.005928
-0.154156  1.145050
-0.182708  0.819506
-0.185567  0.816918
-0.194112  1.207140
-0.289802  1.120851
-0.267831  0.653090
-0.194878  0.743561
-0.096834  1.114237
-0.128033  0.896579
-0.242975  0.778660
-0.207348  1.455965
-0.466957  0.641737
-0.333550  1.014257
-0.285933  0.786927
-0.257257  0.877418
-0.265470  0.712012
-0.306424  1.058435
-0.172258  1.071630
-0.130041  1.722059
-0.240612  0.948436
-0.216966  1.577929
-0.371971  0.705412
-0.388282  0.701384
-0.410649  1.866772
-0.469160  1.369203
-0.578311  2.144045
-0.187054  1.412526
-0.325967  1.072330
-0.273818  0.895080
-0.185838  0.806766
-0.442859  0.613042
-0.323247  0.667482
-0.425493  1.262016
-0.433296  1.144928
-0.286224  0.941885
-0.402409  1.508343
-0.291155  0.983143
-0.435378  0.531597
-0.346506  1.104340
-0.506482  0.987894
-0.489438  0.669710
-0.301488  1.334417
-0.401468  0.700332
-0.560225  1.766250
-0.376954  1.114296
-0.502128  0.817195
-0.377491  1.644812
-0.311266  0.672270
-0.316128  0.843688
-0.214728  1.464961
-0.413436  1.204381
-0.441880  0.739450
-0.534958  0.584572
-0.517329  0.877125
-0.525855  0.731396
-0.515517  0.784296
-0.573234  1.244828
-0.503203  0.797432
-0.663023  1.024472
-0.619343  1.053666
-0.721273  0.836785
-0.805303  1.607925
-0.612045  1.415248
-0.565572  1.224385
-0.606859  0.621621
-0.767884  0.590780
-0.563159  0.986100
-0.536696  0.995901
-0.637779  0.745931
-0.514019  1.294651
-0.392436  0.727612
-0.501104  1.100972
-0.523964  0.609449
-0.424944  0.744393
-0.547544  1.086716
-0.264958  1.286787
-0.364159  0.999038
-0.573853  0.512260
-0.679605  0.574834
-0.589036  1.353807
-0.527524  0.672847
-0.330179  0.468873
-0.270367  0.999487
-0.525196  0.422455
-0.633158  0.872567
-0.654333  0.728123
-0.465256  0.778966
-0.473689  1.572936
-0.417651  1.021611
-0.370411  0.992419
-0.599648  1.238333
-0.740160  1.549787
-0.511110  0.881023
-0.438016  0.849610
-0.502000  1.373702
-0.627359  0.889162
-0.663914  1.369912
-0.674955  0.672166
-0.659470  1.219321
-0.688355  1.700441
-0.392749  0.772077
-0.505230  1.077490
-0.644511  0.805785
-0.566314  1.168457
-0.780290  1.045356
-0.748630  1.287828
-0.659644  1.101707
-0.545187  0.569617
-0.569035  0.586039
-0.519121  1.089511
-0.332611  0.784103
-0.372580  1.522161
-0.231764  0.585099
-0.319991  0.787848
-0.515691  0.707558
-0.631627  2.332011
-0.701749  0.797318
-0.771779  0.915278
-0.842283  1.298024
-0.957836  1.439565
-0.899738  1.217992
-0.894776  0.745719
-0.693707  1.000712
-0.586744  0.808065
-0.599494  0.802824
-0.545672  0.992924
-0.657339  0.670213
-0.689370  0.786872
-0.807746  1.505839
-0.547126  1.127297
-0.574926  0.611622
-0.566854  0.897206
-0.808292  1.165224
-0.723409  0.620546
-0.550571  0.900224
-0.524154  0.720863
-0.598753  0.755441
-0.505428  0.969060
-0.568814  1.254934
-0.409736  0.845484
-0.337951  0.347967
-0.493011  0.937761
-0.274811  0.868352
-0.197261  0.919144
-0.404298  1.033055
-0.658397  0.939267
-0.597521  1.052027
-0.507404  1.974653
-0.759665  0.813314
-0.972122  1.054294
-0.849331  0.768810
-0.750169  2.176286
-0.652803  1.266621
-0.578659  1.755377
-0.609303  1.178166
-0.500388  0.823601
-0.342257  0.818783
-0.230906  1.171474
-0.296975  0.807323
-0.518371  0.867031
-0.691242  0.874822
-0.442340  1.105935
-0.482484  0.668714
-0.515809  0.620350
-0.279328  0.713810
-0.195351  0.885089
-0.521847  0.588562
-0.571910  1.261000
-0.634257  0.714840
-0.454355  0.699397
-0.450802  0.886465
-0.353537  0.705964
-0.248056  0.677235
-0.320160  0.982736
-0.446384  0.561284
-0.447275  0.754760
-0.565152  0.598779
-0.411732  0.850447
-0.505705  0.938044
-0.575561  0.732425
-0.601746  0.727072
-0.641129  0.780176
-0.681409  1.193110
-0.442547  0.469765
-0.480134  0.808854
-0.488796  1.437842
-0.587449  0.701737
-0.876475  0.826919
-0.684888  0.886389
-0.805810  0.505360
-0.635080  0.922876
-0.670627  0.781622
-0.648663  0.469921
-0.601221  0.791432
-0.644627  0.813843
-0.376877  0.779008
-0.221112  1.879806
-0.276559  1.286401
-0.434043  1.183193
-0.454561  0.589985
-0.341957  0.545963
-0.242102  1.251066
-0.229696  0.787788
-0.162637  0.817391
-0.236474  0.560535
-0.224993  0.613576
-0.164431  0.725452
-0.306266  0.680571
-0.085420  1.143405
-0.266579  0.740343
-0.235229  1.230400
-0.373689  0.907051
-0.244798  1.001660
-0.303361  1.362928
-0.229426  0.673325
-0.160984  1.964662
-0.016403  0.686599
 0.071755  1.018922
-0.044050  0.814072
 0.013568  3.197400
 0.005401  1.389966
 0.106008  1.531700
-0.061149  0.932579
-0.370260  1.258394
-0.456178  1.152659
-0.473655  0.541620
-0.437387  0.516100
-0.577392  1.417473
-0.653132  0.875931
-0.694037  1.176791
-0.668407  1.661594
-0.544589  2.207633
-0.471172  1.045320
-0.630333  0.863378
-0.805881  0.515579
-0.743042  0.771517
-0.685821  0.776699
-0.690677  1.832154
-0.722596  0.871017
-0.835961  0.851723
-0.574047  0.932983
-0.749945  0.870542
-0.597931  1.471414
-0.537439  0.602741
-0.470552  0.847880
-0.382609  0.880652
-0.468958  0.771546
-0.491414  0.673559
-0.365740  1.126266
-0.338576  1.427936
-0.366597  0.831407
-0.332204  0.886028
-0.484629  1.444058
-0.448122  1.010114
-0.321378  1.045178
-0.387788  0.527845
-0.549297  1.093914
-0.745143  0.580540
-0.602754  0.996743
-0.534879  1.054629
-0.595853  1.062656
-0.659769  0.876133
-0.630397  0.315840
-0.665320  0.554981
-0.559614  0.652608
-0.424516  0.583597
-0.337457  0.459747
-0.324962  1.538304
-0.590569  1.211032
-0.743741  0.652747
-0.694977  0.876007
-0.651930  0.957042
-0.679417  0.955903
-0.836652  0.719007
-0.722214  0.931954
-0.733163  0.897780
-0.724423  0.642065
-0.522940  0.659272
-0.497885  0.763750
-0.369171  0.624614
-0.448503  1.012186
-0.354335  0.723381
-0.283688  0.733955
-0.299372  0.624836
-0.435845  0.641598
-0.575080  0.967694
-0.558581  0.828994
-0.543705  0.812528
-0.774926  0.657948
-0.774283  0.787859
-0.852316  1.206341
-0.795813  0.886131
-0.957183  0.852905
-0.700589  0.681631
-0.699001  1.755383
-0.722432  0.723634
-0.719536  0.586733
-0.487462  1.339687
-0.583149  1.014212
-0.691330  1.096252
-0.677476  0.547666
-0.775612  0.857639
-0.661344  1.275167
-0.720629  1.053163
-0.559263  0.741809
-0.606270  0.467940
-0.439551  0.682231
-0.455004  0.900580
-0.650108  0.783309
-0.795647  0.924763
-0.779188  0.783637
-0.700119  0.934932
-0.767201  0.950302
-0.748189  0.684402
-0.712922  0.676097
-0.652151  0.683858
-0.722501  0.702750
-0.538099  1.336393
-0.533280  0.715527
-0.586478  0.887989
-0.477419  0.649523
-0.520578  0.942235
-0.519480  0.947843
-0.279817  0.924963
-0.532468  0.789828
-0.559572  0.571226
-0.404341  0.512973
-0.403078  0.765729
-0.602006  1.057382
-0.552058  0.844955
-0.429765  1.080690
-0.306761  0.731463
-0.165048  1.012975
-0.116838  0.615196
-0.227858  1.122970
-0.393289  1.010379
-0.272231  0.815659
-0.326590  1.100689
-0.060382  0.739612
-0.191578  0.854844
-0.101437  1.369676
-0.094647  1.050568
-0.339582  0.855630
-0.477003  0.689915
-0.495309  0.674116
-0.444293  0.790246
-0.583238  0.979977
-0.432169  0.897969
-0.202289  0.857256
-0.301711  1.080333
-0.227023  0.783708
-0.497771  0.931764
-0.402421  1.494074
-0.238575  0.496026
-0.253459  1.033557
-0.353337  0.997341
-0.390777  0.458635
-0.385863  0.661790
-0.392795  1.197539
-0.438788  0.751581
-0.153628  0.723837
-0.054755  0.883573
-0.195336  1.198712
-0.236792  0.888202
-0.509125  1.012804
-0.588674  0.941050
-0.365162  0.880416
-0.576938  0.629623
-0.475242  0.895447
-0.489648  1.483648
-0.470317  1.407524
-0.665476  0.990578
-0.527118  0.895187
-0.620788  0.677927
-0.494926  0.947602
-0.478236  0.992187
-0.464948  1.662662
-0.391582  0.842198
-0.544871  0.500474
-0.351502  1.164509
-0.265328  0.859723
-0.564664  0.609891
-0.687207  1.190368
-0.688673  0.639781
-0.694156  1.047006
-0.640531  0.371549
-0.681209  0.913030
-0.734394  0.535741
-0.580451  0.701021
-0.595642  0.953656
-0.531844  0.698049
-0.883268  0.922385
-1.010462  1.272491
-0.723538  0.685992
-0.613025  0.710008
-0.707560  1.009180
-0.631670  1.348482
-0.657502  0.435527
-0.786607  0.756645
-0.862780  0.669550
-0.798683  1.126157
-0.801492  0.711008
-0.827107  1.173178
-0.864752  0.738988
-0.888646  1.469747
-0.636497  0.590733
-0.585193  1.500485
-0.693694  0.641977
-0.650517  0.947432
-0.460060  0.481044
-0.412481  1.271725
-0.484689  0.892034
-0.438049  0.979786
-0.479507  1.025462
-0.278260  0.768276
-0.542098  0.566818
-0.452587  1.182203
-0.485682  0.768863
-0.672508  0.536360
-0.565817  0.853077
-0.364007  0.975189
-0.324345  1.347971
-0.251708  0.821212
-0.373116  0.866155
-0.179733  0.822898
-0.380973  1.096631
-0.515102  0.889147
-0.459279  0.885746
-0.415460  1.623446
-0.440796  1.381948
-0.371846  0.602679
-0.425686  0.681864
-0.669663  1.351219
-0.663528  0.737182
-0.685831  1.079011
-0.696846  0.702641
-0.712828  1.485217
-0.672027  0.737971
-0.789335  0.953459
-0.588725  0.964107
-0.457012  0.759556
-0.670855  0.821123
-0.470944  0.700406
-0.362631  1.349337
-0.501829  0.695588
-0.197373  1.230308
-0.297095  0.892120
-0.470334  0.719879
-0.251208  0.664834
-0.280921  0.786312
-0.569306  0.775631
-0.792633  0.801936
-0.786325  1.705108
-0.661191  1.077909
-0.582447  0.681401
-0.732905  1.721875
-0.542113  1.096385
-0.474836  0.715766
-0.544653  1.011514
-0.568255  1.408654
-0.618190  0.886058
-0.575672  0.597502
-0.569715  0.874439
-0.584922  0.617743
-0.766707  1.028412
-0.577676  0.979656
-0.527207  1.010461
-0.626658  0.722524
-0.668145  1.056524
-0.530495  0.815475
-0.420795  0.564387
-0.465910  1.323288
-0.501350  0.725647
-0.450230  1.628732
-0.393653  0.711186
-0.478643  0.923144
-0.294306  0.818949
-0.391826  1.432933
-0.382976  0.996333
-0.337261  0.934918
-0.224763  0.990436
-0.012163  0.918102
-0.441146  0.509994
-0.397717  1.176794
-0.513019  1.092659
-0.647013  1.027639
-0.660019  1.053495
-0.650227  1.378854
-0.423374  1.965685
-0.336683  0.347318
-0.351855  0.949120
-0.296344  0.637259
-0.300399  0.647678
-0.329511  0.823559
-0.380209  1.230575
-0.232517  1.120334
-0.365721  0.672636
-0.415095  1.200106
-0.473661  1.091792
-0.319627  1.453628
-0.433071  0.836648
-0.519480  0.589467
-0.561425  0.536040
-0.545068  0.547200
-0.553132  0.702778
-0.611049  0.871572
-0.572115  0.615708
-0.587017  1.521099
-0.673252  0.852198
-0.705083  0.853366
-0.526451  0.722004
-0.488678  0.816358
-0.532665  0.614316
-0.574268  0.794498
-0.637718  0.562779
-0.581845  0.426023
-0.483320  0.656725
-0.245538  1.326080
-0.587922  0.628812
-0.570699  0.945836
-0.620118  0.794673
-0.634811  0.650668
-0.544262  1.893337
-0.386386  0.984546
-0.502280  1.190626
-0.589821  0.797368
-0.578688  0.851851
-0.381551  1.206465
-0.516847  0.803072
-0.601527  1.126986
-0.654787  0.801958
-0.756976  1.277272
-0.522294  0.571188
-0.655427  1.493680
-0.618193  0.512254
-0.750783  0.764203
-0.678928  0.831681
-0.774125  0.605582
-0.785621  0.887034
-0.850208  1.159178
-0.899066  0.851652
-0.878098  1.017422
-0.784820  1.199379
-0.829715  1.132142
-0.880290  0.823887
-0.825893  0.574441
-0.807773  0.435631
-0.677137  1.295816
-0.679454  0.635185
-0.623435  0.865477
-0.712966  0.853630
-0.619942  0.657905
-0.288391  0.680351
-0.208486  0.690158
-0.174754  1.225150
-0.236681  0.878517
-0.496580  0.768581
-0.684721  0.427418
-0.407351  1.119515
-0.514592  0.793493
-0.681069  0.870776
-0.470296  0.645527
-0.488969  0.750127
-0.505462  0.792158
-0.234577  1.012314
-0.173880  1.378302
-0.303460  0.651376
-0.460905  0.930074
-0.466705  1.373895
-0.326809  1.751652
-0.489598  0.668600
-0.509660  0.858663
-0.519951  0.992578
-0.690796  1.016605
-0.594966  1.571414
-0.775430  1.259897
-0.743489  1.198101
-0.666759  0.933965
-0.685853  1.288541
-0.641679  1.355415
-0.676607  0.752187
-0.417969  0.852145
-0.587597  0.555244
-0.484217  1.841957
-0.366753  0.515641
-0.232701  1.142529
-0.255645  1.034338
-0.381781  0.804177
-0.498428  0.782671
-0.648685  0.437626
-0.567687  0.634224
-0.747823  0.792835
-0.828175  0.933713
-0.730671  1.035457
-0.845083  0.723729
-0.916467  0.523323
-0.892153  0.769865
-0.700992  0.843924
-0.599193  0.635458
-0.459120  0.757334
-0.474276  1.722159
-0.344379  1.304311
-0.332028  1.078436
-0.464062  1.025857
-0.565505  0.779620
-0.446058  0.756083
-0.591088  0.975925
-0.568693  0.859457
-0.604996  0.449733
-0.514518  0.802612
-0.449439  0.913296
-0.447650  0.811560
-0.271759  1.057011
-0.102417  0.704945
-0.063935  1.471106
-0.147952  1.291847
-0.189697  1.077720
-0.040418  1.589641
-0.091515  0.672741
-0.460069  0.668016
-0.382067  0.639141
-0.536774  1.040360
-0.728156  0.761446
-0.594138  0.967544
-0.489542  0.363810
-0.732040  0.781256
-0.625189  1.081503
-0.599632  0.663116
-0.482118  0.873572
-0.441189  0.502551
-0.234774  1.142270
-0.733933  0.876799
-0.675230  0.800130
-0.621849  0.825928
-0.554170  0.904964
-0.942876  0.784867
-0.929859  0.569440
-0.953103  0.800778
-0.841234  1.224444
-0.838845  0.651817
-0.606768  0.538919
-0.482025  0.817181
-0.569270  0.915813
-0.581577  0.769648
-0.800820  0.724152
-0.756934  1.104908
-0.708885  1.135565
-0.602255  1.269697
-0.594876  1.804389
-0.551291  0.629452
-0.580626  0.545195
-0.759456  1.106641
-0.746639  1.498290
-0.450366  1.149931
-0.264706  0.887900
-0.336392  1.463695
-0.428798  1.192315
-0.219860  0.821146
-0.456336  0.772722
-0.624329  0.602891
-0.394770  0.793553
-0.372537  0.671539
-0.402030  1.003520
-0.061412  0.945460
 0.051683  1.795005
 0.012612  1.350220
-0.197724  0.533139
-0.400200  0.903955
-0.613129  0.613626
-0.850191  1.153591
-0.878376  1.086343
-0.761218  1.282256
-0.573633  0.883137
-0.516893  0.783478
-0.295777  1.099434
-0.290791  0.779265
-0.396222  0.867779
-0.109451  0.831391
-0.111816  0.813050
-0.157958  1.214131
-0.574515  1.038308
-0.276090  0.790605
-0.522563  0.472746
-0.192579  1.427491
-0.432071  1.586047
-0.553227  1.108218
-0.536693  0.525592
-0.394369  0.797671
-0.196773  1.152016
-0.266657  1.206420
-0.444532  0.967509
-0.253417  1.396308
-0.439522  1.293530
-0.542680  1.099478
-0.725529  0.711635
-0.800648  0.912713
-0.854931  0.949853
-0.776063  1.524276
-0.882603  0.703543
-0.738417  0.724310
-0.626555  0.916436
-0.496080  1.004701
-0.476255  0.698890
-0.537679  0.704995
-0.434178  0.569841
-0.427932  0.861173
-0.382667  0.899918
-0.391187  1.412704
-0.253755  0.829052
-0.135855  1.147804
-0.228788  1.630071
-0.096792  1.695943
-0.184323  1.257611
-0.319511  1.222714
-0.525254  0.901098
-0.452902  1.101690
-0.632700  1.126704
-0.554572  0.921598
-0.515586  1.113090
-0.613785  1.609720
-0.487798  0.613931
-0.439198  0.769706
-0.319626  1.016257
-0.356905  1.226631
-0.391082  0.875708
-0.412553  0.847950
-0.414465  0.941263
-0.424383  0.742715
-0.593068  1.358177
-0.604077  0.629653
-0.632636  1.110207
-0.634496  1.513383
-0.713276  0.729447
-0.765012  1.254969
-0.609858  1.309705
-0.464917  0.751357
-0.451667  1.040827
-0.501365  1.680056
-0.571519  1.790939
-0.397117  0.951527
-0.382310  1.328545
-0.515352  0.968751
-0.467957  2.054556
-0.480946  0.803988
-0.429365  1.026752
-0.472538  0.404271
-0.397008  0.979654
-0.554784  0.718473
-0.561118  1.298056
-0.472472  0.612212
-0.370367  1.016825
-0.445548  1.240621
-0.463696  1.347235
-0.186926  0.592104
-0.369790  0.707266
-0.274072  0.675389
-0.343477  0.703827
-0.492578  1.414816
-0.548314  0.880972
-0.575645  1.527151
-0.692568  0.837466
-0.640718  0.594710
-0.420874  0.814235
-0.322922  1.206498
-0.355873  0.688095
-0.465403  0.542102
-0.480986  1.056222
-0.668043  0.560228
-0.703593  0.928350
-0.730721  1.031798
-0.643789  0.841245
-0.640050  0.756304
-0.688724  0.977847
-0.714459  0.665394
-0.670938  0.668245
-0.649048  0.521925
-0.610135  0.636885
-0.500137  1.330764
-0.527774  0.782917
-0.582515  1.147660
-0.520570  0.801343
-0.467889  1.181010
-0.566490  0.896276
-0.705308  0.855046
-0.580179  2.322218
-0.577017  1.497439
-0.751304  1.871747
-0.747295  0.943139
-0.673850  0.720690
-0.635206  0.912084
-0.608308  1.022417
-0.688562  1.069702
-0.578514  0.971384
-0.685658  0.988054
-0.478314  1.390427
-0.683774  0.940639
-0.575234  0.555352
-0.509479  0.821861
-0.507421  0.795352
-0.343461  0.568505
-0.532631  0.693748
-0.479313  1.083857
-0.443690  0.802880
-0.369045  1.344545
-0.246611  0.926716
-0.376043  0.834852
-0.350564  1.354475
-0.374565  0.774684
-0.306239  0.778301
-0.253174  0.949571
-0.092643  0.825078
-0.197925  0.519066
-0.347588  0.931157
-0.487750  0.952320
-0.781048  0.802843
-0.784556  0.868087
-0.715309  1.981033
-0.636850  1.346798
-0.413887  1.164331
-0.560097  0.844288
-0.433445  1.176664
-0.311166  1.489474
-0.427916  1.148466
-0.348104  0.742854
-0.438762  1.216206
-0.544822  1.413011
-0.561785  1.173021
-0.848313  0.836134
-0.757920  0.671862
-0.755982  1.394888
-0.737841  0.784154
-0.743643  1.110222
-0.684492  1.065496
-0.836247  1.304036
-0.667664  1.219607
-0.768019  1.087839
-0.727276  1.466816
-0.751641  1.332322
-0.683284  1.491707
-0.815976  0.709697
-0.701067  1.057665
-0.565632  1.210949
-0.602337  0.427765
-0.375539  0.635685
-0.353242  0.687281
-0.455324  0.619333
-0.414411  0.829027
-0.325848  1.140450
-0.560696  0.929221
-0.534886  1.181660
-0.638957  1.062721
-0.563753  1.039441
-0.679769  1.098637
-0.654738  0.539382
-0.794546  0.882993
-0.786347  1.194226
-0.765139  0.870496
-0.579659  1.284628
-0.361945  0.943495
-0.421424  0.924944
-0.555482  0.747471
-0.465621  0.458260
-0.372083  0.937460
-0.513958  1.092373
-0.320337  1.304162
-0.349932  0.953744
-0.383496  0.859663
-0.474633  0.624257
-0.446329  0.817635
-0.464103  0.777019
-0.327765  0.972980
-0.546315  0.637192
-0.426924  0.775605
-0.291185  0.927945
-0.411490  0.907242
-0.671362  0.724903
-0.789588  1.013061
-0.748264  1.452378
-0.646616  0.914870
-0.814520  0.967963
-0.968639  0.913751
-0.804968  0.763359
-0.682398  0.578417
-0.755532  0.904256
-0.593770  3.667649
-0.720429  0.990624
-0.498903  1.043214
-0.669233  1.193465
-0.705551  0.609551
-0.637027  0.693265
-0.636827  1.395628
-0.591148  0.813394
-0.864985  1.435256
-0.701184  0.677143
-0.465075  0.428637
-0.365871  1.262257
-0.469024  0.536573
-0.590257  0.618310
-0.529038  0.394053
-0.578372  0.932500
-0.518634  1.175230
-0.662366  1.066292
-0.710426  0.985808
-0.795703  1.074349
-0.509658  1.531124
-0.518736  1.352553
-0.370116  0.773291
-0.262953  1.146585
-0.275670  0.769811
-0.244304  1.120361
-0.291512  1.037545
-0.302708  0.792579
-0.228624  0.758814
-0.402289  0.637633
-0.452345  1.401184
-0.658882  0.993587
-0.524157  0.811029
-0.473501  1.429947
-0.512123  1.060389
-0.438169  0.703445
-0.605615  0.416169
-0.422732  0.973076
-0.551596  1.185898
-0.680260  1.067537
-0.548823  0.493469
-0.503131  1.278742
-0.385526  1.045713
-0.606662  1.118373
-0.646484  0.893512
-0.381367  0.873050
-0.295725  0.771979
-0.255201  0.934995
-0.290341  0.680936
-0.300385  0.521911
-0.213444  1.208824
-0.513195  0.713591
-0.396586  0.931259
-0.391036  0.826228
-0.404410  0.600508
-0.383413  1.817414
-0.236193  1.050956
-0.393100  0.621818
-0.357257  1.274694
-0.530610  0.969585
-0.649914  0.967636
-0.507094  1.278318
-0.522201  0.946070
-0.424120  1.151303
-0.223268  1.597114
-0.310654  1.202338
-0.398967  0.906985
-0.355367  0.834541
-0.399055  0.905169
-0.470489  1.308464
-0.335194  0.877118
-0.219870  1.453684
-0.436730  0.983266
-0.464734  0.889757
-0.321913  0.860256
-0.271587  0.831373
-0.218513  0.648470
-0.224287  1.318971
-0.269466  1.012180
-0.345256  0.695230
-0.436603  0.774267
-0.404610  1.444304
-0.458679  0.599736
-0.543776  1.490050
-0.631960  0.542500
-0.642442  1.086279
-0.633414  1.300918
-0.764547  1.294410
-0.776504  0.663540
-0.735218  0.863784
-0.649206  1.334559
-0.522560  1.603927
-0.563296  0.884449
-0.598612  0.632871
-0.658254  1.045202
-0.619996  0.552125
-0.780769  0.897316
-0.814824  0.941835
-0.722476  1.104657
-0.585778  0.708828
-0.503661  0.826683
-0.412105  0.461013
-0.521992  0.973837
-0.484514  0.670758
-0.529223  0.902454
-0.364644  0.499247
 0.004812  0.596613
 0.035917  1.411687
-0.215498  1.006214
-0.199755  0.320901
-0.408648  0.718592
-0.233868  0.813302
-0.480615  0.816197
-0.510026  0.874866
-0.504687  1.219173
-0.363295  0.843571
-0.279338  1.194246
-0.223409  1.019844
-0.145180  0.497286
-0.353115  0.636538
-0.517098  0.910458
-0.611089  0.701854
-0.561545  1.242804
-0.524448  1.328205
-0.619856  0.946661
-0.650392  0.870839
-0.907141  1.818100
-0.797092  1.509540
-0.610291  0.885447
-0.548614  0.861306
-0.514957  0.830724
-0.534381  0.642335
-0.472396  0.791978
-0.584414  0.709492
-0.605487  1.077966
-0.474683  0.893966
-0.466928  0.612920
-0.502370  0.815426
-0.334912  0.640177
-0.497051  0.576513
-0.403785  0.615384
-0.398295  0.864200
-0.743382  0.905164
-0.943578  1.544556
-0.755821  0.778813
-0.822129  1.253032
-0.719920  0.718331
-0.747489  0.569220
-0.620871  0.903618
-0.804013  1.398048
-0.656227  1.101323
-0.415341  0.767676
-0.606889  0.746351
-0.576786  0.852399
-0.870395  1.568189
-0.695028  0.678691
-0.800109  0.666617
-0.921124  1.028106
-0.818870  0.936130
-0.602883  1.530301
-0.738293  0.620484
-0.769931  1.347798
-0.673132  0.797480
-0.740822  1.159892
-0.706869  0.908613
-0.647654  0.957688
-0.728099  0.490510
-0.648666  1.600464
-0.812366  1.417184
-0.637806  0.845170
-0.323326  0.895676
-0.281932  0.583730
-0.393180  0.547794
-0.343676  1.285788
-0.418916  0.657905
-0.363344  0.980300
-0.389732  0.722316
-0.178669  1.113239
-0.212727  1.050498
-0.216808  0.725129
-0.276981  0.883798
-0.452620  1.160917
-0.469344  1.171036
-0.559753  0.907377
-0.791315  0.949060
-0.612381  1.419804
-0.326591  0.926079
-0.565364  0.685855
-0.517485  1.006867
-0.499877  0.837439
-0.659167  0.795612
-0.615201  0.767917
-0.505397  0.727976
-0.399960  0.577300
-0.590713  0.879206
-0.650873  0.782452
-0.447289  0.899825
-0.547125  0.610340
-0.655470  0.749486
-0.778343  0.997551
