  0.137422 701.092976
  0.133413 788.930277
  0.132621 757.657129
  0.130435 650.391055
  0.135417 756.466466
  0.134630 685.300931
  0.135390 649.647630
  0.130059 746.040990
  0.131979 712.157740
  0.132309 673.480491
  0.132413 727.888083
  0.132696 710.348918
  0.134488 633.742595
  0.136829 735.502083
  0.131925 685.896116
  0.135008 731.225544
  0.130907 696.038147
  0.132207 685.927836
  0.131573 621.450604
  0.132281 714.862057
  0.137535 776.368250
  0.134403 809.604453
  0.135166 648.628158
  0.126704 669.054560
  0.131075 699.094324
  0.135959 749.814909
  0.135797 717.810535
  0.132573 642.747544
  0.131913 789.274704
  0.136719 703.356127
  0.133932 748.880310
  0.134096 801.562296
  0.135183 729.325801
  0.139146 647.438308
  0.134370 611.203150
  0.134973 716.739468
  0.130951 771.164612
  0.134964 660.640676
  0.133251 744.018987
  0.134336 661.937772
  0.136257 761.434317
  0.131062 745.984800
  0.134470 657.161097
  0.134111 647.923408
  0.134714 683.659950
  0.133885 592.287789
  0.132461 717.426792
  0.130841 728.077862
  0.134356 645.016194
  0.133832 637.560834
  0.132436 660.849136
  0.134312 736.603194
  0.137392 673.265935
  0.131842 699.876253
  0.133461 653.367677
  0.133345 643.526633
  0.135398 712.993826
  0.132411 663.951395
  0.132107 727.438234
  0.132838 732.787045
  0.133784 630.562312
  0.134518 636.351286
  0.130029 644.795760
  0.133934 709.555669
  0.132668 673.408783
  0.133068 748.153657
  0.133916 706.518683
  0.133867 737.672195
  0.135520 720.873847
  0.133583 761.952701
  0.132991 680.565964
  0.134478 743.638861
  0.135933 675.023655
  0.132043 835.352105
  0.132919 757.400229
  0.137897 640.175936
  0.135299 796.089780
  0.131837 711.689729
  0.134218 851.718305
  0.133788 766.947446
  0.131294 723.697328
  0.136723 684.749583
  0.131982 756.566908
  0.131388 659.578667
  0.130642 691.004883
  0.131749 672.582914
  0.135122 722.437911
  0.136052 625.959792
  0.133234 645.826643
  0.136373 682.493759
  0.132352 777.536420
  0.135044 664.153204
  0.133129 779.247945
  0.136297 736.733798
  0.130440 697.123091
  0.128844 702.175172
  0.128367 680.355164
  0.134048 701.758151
  0.133798 597.201988
  0.133427 707.222361
  0.133874 658.975167
  0.134615 813.853106
  0.130166 649.279121
  0.132088 679.545481
  0.134245 709.154141
  0.132817 666.542500
  0.135887 785.512699
  0.133799 668.722302
  0.132794 705.816367
  0.128303 756.932751
  0.134357 733.589275
  0.137359 770.579028
  0.131394 683.011802
  0.137268 726.152338
  0.139005 619.356545
  0.134909 786.540962
  0.133818 731.288320
  0.136093 698.067970
  0.128509 785.229045
  0.132634 700.148841
  0.133227 663.421258
  0.129753 773.276697
  0.133279 705.459152
  0.129154 691.860664
  0.134618 677.269131
  0.132968 710.592823
  0.133236 631.354185
  0.132076 824.698493
  0.131073 817.692595
  0.135444 747.739885
  0.130528 689.334983
  0.137675 736.772261
  0.131369 782.609154
  0.132880 662.072983
  0.134511 686.169958
  0.133562 642.740489
  0.133569 738.554334
  0.135843 686.995148
  0.132747 728.397857
  0.136485 763.400356
  0.131737 713.938089
  0.132247 626.980631
  0.131560 691.166274
  0.132985 707.452123
  0.133868 630.466842
  0.135793 730.110274
  0.134626 710.511393
  0.133604 750.416535
  0.132583 845.728564
  0.132368 702.972329
  0.130569 624.910679
  0.131937 651.948230
  0.135144 712.717019
  0.135182 629.451861
  0.138837 695.145404
  0.134448 659.341943
  0.133709 726.302968
  0.130207 752.139744
  0.134938 721.815218
  0.135409 778.820238
  0.134986 699.284327
  0.132930 758.064236
  0.129778 678.384114
  0.134970 731.908960
  0.133468 706.145028
  0.132738 624.593276
  0.133680 701.642834
  0.136071 641.523532
  0.130298 752.762585
  0.133180 700.606762
  0.130507 683.006085
  0.130129 757.461655
  0.131363 641.733232
  0.135107 682.723937
  0.134839 705.451405
  0.133191 809.594737
  0.136886 700.823538
  0.127727 763.314207
  0.133042 766.274384
  0.131268 687.996709
  0.138164 706.663991
  0.134257 791.488204
  0.135388 696.279565
  0.133143 635.244332
  0.133861 681.324946
  0.136246 675.838822
  0.133666 709.432034
  0.131135 800.068617
  0.132266 655.843707
  0.132097 611.167123
  0.135269 671.201787
  0.136754 724.568233
  0.133289 635.684316
  0.134630 712.922891
  0.133731 798.708771
  0.134619 784.755397
  0.136038 654.313670
  0.131602 707.134488
  0.137411 715.245985
  0.134383 716.861111
  0.134857 670.709780
  0.133227 749.323816
  0.132403 693.770410
  0.135146 667.528790
  0.132896 763.423281
  0.135664 762.985144
  0.132759 614.354804
  0.133674 748.449674
  0.135099 710.318170
  0.129823 725.005615
  0.136630 654.081006
  0.130840 756.670541
  0.133188 631.817521
  0.130507 690.972432
  0.131957 698.493368
  0.135303 709.778197
  0.133180 702.251932
  0.136924 667.613936
  0.131232 686.735320
  0.135860 592.410517
  0.136249 778.867840
  0.131352 731.021181
  0.135475 642.408875
  0.132502 657.063967
  0.135880 695.164787
  0.133257 650.653165
  0.134546 788.417967
  0.130760 621.932246
  0.129686 706.180987
  0.131677 791.009019
  0.132967 700.322171
  0.137391 750.730585
  0.131218 694.893830
  0.135223 645.654953
  0.131853 778.982403
  0.133563 714.702135
  0.134067 768.409564
  0.131877 761.075431
  0.130871 705.991825
  0.131408 678.679248
  0.131327 694.624111
  0.135649 745.706316
  0.134052 744.122832
  0.131709 673.427619
  0.134426 700.925707
  0.132532 689.018527
  0.138153 631.925004
  0.133874 814.103612
  0.133794 705.592044
  0.132405 762.400773
  0.130727 703.042550
  0.133877 681.704735
  0.131936 774.499405
  0.133718 719.563489
  0.132707 647.237064
  0.135150 761.764886
  0.132798 719.344012
  0.135506 724.560996
  0.134996 617.937088
  0.131728 632.292261
  0.130176 671.558237
  0.132756 655.343025
  0.134736 637.632544
  0.131380 667.822831
  0.133814 684.895438
  0.137726 612.640022
  0.132643 635.219764
  0.132976 654.858666
  0.132956 700.067286
  0.134842 721.228250
  0.132073 727.212918
  0.130986 683.521965
  0.130632 655.200288
  0.135772 654.231912
  0.135650 709.547634
  0.130131 660.842242
  0.133303 704.422235
  0.135405 728.843887
  0.133765 691.285116
  0.135896 710.225234
  0.132233 744.989907
  0.134466 751.647836
  0.132559 700.061797
  0.134990 754.774252
  0.133077 798.106773
  0.131611 637.728019
  0.133546 676.823326
  0.135017 726.719598
  0.135245 739.799918
  0.133554 783.973960
  0.134517 658.513443
  0.138129 700.765661
  0.135694 628.648347
  0.128740 719.468020
  0.132425 668.215858
  0.132736 731.600080
  0.133497 736.509547
  0.131714 677.778322
  0.133659 758.263512
  0.134444 704.305795
  0.133219 672.554682
  0.132177 754.344457
  0.133485 722.941555
  0.134667 706.544324
  0.134144 745.324007
  0.135076 706.440807
  0.137194 736.113943
  0.131913 683.538955
  0.130363 800.665805
  0.129976 774.595327
  0.128251 700.522886
  0.135030 645.969115
  0.133748 716.044378
  0.133335 812.632760
  0.130679 835.220356
  0.132972 795.275878
  0.136971 664.215187
  0.132074 639.674235
  0.133237 718.712579
  0.132972 783.151212
  0.133087 760.361851
  0.136168 714.763805
  0.135017 685.700671
  0.132568 745.503292
  0.133133 717.958667
  0.137373 751.978733
  0.136572 777.614165
  0.137642 750.232659
  0.133635 642.426290
  0.134699 742.080075
  0.134754 722.084561
  0.132018 649.253336
  0.136742 706.338690
  0.132694 716.344066
  0.134514 733.285196
  0.133715 697.117118
  0.135772 765.165024
  0.136597 637.112871
  0.133862 735.838687
  0.135807 802.986346
  0.136672 708.664109
  0.132909 642.412186
  0.136087 757.454524
  0.134680 713.104286
  0.135098 755.697012
  0.136800 756.903540
  0.132440 725.015227
  0.129523 769.526943
  0.127161 603.250595
  0.136720 713.212534
  0.131906 662.966084
  0.133335 761.105728
  0.135305 775.718490
  0.134901 765.726076
  0.134657 713.049766
  0.135185 729.691970
  0.134053 743.447667
  0.135345 674.593512
  0.133810 676.348725
  0.133631 654.391502
  0.133892 767.445252
  0.128923 722.995124
  0.136778 693.533212
  0.135948 774.816416
  0.135238 668.930190
  0.134019 724.388366
  0.134883 747.655533
  0.132878 654.478298
  0.130689 665.399243
  0.132992 686.210812
  0.124840 672.932075
  0.132471 748.580673
  0.132619 717.562597
  0.133532 754.721724
  0.134547 731.223659
  0.132463 652.813821
  0.132673 733.384186
  0.133294 778.684462
  0.132925 682.894684
  0.129782 660.998625
  0.135459 723.798122
  0.131491 608.827938
  0.131926 580.511358
  0.132936 667.112929
  0.131923 714.688113
  0.128324 656.311060
  0.134362 690.907806
  0.133143 804.360322
  0.129718 675.184070
  0.131014 696.302043
  0.131127 686.963514
  0.132537 613.513390
  0.128773 740.868177
  0.132856 656.471921
  0.137455 660.880404
  0.134588 740.226829
  0.135901 771.524941
  0.135116 687.641424
  0.134381 668.308494
  0.132065 869.253041
  0.128355 744.673883
  0.130223 707.715230
  0.132540 781.593278
  0.133203 727.135693
  0.129146 713.510181
  0.132755 635.381659
  0.132675 797.238451
  0.132499 729.214407
  0.133082 738.521477
  0.130935 803.389819
  0.134148 759.024053
  0.132279 694.807771
  0.134126 740.539587
  0.134374 682.890837
  0.134523 756.939415
  0.131125 737.107908
  0.132017 853.732607
  0.133664 711.714005
  0.136124 696.714905
  0.134912 750.194989
  0.135241 817.035362
  0.130827 638.197048
  0.134249 799.148511
  0.132613 671.415443
  0.132311 780.101513
  0.129716 806.855005
  0.134058 639.972392
  0.132891 724.759661
  0.132176 698.163200
  0.132911 675.653782
  0.132561 776.872703
  0.131217 687.862412
  0.132533 800.868228
  0.132092 699.885184
  0.129525 770.965893
  0.133451 709.130546
  0.131956 731.448315
  0.130060 707.607171
  0.132464 711.289537
  0.131528 687.463153
  0.133977 801.605452
  0.131634 833.690717
  0.134703 745.295458
  0.132468 720.361190
  0.136600 690.237512
  0.135049 709.363925
  0.133291 656.445144
  0.134176 671.055675
  0.134703 752.659721
  0.135736 831.644508
  0.133496 760.877442
  0.135812 693.475469
  0.134662 735.554105
  0.135935 735.473001
  0.135888 803.206902
  0.133221 710.713850
  0.135760 608.048482
  0.131976 707.008385
  0.134849 761.480453
  0.135205 797.645452
  0.134569 721.376818
  0.135206 752.425151
  0.131322 782.513580
  0.132817 710.691034
  0.134356 778.553234
  0.136190 779.294994
  0.134135 695.061696
  0.133750 764.359475
  0.134847 779.136034
  0.133412 796.822009
  0.129348 708.603299
  0.135949 578.620432
  0.137721 713.869961
  0.132327 725.209171
  0.131877 708.339175
  0.131584 650.283813
  0.133017 658.289835
  0.130976 773.499368
  0.133398 730.969496
  0.132444 652.248973
  0.135185 712.434155
  0.138466 774.885448
  0.135725 699.242330
  0.132194 899.807866
  0.136078 757.677702
  0.137776 698.640533
  0.131397 600.902549
  0.135124 666.798109
  0.136539 686.427645
  0.134595 681.851816
  0.134389 680.621712
  0.130697 741.090608
  0.136607 639.220028
  0.133107 695.491311
  0.135488 625.111586
  0.131776 681.615737
  0.137558 659.325531
  0.134501 672.198660
  0.136557 681.815951
  0.131304 658.991823
  0.131740 648.906248
  0.135837 705.423021
  0.131163 735.989049
  0.133591 772.988792
  0.131816 639.049079
  0.129386 830.005387
  0.133142 735.707107
  0.135990 705.417774
  0.134264 688.753055
  0.132935 692.899433
  0.133897 743.657759
  0.133701 662.520088
  0.133084 757.633619
  0.136744 685.963392
  0.128851 675.093749
  0.131155 613.888845
  0.131173 620.311020
  0.134471 729.413188
  0.133541 748.715966
  0.133963 641.348384
  0.132953 706.451125
  0.130016 685.154015
  0.134118 740.025804
  0.131824 682.889864
  0.132056 646.441639
  0.131465 733.936378
  0.134422 663.166410
  0.132504 767.665448
  0.137698 719.233176
  0.132758 655.170398
  0.131053 746.766792
  0.130862 739.190510
  0.130799 741.355756
  0.133745 730.940792
  0.131318 739.281230
  0.134880 699.970187
  0.133901 723.094952
  0.136056 630.893429
  0.131228 675.003225
  0.132877 710.386294
  0.135145 802.868549
  0.136523 660.340422
  0.132173 674.875152
  0.129223 647.298884
  0.132735 612.964666
  0.134270 759.881647
  0.134884 753.242329
  0.132602 739.980102
  0.130508 715.167548
  0.130471 614.050517
  0.133698 654.886533
  0.132931 717.987629
  0.130355 687.559575
  0.131673 692.020759
  0.135637 747.045735
  0.133326 699.785575
  0.129564 733.229704
  0.132381 735.524513
  0.135371 678.057316
  0.136048 749.116444
  0.132161 744.681508
  0.135834 755.407399
  0.134251 723.591187
  0.131310 745.528329
  0.134112 714.381729
  0.131527 718.260046
  0.134537 706.028934
  0.132612 778.763103
  0.134365 788.038512
  0.134155 680.068409
  0.132721 758.183111
  0.133961 725.096115
  0.136486 582.920909
  0.133732 806.403735
  0.135488 736.652278
  0.134323 642.703269
  0.133569 725.900668
  0.136149 762.240351
  0.135134 615.728490
  0.133379 832.598924
  0.131341 689.763563
  0.133276 683.045997
  0.139242 745.375094
  0.137673 703.829064
  0.134307 686.682871
  0.132914 716.742185
  0.131908 753.797653
  0.134575 670.294017
  0.133962 727.070876
  0.133610 750.645991
  0.131828 833.211799
  0.133821 727.205843
  0.135234 770.300178
  0.136276 663.014318
  0.133605 741.155723
  0.137850 741.625104
  0.137265 727.406556
  0.128646 648.423978
  0.134781 651.320514
  0.132610 696.760127
  0.130363 775.781619
  0.134806 739.793166
  0.132049 714.732364
  0.137175 644.575654
  0.134969 742.747462
  0.137198 681.017496
  0.133948 697.146942
  0.132636 686.498322
  0.131324 682.157086
  0.132664 716.140452
  0.132157 745.249664
  0.138213 658.434705
  0.135358 628.442081
  0.135161 725.767871
  0.131515 672.226435
  0.133850 798.566175
  0.135823 749.702071
  0.135191 675.583137
  0.132135 834.831994
  0.132461 703.743819
  0.137413 717.115175
  0.133421 688.552433
  0.136328 682.714998
  0.134897 656.004152
  0.136425 785.688487
  0.133148 712.163611
  0.131765 733.539687
  0.138323 625.864063
  0.134961 732.893126
  0.135834 693.457367
  0.134661 720.934435
  0.135576 685.792983
  0.138380 588.120799
  0.131781 662.183584
  0.134107 658.645953
  0.135763 707.780007
  0.132471 775.955900
  0.127797 747.766564
  0.136227 639.544463
  0.136756 703.263055
  0.133749 638.147972
  0.136435 633.229935
  0.132679 754.408132
  0.132154 672.502345
  0.132642 631.066704
  0.134148 625.000783
  0.133210 666.861089
  0.131440 641.720964
  0.133839 783.282412
  0.133595 707.796852
  0.135631 735.498996
  0.132235 770.100398
  0.134892 677.859255
  0.131562 605.712019
  0.127328 721.415918
  0.136387 638.952578
  0.132683 705.941703
  0.132901 723.525366
  0.137119 713.046023
  0.132268 747.304534
  0.133210 731.011246
  0.132567 634.658341
  0.131520 622.809744
  0.133865 745.931060
  0.132967 704.229588
  0.133776 703.284830
  0.133883 717.400487
  0.132941 673.114124
  0.132725 726.846481
  0.134209 740.402384
  0.135569 669.783645
  0.134260 640.979350
  0.130835 705.032692
  0.132976 782.701875
  0.126578 672.108743
  0.134617 696.556657
  0.129884 659.500494
  0.131831 604.770830
  0.133796 762.833490
  0.129445 731.686054
  0.131022 695.662053
  0.135011 672.237434
  0.133768 699.325877
  0.131769 704.108008
  0.133633 661.639330
  0.134484 618.872891
  0.134625 640.225155
  0.132742 674.055158
  0.132969 761.584390
  0.135498 708.949197
  0.135432 632.222553
  0.129233 616.470166
  0.134234 686.928921
  0.129325 695.673070
  0.132456 645.779572
  0.127576 686.389537
  0.134119 727.849908
  0.134047 704.580669
  0.129743 575.528335
  0.131561 728.800943
  0.134783 639.458903
  0.133884 668.908013
  0.133529 702.862081
  0.134746 695.969162
  0.132837 754.515321
  0.133970 686.142736
  0.135539 771.558141
  0.133580 658.029767
  0.130450 697.896252
  0.132282 769.916408
  0.133967 677.748035
  0.129002 562.866285
  0.132148 693.039340
  0.135359 694.914172
  0.135495 762.269987
  0.130155 819.154503
  0.131722 737.128505
  0.135346 707.105363
  0.135901 773.753190
  0.132510 833.784842
  0.132454 747.405743
  0.132699 642.009285
  0.133167 740.253966
  0.135366 671.925600
  0.136225 739.654857
  0.129190 707.101759
  0.137219 636.777345
  0.132435 673.781479
  0.131961 718.350857
  0.132930 700.574795
  0.133263 706.680664
  0.134744 755.656506
  0.132502 726.248975
  0.132700 772.752899
  0.131501 760.546815
  0.135648 657.437790
  0.132438 766.580323
  0.134763 725.016818
  0.134959 741.048679
  0.128927 661.743869
  0.133446 783.571870
  0.131088 685.611593
  0.135963 685.992451
  0.136483 687.000727
  0.129749 775.704362
  0.134079 744.153271
  0.132606 670.698262
  0.134504 685.003276
  0.131778 691.288550
  0.135899 826.033975
  0.134997 667.804515
  0.133327 824.882252
  0.136872 653.993726
  0.135041 746.843467
  0.131577 656.082624
  0.134816 743.961739
  0.131891 729.361775
  0.135710 739.857034
  0.130967 752.996779
  0.135407 687.670188
  0.129875 654.213596
  0.137095 706.058040
  0.133793 688.622395
  0.135582 668.333499
  0.136099 588.274841
  0.129982 643.059087
  0.132496 677.928658
  0.133429 856.120284
  0.134543 701.315098
  0.133302 699.416201
  0.128882 719.783810
  0.131354 678.013842
  0.128212 680.202565
  0.133314 756.643685
  0.131380 791.458561
  0.129978 785.076563
  0.136420 763.614704
  0.133996 681.623821
  0.139410 702.955758
  0.134003 730.539347
  0.127646 715.416428
  0.134916 698.800272
  0.132922 734.658805
  0.133214 727.920501
  0.136855 671.476496
  0.131743 657.345121
  0.135427 706.951961
  0.131658 763.903365
  0.134063 816.127355
  0.132149 710.213846
  0.131382 687.751289
  0.134466 652.355073
  0.131650 747.472925
  0.136869 751.106394
  0.132907 737.881900
  0.133898 754.852688
  0.134082 742.481876
  0.131377 755.339022
  0.135143 713.890955
  0.133053 711.814663
  0.133793 603.789160
  0.130355 670.563646
  0.133543 702.148188
  0.134664 718.112953
  0.136949 669.410195
  0.133649 677.684261
  0.133890 711.808359
  0.135454 626.781492
  0.136110 641.357062
  0.135962 666.583222
  0.133709 675.638814
  0.131012 730.153365
  0.133505 737.366951
  0.136444 684.116782
  0.132845 599.652313
  0.136395 727.908960
  0.134548 662.528091
  0.137666 685.057815
  0.139662 591.637689
  0.137470 663.982687
  0.136232 672.210334
  0.133812 712.319218
  0.135107 780.249903
  0.131579 679.722436
  0.135147 641.045866
  0.131444 747.428180
  0.136157 732.271672
  0.132645 672.254212
  0.133761 640.373856
  0.136877 703.763704
  0.135225 620.418278
  0.133791 650.948040
  0.132822 701.986848
  0.130883 733.675170
  0.131659 629.614443
  0.131590 673.992153
  0.135271 759.918472
  0.135480 673.689312
  0.131519 731.045937
  0.137230 688.828256
  0.134790 697.746334
  0.131756 767.502828
  0.134032 694.916368
  0.131114 680.431197
  0.131701 663.745757
  0.133142 748.945676
  0.131441 740.061997
  0.133734 706.879267
  0.130634 713.077838
  0.130635 678.430115
  0.137056 746.676709
  0.136776 672.057925
  0.132590 666.075304
  0.132026 634.591811
  0.135782 703.270814
  0.135400 767.443010
  0.132959 691.856823
  0.136917 629.871965
  0.136038 801.015242
  0.134888 680.874943
  0.131419 631.267782
  0.134452 725.468077
  0.133358 671.975363
  0.136818 651.924248
  0.131552 727.676177
  0.129589 802.827248
  0.131904 727.521693
  0.134003 744.134116
  0.135972 687.104654
  0.134283 701.455574
  0.135386 815.746982
  0.132330 653.017631
  0.133403 797.962311
  0.131925 755.004035
  0.130229 764.418855
  0.132603 724.132236
  0.130338 702.724064
  0.136215 685.950776
  0.132518 624.578588
  0.133465 648.293048
  0.135173 829.190565
  0.139887 684.085443
  0.135503 680.397365
  0.134561 762.193749
  0.136478 738.124247
  0.132838 670.994946
  0.131579 728.157184
  0.137971 746.390952
  0.135851 650.591733
  0.137290 809.551178
  0.130016 772.540177
  0.133785 769.210986
  0.132473 761.574870
  0.133210 676.498003
  0.133101 705.039129
  0.132673 748.776539
  0.134920 620.449832
  0.132486 690.898982
  0.131130 668.903914
  0.127980 749.142823
  0.130556 722.803588
  0.134555 768.937438
  0.130869 694.465432
  0.130154 674.799400
  0.130415 671.683972
  0.130356 641.699612
  0.135242 748.780786
  0.134960 747.809866
  0.130709 674.758731
  0.135747 712.019076
  0.132659 737.531311
  0.133737 662.805770
  0.138838 749.107235
  0.136172 688.033227
  0.136641 717.182696
  0.130960 687.517301
  0.135058 698.624843
  0.131603 742.108491
  0.136155 678.387956
  0.132014 773.721165
  0.133107 642.889316
  0.137278 697.169873
  0.130539 731.373471
  0.133335 697.711933
  0.131692 621.372501
  0.135133 686.130582
  0.139213 670.376250
  0.130209 675.943718
  0.131226 641.817429
  0.136041 781.765614
  0.134795 650.352066
  0.133701 689.951607
  0.135279 687.696714
  0.131480 685.569148
  0.131730 730.746584
  0.131494 679.171981
  0.132782 760.399944
  0.130432 660.805416
  0.129333 748.550335
  0.136719 646.445059
  0.134485 665.079635
  0.133925 827.885163
  0.136347 731.315271
  0.134656 816.908409
  0.131658 610.077127
  0.133761 630.068400
  0.133012 721.709216
  0.132183 715.100809
  0.133730 667.210973
  0.130825 738.339393
  0.130243 650.796477
  0.134553 685.120322
  0.130358 726.270557
  0.133844 662.396786
  0.132959 748.300415
  0.134853 670.234071
  0.131335 612.815096
  0.138974 655.239249
  0.134132 656.247632
  0.134687 628.001855
  0.136441 683.764472
  0.128054 633.705625
  0.130029 720.048353
  0.131366 675.468518
  0.133166 691.868151
  0.132290 812.381453
  0.133395 676.964963
  0.132931 687.112980
  0.135317 666.683945
  0.137261 654.270091
  0.133931 700.473981
  0.135696 643.462750
  0.132127 711.188662
  0.135416 814.044460
  0.131620 655.372709
  0.131100 700.381830
  0.134420 676.777578
  0.133793 765.591790
  0.134542 674.711502
  0.133455 885.463584
  0.133903 683.104563
  0.132394 802.348090
  0.133807 798.896080
  0.134376 643.672161
  0.129932 844.040972
  0.130391 780.934661
  0.132032 781.655213
  0.134485 740.992109
  0.130494 759.438943
  0.137671 760.706638
  0.131297 752.912659
  0.131374 743.340580
  0.134239 758.092315
  0.133598 660.308221
  0.132075 634.116715
  0.135038 740.935859
  0.133398 732.345233
  0.132045 764.947855
  0.134602 706.147855
  0.133456 698.435429
  0.132111 692.217079
  0.135013 760.629403
  0.132042 666.779991
  0.131415 671.649130
  0.127862 623.480719
  0.136820 691.130104
  0.133161 713.770813
  0.137601 665.176966
  0.133927 656.954566
  0.134269 727.662119
  0.130951 648.587024
  0.131621 689.077278
  0.129831 739.096432
  0.134173 828.852793
  0.132591 620.064232
  0.134444 845.026371
  0.136158 631.224108
  0.135321 734.944035
  0.134397 730.812566
  0.137117 767.224896
  0.130176 628.361702
  0.131327 756.586235
  0.131263 719.326836
  0.132190 653.128818
  0.134602 692.969354
  0.132790 758.343296
  0.133865 695.109141
  0.134477 717.526345
  0.135307 630.514409
  0.133308 834.409016
  0.134185 746.123844
  0.131649 785.978877
  0.133441 717.776559
  0.133556 714.066633
  0.132510 781.822773
  0.132305 749.163041
  0.132990 654.847867
  0.133555 679.007910
  0.130309 659.532404
  0.130197 692.658394
  0.135655 700.969946
  0.134799 655.990190
  0.134984 729.911757
  0.133344 680.984546
  0.131209 749.935749
  0.134066 638.006774
  0.132692 723.812988
  0.133953 651.648893
  0.133617 671.453341
  0.136773 661.111311
  0.135335 657.512657
  0.134887 665.600216
  0.131636 671.265982
  0.136319 694.240843
  0.137445 740.312628
  0.137510 627.407062
  0.132068 706.220649
  0.138305 666.975097
  0.131713 634.266555
  0.128311 707.401920
  0.131541 753.939729
  0.133647 731.870279
  0.132267 675.982853
  0.131216 668.265258
  0.133728 587.840182
  0.139337 595.836107
  0.131972 732.863385
  0.130081 780.209813
  0.130008 696.359217
  0.130256 780.938639
  0.134633 706.805321
  0.129491 715.040162
  0.136695 773.968271
  0.134148 613.786382
  0.130706 646.062023
  0.131420 618.656967
  0.133987 673.052031
  0.135837 672.505891
  0.134691 746.932568
  0.136534 731.127345
  0.132642 724.382011
  0.131885 772.322194
  0.131974 708.181946
  0.134217 606.366196
  0.130663 666.418343
  0.130649 708.019728
  0.131323 706.705714
  0.133041 687.939291
  0.126066 733.702735
  0.133285 733.586351
  0.132028 734.389511
  0.129635 789.049890
  0.135067 704.369989
  0.134678 693.523797
  0.135854 780.963774
  0.130448 708.256601
  0.134424 689.432641
  0.132133 684.041188
  0.133039 617.802456
  0.135566 782.524288
  0.128965 675.182462
  0.134719 695.840543
  0.128589 708.725511
  0.131660 625.594514
  0.135055 734.472616
  0.131642 666.787682
  0.138197 659.415897
  0.131287 722.210718
  0.129038 797.973434
  0.130342 661.466778
  0.136546 583.318089
  0.133641 775.867840
  0.133389 753.316197
  0.133059 744.198951
  0.134384 657.500994
  0.132606 765.307140
  0.132048 670.561281
  0.133916 760.541851
  0.131325 735.470383
  0.131154 719.604755
  0.138593 669.168778
  0.130778 744.876951
  0.134788 743.477246
  0.134138 713.196077
  0.135360 659.004122
  0.132362 750.125959
  0.136794 726.573604
  0.134513 744.128765
  0.130774 685.713059
  0.135874 729.985406
  0.134394 771.271281
  0.133077 663.606011
  0.131922 756.706789
  0.136672 677.238466
  0.136712 695.449359
  0.130994 685.209661
  0.137053 701.739542
  0.135149 684.433057
  0.130741 712.078860
  0.131781 752.368732
  0.134702 715.626331
  0.135254 755.131917
  0.133116 649.970843
  0.136022 689.025749
  0.134684 590.830918
  0.131440 806.031933
  0.134201 727.420591
  0.133858 712.816690
  0.135310 735.832002
  0.133479 853.670679
  0.131743 754.026831
  0.131898 705.590598
  0.131108 716.894659
  0.133029 694.573808
  0.135425 763.949920
  0.132668 721.549064
  0.134781 749.307060
  0.131019 754.645835
  0.129311 777.894058
  0.134306 775.347899
  0.135046 721.422089
  0.130808 653.121408
  0.133212 694.804911
  0.135350 816.008944
  0.131676 645.431807
  0.128997 826.621451
  0.130852 723.153236
  0.137671 708.640306
  0.131807 652.202923
  0.134590 750.231738
  0.135221 705.100278
  0.131007 799.228977
  0.132457 736.631296
  0.135903 679.281959
  0.135175 638.286772
  0.132385 631.533472
  0.131986 617.721670
  0.135496 812.638312
  0.135580 683.970278
  0.135106 723.851222
  0.134284 734.123097
  0.136554 766.745072
  0.129937 660.544531
  0.135542 710.006321
  0.135140 723.775924
  0.135468 723.237769
  0.131726 650.864560
  0.132913 757.841371
  0.133366 705.160350
  0.131212 745.121903
  0.130146 757.461193
  0.133059 910.018001
  0.133698 748.278998
  0.134985 729.744106
  0.134307 658.066405
  0.134203 655.209111
  0.132138 660.530710
  0.134140 666.788461
  0.128018 723.205698
  0.131655 664.191259
  0.137922 732.127081
  0.133088 830.544169
  0.131969 778.604543
  0.129781 665.648365
  0.137262 788.973017
  0.132818 641.369905
  0.136653 698.107614
  0.135560 662.574699
  0.133359 682.968375
  0.132105 717.556226
  0.134605 657.122465
  0.131402 650.121421
  0.133324 614.643847
  0.133325 731.774622
  0.131745 691.682871
  0.131883 664.037636
  0.131973 781.658507
  0.134790 756.860056
  0.133458 591.887319
  0.130899 709.845453
  0.133421 754.559567
  0.131571 747.977944
  0.127683 617.163531
  0.133655 743.089905
  0.132938 779.560442
  0.134779 731.995050
  0.133038 669.773206
  0.138610 715.435465
  0.132388 760.969197
  0.130080 807.364417
  0.128907 658.146378
  0.133803 802.404982
  0.133750 753.811611
  0.135778 757.014369
  0.136973 710.748753
  0.134221 788.291665
  0.131180 707.030548
  0.137058 648.350515
  0.135740 731.840033
  0.128030 648.216946
  0.131694 739.436426
  0.129422 719.816316
  0.132767 646.011963
  0.128832 707.243631
  0.132398 675.928512
  0.136033 697.027045
  0.133908 801.407714
  0.132866 710.111008
  0.132728 711.021448
  0.135486 728.463690
  0.130513 721.449743
  0.133496 683.991742
  0.133719 721.382798
  0.134274 718.824972
  0.133944 653.147857
  0.133635 784.750409
  0.133958 776.194556
  0.130024 591.171229
  0.136266 677.856054
  0.134273 771.587215
  0.134385 703.336170
  0.133376 649.491762
  0.133897 773.380799
  0.131240 750.317226
  0.131717 752.403315
  0.139371 619.705456
  0.134909 678.331780
  0.135688 673.926929
  0.133594 710.015211
  0.132766 788.941139
  0.133699 627.079439
  0.131815 604.821329
  0.133970 618.543525
  0.133785 778.001287
  0.135348 685.393137
  0.133927 801.457967
  0.133328 727.789618
  0.134456 753.633803
  0.131272 763.799508
  0.135285 714.348846
  0.129566 640.856006
  0.135373 701.132766
  0.134398 673.090897
  0.132976 657.327350
  0.134618 571.184617
  0.132002 702.493860
  0.129650 716.071286
  0.130547 654.398827
  0.133405 676.133455
  0.131515 746.083256
  0.133675 715.346583
  0.134483 800.315129
  0.134071 772.870918
  0.135426 805.048666
  0.134252 771.346945
  0.136009 674.397921
  0.136019 752.870109
  0.132303 810.877995
  0.131389 602.198813
  0.135055 670.160102
  0.133444 681.226906
  0.134263 672.369505
  0.130545 769.310883
  0.130098 686.171097
  0.133562 675.817654
  0.134147 761.082206
  0.134525 717.247153
  0.132287 652.555681
  0.132154 712.915285
  0.136110 673.220300
  0.130860 680.363766
  0.133035 711.107505
  0.131483 668.695689
  0.133833 659.730338
  0.134066 599.630392
  0.134867 674.874373
  0.132605 726.727044
  0.132277 663.310509
  0.133378 642.772626
  0.134365 764.234798
  0.135830 656.794485
  0.134404 780.743054
  0.132924 684.098263
  0.133861 686.551887
  0.131833 721.635382
  0.134618 750.676772
  0.130490 769.057068
  0.129816 748.089640
  0.133594 719.814094
  0.134793 703.018770
  0.130768 799.677357
  0.137709 715.980991
  0.136296 704.085876
  0.133944 678.603556
  0.131437 727.454930
  0.130892 670.076201
  0.136045 761.362884
  0.131463 626.645998
  0.132275 757.209416
  0.132336 616.923332
  0.132166 669.835439
  0.129315 710.490914
  0.133531 681.635206
  0.131792 617.951282
  0.135008 570.334727
  0.132566 739.523056
  0.136332 663.871737
  0.134174 715.236490
  0.130941 754.164563
  0.133927 756.518605
  0.132567 705.641272
  0.131205 713.585697
  0.134789 729.065779
  0.132175 705.280489
  0.134667 728.816732
  0.135639 813.311100
  0.132900 753.933813
  0.130823 693.253888
  0.134569 725.932205
  0.133789 729.008368
  0.132890 797.201045
  0.133800 752.220532
  0.134155 716.092588
  0.133862 881.627007
  0.132921 741.565430
  0.133066 823.785007
  0.128871 700.990817
  0.134449 725.750336
  0.132837 779.915483
  0.127410 626.721523
  0.131387 780.822763
  0.134054 763.477410
  0.133977 661.315454
  0.135675 695.035147
  0.131070 774.438359
  0.130528 713.326674
  0.133464 717.201312
  0.135102 803.700224
  0.134823 686.373617
  0.133374 742.204251
  0.135891 635.347707
  0.129462 753.084788
  0.131788 731.677846
  0.132233 780.240596
  0.131070 599.652858
  0.135293 767.110925
  0.133993 623.161702
  0.134335 728.883313
  0.130422 737.355679
  0.133834 730.504270
  0.135942 734.241094
  0.129456 718.932741
  0.133432 700.927313
  0.129750 681.549955
  0.133955 676.603498
  0.130081 713.587655
  0.134033 721.126924
  0.132063 696.668850
  0.133706 737.639913
  0.128876 693.433950
  0.128830 758.961897
  0.129450 648.426070
  0.130768 703.852146
  0.134538 740.922165
  0.134455 703.058594
  0.136879 699.000589
  0.133179 752.401314
  0.132010 728.535075
  0.131898 748.038440
  0.135400 649.747528
  0.131097 642.554995
  0.135688 725.172062
  0.133997 648.898766
  0.134860 700.764741
  0.132389 678.650858
  0.134312 642.808815
  0.131516 738.690258
  0.137880 739.571431
  0.132139 737.953912
  0.133201 671.243040
  0.135020 687.354721
  0.134814 688.297592
  0.131610 699.940434
  0.135719 692.790288
  0.132712 696.067640
  0.134367 648.418600
  0.136990 709.218595
  0.136588 728.530763
  0.133100 628.187894
  0.133438 559.602259
  0.133987 751.087483
  0.138983 711.441251
  0.134726 764.646811
  0.129646 668.279925
  0.131002 672.354113
  0.129098 691.860593
  0.130937 683.542951
  0.135251 785.475501
  0.131068 693.045913
  0.134674 753.712471
  0.134230 720.974454
  0.136381 759.958916
  0.134929 579.093395
  0.134033 644.790957
  0.135227 705.349417
  0.134647 689.644165
  0.134861 648.669157
  0.134325 697.736801
  0.127111 673.282173
  0.136172 683.916512
  0.134292 699.584958
  0.129858 689.271153
  0.136121 731.412565
  0.130564 691.232917
  0.137687 720.628418
  0.134842 713.002757
  0.135513 726.630691
  0.134868 680.116970
  0.135170 755.038152
  0.131988 730.637400
  0.135068 780.390971
  0.129846 698.480624
  0.133613 638.563032
  0.135171 620.005125
  0.137636 669.309416
  0.129855 646.680156
  0.133611 685.922665
  0.131901 685.789944
  0.131967 709.767924
  0.135472 731.429442
  0.135196 604.722977
  0.134125 723.728385
  0.134391 850.652114
  0.132995 742.807795
  0.130562 720.214467
  0.133264 708.200388
  0.133929 676.162967
  0.131152 741.650554
  0.136682 709.883696
  0.133394 712.631482
  0.135471 698.512871
  0.131004 709.339407
  0.136677 687.596523
  0.134131 660.537174
  0.135258 719.183110
  0.133829 693.364086
  0.137056 694.108052
  0.135908 669.779582
  0.132920 803.726953
  0.133635 660.136726
  0.130492 601.067873
  0.130997 705.314716
  0.135231 758.490241
  0.127092 661.023295
  0.131781 711.210071
  0.132155 742.816167
  0.134273 644.010856
  0.134047 694.313617
  0.128375 697.965310
