  51.335251 1121.653243
  39.428388 1123.928584
  28.481040 1129.496725
  30.138210 1126.483333
  42.632561 1129.734470
  18.502502 1123.460728
  25.651820 1126.253477
  52.589005 1124.734990
  39.178918 1128.635999
  51.554594 1122.752911
  70.049658 1119.368364
  47.272196 1126.318216
  52.760321 1120.555832
  57.866638 1119.057602
  50.177379 1124.056771
  48.892642 1125.897450
  47.029248 1120.503888
  53.447132 1119.752733
  61.413617 1117.528095
  39.257016 1123.547738
  30.680623 1124.460588
  25.123902 1125.812296
  33.859452 1121.913147
  29.256083 1120.196348
  56.563012 1126.652020
  50.685718 1122.752863
  50.833090 1129.820951
  41.657960 1128.017788
  52.016223 1119.556089
  33.782686 1122.950766
  26.969402 1122.809139
  54.382049 1124.141855
  57.596580 1117.120881
  48.855625 1111.560403
  40.974545 1114.729006
  22.219079 1108.737890
  26.158432 1119.470833
  36.175657 1124.873384
  39.339327 1125.286008
  28.825962 1125.685060
  61.197394 1128.120159
  58.910640 1122.805169
  50.024946 1109.201685
  41.915753 1123.091286
  42.245346 1122.387465
  39.620674 1118.650358
  38.973358 1121.388759
  43.725958 1122.067355
  23.535473 1118.676986
  44.112937 1125.529643
  30.593593 1125.343155
  33.197932 1124.196819
  26.540801 1114.141065
  25.488668 1116.845877
  43.471097 1128.098261
  33.257869 1124.707383
  40.619746 1124.313768
  32.392494 1121.902882
  74.576950 1125.093540
  49.849528 1125.159088
  47.198454 1126.356652
  73.241430 1121.232830
  44.952908 1122.693492
  34.932324 1124.666926
  46.711701 1124.710820
  54.355467 1126.089757
  58.314393 1121.671044
  53.198503 1124.237691
  49.615113 1122.145588
  36.904168 1128.390428
  53.685220 1116.195200
  52.372075 1121.218035
  49.524193 1123.316640
  41.762088 1127.618422
  37.207708 1127.716418
  24.350969 1119.417039
  46.379907 1128.452995
  55.769264 1124.396038
  51.087144 1127.767951
  52.506658 1122.448668
  68.839179 1125.727462
  55.186348 1120.102750
  45.837269 1125.336351
  47.886234 1121.997134
  31.452154 1126.322582
  43.005794 1113.115821
  46.861003 1127.540766
  27.415082 1115.900108
  38.151534 1112.429118
  26.737034 1123.674019
  26.282067 1123.752530
  30.474574 1122.947735
  34.421098 1117.911783
  28.903531 1120.482407
  30.087703 1123.112055
  59.553978 1118.199283
  59.066559 1123.739519
  51.179105 1136.160057
  36.666511 1121.672547
  42.589865 1131.769793
  60.162171 1124.243457
  38.210475 1126.240873
  39.595917 1118.282524
  63.317373 1124.902753
  44.629522 1120.621081
  54.993159 1117.802595
  43.774845 1121.781826
  60.744083 1118.425533
  57.553369 1120.298869
  36.614899 1122.077414
  50.361833 1113.641595
  65.484892 1114.640900
  40.675947 1119.846299
  38.238019 1113.759127
  35.079528 1115.720624
  34.333670 1112.789453
  26.408321 1120.393264
  28.042845 1122.823855
  33.480510 1119.579586
  21.065457 1126.358011
  34.949194 1120.488024
  31.976667 1125.180257
  40.643070 1120.983314
  48.271278 1112.996012
  42.939061 1122.586924
  37.804644 1119.442514
  36.364041 1123.253669
  64.870513 1124.337069
  65.633827 1121.296435
  29.870910 1129.266980
  58.165643 1121.579182
  56.989368 1116.986180
  36.730787 1124.145806
  47.765954 1126.864880
  56.479569 1122.055972
  50.408225 1118.805258
  32.132146 1125.486383
  38.069030 1127.202593
  28.448300 1126.362971
  39.862148 1125.479308
  48.844573 1111.001017
  53.057050 1117.826355
  42.030654 1118.067397
  43.950625 1117.721954
  59.601456 1116.045487
  39.761354 1123.303737
  56.293155 1129.453158
  48.291354 1116.242007
  44.906816 1128.151110
  38.479616 1126.260858
  28.534475 1118.854467
  49.204458 1117.722981
  68.158713 1124.307998
  52.339758 1123.558706
  30.126711 1127.249050
  43.707321 1125.389354
  41.696858 1127.346777
  58.358398 1133.844685
  45.539207 1125.571952
  18.328164 1130.748667
  37.024058 1127.252047
  66.242203 1133.080664
  37.395804 1126.942215
  48.746628 1120.250468
  44.647220 1121.496986
  32.392674 1115.548065
  46.098502 1109.786233
  46.738294 1117.689458
  28.668413 1119.898298
  27.922493 1124.132570
  44.590307 1114.289837
  39.341661 1116.577282
  35.947518 1120.425775
  42.888439 1114.420850
  37.300466 1117.304013
  65.203521 1131.814797
  45.686261 1127.789229
  46.422267 1124.443782
  35.855342 1123.487896
  25.264697 1122.707404
  47.239574 1123.558995
  43.901248 1120.615267
  50.924490 1124.049716
  55.720715 1113.359129
  53.186254 1119.289949
  45.522758 1123.810186
  54.202235 1118.758180
  72.117246 1121.669862
  69.702058 1122.403216
  87.568620 1118.674731
  59.877589 1119.537289
  48.002261 1115.737996
  52.883213 1112.537596
  66.655557 1121.734684
  48.412837 1120.302258
  51.132427 1120.689071
  42.966811 1127.315373
  46.205570 1122.920660
  41.127201 1127.925656
  53.452398 1124.680992
  52.809792 1129.668123
  44.256154 1133.308563
  42.121421 1129.445279
  38.558809 1123.352400
  51.645411 1121.332090
  48.705576 1123.343893
  37.265870 1117.480030
  56.342535 1122.590142
  37.130625 1126.292058
  52.064734 1123.672022
  51.025485 1113.232926
  40.420136 1109.554042
  48.546452 1121.562210
  54.958517 1120.740561
  35.395373 1122.132273
  33.539547 1117.392045
  52.843974 1122.963361
  42.633037 1115.880535
  41.552625 1115.075176
  27.270067 1114.031369
  54.295007 1122.385240
  38.215229 1121.270552
  48.617580 1110.746185
  36.514818 1118.296558
  46.416006 1121.036120
  37.179925 1117.665140
  38.093405 1125.174181
  52.026093 1123.677180
  63.051734 1130.395656
  42.664645 1124.392345
  60.424449 1113.634663
  56.193594 1118.094739
  53.981194 1115.579982
  68.298780 1119.296864
  36.102343 1129.534049
  44.572828 1119.237429
  37.954340 1127.044771
  33.892263 1124.588957
  49.785164 1118.535985
  59.662474 1124.692663
  59.748160 1128.344787
  58.345178 1124.638031
  44.042867 1115.325509
  86.653734 1122.630480
  72.809619 1125.026658
  40.163142 1130.606834
  58.866091 1116.042739
  59.717651 1125.795966
  40.746322 1123.320351
  22.357607 1128.761529
  30.928782 1125.980259
  40.420431 1125.113582
  55.824556 1120.954234
  61.809530 1119.999386
  69.586651 1124.616463
  68.477010 1123.955068
  98.088226 1126.412836
  65.108696 1119.960990
  72.199477 1120.803229
  51.860108 1114.758662
  43.493919 1111.928273
  70.867673 1122.384684
  57.881692 1120.127654
  50.639147 1122.735088
  77.594614 1114.444703
  73.465369 1110.573150
  38.284194 1114.985015
  44.816009 1126.200488
  40.205542 1131.450012
  30.640529 1127.318613
  45.123170 1121.319392
  59.416628 1123.031877
  41.676792 1121.234234
  57.851589 1116.838795
  56.832346 1131.711944
  37.435298 1130.147489
  44.764061 1132.562272
  21.464415 1130.751682
  42.288232 1115.017212
  56.167819 1122.691143
  40.115926 1116.865589
  42.536943 1116.401522
  28.164510 1119.359236
  19.723372 1128.627508
  20.269924 1130.282801
  35.730275 1116.343703
  49.736392 1120.016863
  22.972763 1122.616081
  68.392781 1125.267086
  33.107774 1126.262406
  22.465792 1120.841601
  39.992544 1126.219605
  41.146003 1120.293695
  64.870221 1121.033141
  54.339431 1116.809615
  65.932239 1130.371226
  43.545002 1130.341668
  39.115469 1126.682948
  31.166006 1126.371739
  50.319097 1125.880552
  53.053806 1125.871839
  40.780913 1126.282866
  57.594179 1129.250660
  36.033413 1128.339386
  28.150055 1125.219134
  34.928424 1120.902957
  27.504690 1128.054786
  39.708061 1131.138969
  40.135832 1123.670357
  57.802234 1121.249193
  47.471409 1127.691910
  36.517422 1122.761081
  76.591140 1120.502757
  47.559065 1126.528577
  50.536244 1112.647095
  50.452720 1123.981958
  57.069474 1124.925307
  40.683547 1121.305226
  33.265590 1123.655654
  60.334593 1125.217569
  43.603495 1129.468098
  34.821498 1123.981439
  56.655076 1117.127242
  30.790449 1120.839736
  45.758355 1127.590181
  43.782124 1123.030576
  68.497370 1122.111142
  30.430751 1125.194134
  41.865956 1112.101976
  65.188047 1130.267690
  38.392707 1129.118678
  46.459044 1125.219049
  47.558898 1119.351395
  39.502423 1123.715297
  54.107348 1129.785458
  45.242304 1128.096406
  30.782291 1128.566957
  26.851493 1124.906290
  48.006170 1123.513483
  30.338946 1118.038254
  28.718551 1120.774391
  22.567537 1123.567043
  37.975028 1119.861779
  33.048013 1125.141232
  21.122286 1127.033448
  44.913773 1118.490093
  69.768353 1123.793873
  66.241789 1128.177113
  45.392071 1117.549431
  54.586363 1117.677194
  62.443875 1119.519231
  42.641927 1126.211917
  50.318391 1122.552337
  38.884305 1120.566279
  44.851328 1117.256986
  29.075856 1121.231497
  42.408901 1120.095913
  40.048697 1122.202351
  58.204993 1117.492851
  56.823828 1114.077565
  40.347804 1120.214469
  39.263582 1121.036067
  40.318991 1118.046126
  32.507381 1126.076080
  40.615017 1127.051449
  45.660526 1124.307667
  26.262835 1117.083097
  69.630252 1112.267962
  30.007572 1122.307333
  41.886291 1122.401154
  40.251641 1123.508478
  44.929853 1118.922919
  43.136858 1116.292106
  47.931127 1123.241371
  42.262888 1123.795717
  37.750993 1118.872851
  65.822648 1124.974365
  51.441714 1122.353991
  49.608725 1117.830651
  74.417116 1115.350256
  46.544875 1120.040364
  45.620902 1115.387202
  53.405831 1115.586525
  28.843922 1122.249990
  41.535798 1122.215008
  66.513518 1115.601023
  62.749192 1123.942248
  58.854999 1124.398443
  70.260290 1123.564902
  34.869924 1115.362849
  65.408215 1113.504951
  66.492341 1114.917622
  61.050760 1120.308261
  83.902486 1126.763762
  31.802428 1122.838854
  47.563821 1124.320236
  43.395182 1125.025756
  41.657273 1127.625707
  51.014433 1122.925731
  59.298120 1118.537196
  71.167509 1123.226571
  80.691883 1125.369305
  40.516318 1128.463509
  41.489362 1129.921665
  53.639331 1122.383286
  61.739616 1121.517583
  52.669225 1124.299845
  55.648980 1134.862761
  39.776288 1138.654185
  46.418901 1136.445382
  29.641400 1130.828724
  24.639987 1130.420531
  22.151734 1132.567687
  34.530789 1131.696693
  41.777766 1133.798836
  67.223506 1128.214642
  74.476287 1129.441672
  60.285520 1130.914412
  41.474779 1133.037432
  26.638835 1128.098333
  17.351407 1131.189523
  51.636124 1126.098871
  74.179748 1135.009818
  59.335558 1135.127402
  41.035397 1132.492203
  45.275858 1134.287234
  36.714878 1125.605649
  37.059713 1127.700909
  25.105121 1129.851396
  32.811989 1127.944514
  56.946500 1131.788478
  53.826256 1133.605457
  41.332395 1130.920914
  53.786852 1128.676545
  56.330828 1134.139500
  54.487110 1132.073982
  51.060153 1124.855748
  48.366300 1132.195414
  60.637968 1133.064569
  48.070701 1126.057579
  45.934354 1131.311520
  39.089152 1132.111362
  38.063916 1136.399951
  25.303092 1131.952092
  35.828192 1127.213835
  62.664352 1124.048370
  44.087376 1124.578516
  38.375565 1127.010808
  68.441424 1131.007278
  24.226410 1127.732193
  26.376646 1126.371343
  47.703691 1125.085229
  24.642292 1125.736018
  27.552334 1124.316567
  34.782476 1127.416509
  29.376589 1124.347410
  38.047576 1124.429095
  43.285158 1128.883207
  43.453521 1124.569463
  30.607304 1130.500470
  31.442743 1126.663953
  31.751339 1122.527523
  37.748645 1128.899635
  62.228131 1119.108881
  37.542782 1121.661140
  27.133451 1128.474296
  37.274510 1130.193754
  50.931043 1126.655844
  32.635394 1130.256741
  37.738910 1134.369981
  56.799511 1124.818308
  61.938718 1118.029216
  31.144008 1117.407848
  25.213027 1120.090702
  37.685922 1132.137169
  36.435355 1117.918218
  46.552779 1127.501783
  38.495707 1128.823335
  53.337555 1127.976701
  53.651399 1117.037256
  54.114195 1126.373358
  58.159904 1122.884120
  34.034690 1128.645403
  45.287006 1124.839447
  46.109462 1130.014504
  37.253915 1119.915477
  39.037752 1117.561595
  35.625011 1117.229175
  22.976441 1120.122194
  32.481849 1119.483744
  32.576498 1114.135021
  56.409112 1113.800793
  48.352378 1116.327637
  51.246045 1118.599201
  72.657997 1112.297853
  61.221972 1117.746534
  45.071977 1119.843245
  38.063835 1111.501241
  50.823885 1113.920684
  59.512849 1114.726591
  26.606601 1114.907942
  40.786121 1125.198409
  50.973635 1127.677938
  58.637014 1124.625355
  50.829199 1128.023949
  44.340863 1116.656585
  38.754654 1117.410479
  45.175144 1120.256593
  53.494617 1126.917433
  55.942830 1122.327435
  60.215491 1118.250849
  65.409596 1122.260776
  98.925441 1123.470078
  78.359401 1118.270347
  57.702173 1122.160137
  37.983700 1122.749053
  41.611859 1111.159666
  20.660889 1129.443605
  28.547016 1133.535056
  79.602863 1118.339292
  47.098398 1121.164611
  58.320151 1120.173906
  67.686002 1127.381226
  67.121519 1121.209579
  90.844510 1122.311157
  51.874351 1124.999755
  61.201977 1120.808175
  45.418519 1127.421701
  62.651675 1119.419948
  43.556393 1113.102738
  45.017778 1122.835047
  60.595042 1116.583566
  48.047729 1114.473867
  47.305541 1106.884519
  41.925593 1122.621682
  57.123136 1119.948788
  21.011201 1123.290233
  48.594585 1121.735090
  54.882603 1124.254111
  59.044631 1106.674370
  38.136271 1125.397898
  43.977975 1117.051092
  24.793644 1127.113895
  45.949707 1122.891423
  42.533793 1115.863014
  46.123262 1111.930387
  38.016355 1117.442179
  63.461282 1120.359462
  47.354532 1120.779903
  52.384763 1122.058680
  47.232066 1120.927425
  62.961943 1125.465996
  59.630074 1115.030879
  35.678143 1117.135703
  55.632161 1121.902815
  43.780723 1119.763629
  44.482078 1124.278057
  46.374158 1123.818759
  29.299738 1113.892663
  57.012992 1119.848779
  41.636559 1119.051532
  45.281584 1129.419833
  48.591825 1126.590052
  51.635687 1127.350041
  49.659399 1120.977047
  60.922080 1123.309962
  27.382617 1124.737280
  45.455143 1125.672712
  49.239125 1129.125618
  54.097803 1116.678880
  37.797773 1125.381417
  67.916478 1111.347265
  45.597264 1113.918086
  51.400501 1122.328038
  56.297246 1125.190450
  46.456842 1125.381428
  31.220120 1130.409144
  38.944564 1129.612769
  61.578346 1114.066975
  82.518935 1128.267915
  46.526711 1119.820082
  47.656144 1125.216331
  48.784555 1111.174405
  32.770349 1123.462546
  72.104247 1113.790787
  85.999066 1119.931415
  54.908634 1116.581472
  43.977897 1120.742102
  42.933300 1124.193261
  48.800911 1130.350413
  45.853769 1127.233245
  58.809354 1120.473211
  47.044692 1129.775089
  30.923757 1124.817871
  33.757912 1124.814455
  42.901099 1114.311642
  33.496817 1125.872946
  58.362589 1126.393706
  62.606392 1119.317719
  47.775931 1116.981524
  38.838930 1126.685424
  37.708418 1121.369692
  41.010861 1121.100822
  35.490072 1119.179580
  51.041936 1122.143599
  40.664484 1116.799321
  32.975588 1111.263230
  61.437478 1108.206219
  60.247577 1116.245218
  75.620229 1122.526427
  31.533020 1121.403144
  66.338600 1119.969229
  70.808491 1117.467328
  63.545841 1121.708296
  52.231058 1118.527338
  61.550891 1125.019563
  76.334995 1125.672967
  42.273350 1120.494337
  64.094452 1125.496606
  41.204564 1130.788918
  34.220372 1117.600620
  29.846433 1126.906359
  42.297935 1127.625302
  51.504793 1127.063046
  45.908794 1123.110607
  47.112257 1117.051284
  34.810438 1133.126159
  18.732967 1122.958345
  52.659466 1128.381949
  53.765040 1127.523998
  58.968237 1117.180212
  51.976876 1110.257428
  26.085833 1113.710006
  51.105540 1111.728846
  44.234963 1114.387742
  63.291832 1117.829839
  78.366987 1115.852728
  58.349048 1114.549932
  72.896844 1114.838684
  92.144897 1116.904727
  82.644732 1115.084189
  61.051623 1118.501992
  47.861794 1117.962488
  60.153998 1111.242193
  50.706481 1111.891450
  37.751859 1114.831484
  47.914474 1108.144131
  48.116390 1117.611969
  43.519749 1119.683342
  53.430321 1116.500219
  38.105634 1117.170859
  56.423431 1123.207831
  47.042348 1114.774177
  50.635357 1117.412264
  49.594534 1119.145368
  40.846706 1121.591103
  37.238838 1121.522175
  56.319422 1126.090006
  45.086404 1124.440229
  39.607825 1125.768491
  59.125246 1119.069921
  56.972251 1122.027711
  93.964533 1118.141262
  71.280721 1125.976908
  65.752149 1124.573811
  39.198924 1125.672785
  45.768994 1118.410173
  50.181388 1123.036551
  72.738077 1126.656036
  47.566384 1125.309977
  77.044683 1119.720264
  54.034867 1118.145107
  36.267571 1116.935432
  42.135034 1133.510914
  24.039622 1125.181092
  47.004912 1121.681084
  51.692527 1113.315842
  46.120095 1112.877475
  53.906010 1120.599384
  70.669535 1116.937800
  50.498945 1119.118859
  39.615753 1121.292219
  40.328253 1122.771325
  60.550787 1121.800721
  75.857836 1119.834371
  71.559406 1114.805108
  38.620335 1122.164354
  52.235032 1128.261427
  36.883411 1121.715757
  38.220243 1123.377024
  59.633348 1116.698981
  53.198201 1120.718442
  31.718915 1120.420311
  60.738152 1124.009765
  60.434987 1112.963620
  75.841381 1108.596650
  50.781750 1117.725057
  46.513418 1115.921708
  58.012263 1120.285535
  31.165886 1120.548256
  22.474467 1126.206918
  19.023668 1116.989104
  27.656936 1112.943268
  33.205289 1122.514309
  45.340488 1120.350965
  47.469608 1126.004675
  45.111145 1129.851840
  29.717982 1123.217399
  57.853034 1128.850456
  90.232631 1119.527778
  63.049463 1109.763385
  46.873322 1116.551025
  51.807854 1129.914496
  46.591823 1129.417376
  52.755077 1128.125785
  54.032017 1121.766257
  49.376421 1127.667338
  24.278827 1122.702527
  63.619754 1125.254456
  74.916769 1122.328100
  56.678217 1121.742564
  72.708105 1119.690532
  99.786406 1127.759399
  69.697842 1120.863594
  16.924539 1115.808928
  53.176507 1119.553038
  26.152955 1117.116829
  44.446523 1119.750978
  44.114779 1121.962182
  44.388927 1114.640807
  50.181732 1133.271743
  46.451922 1123.558759
  50.148583 1125.438061
  38.737303 1130.689444
  54.878174 1128.378899
  59.558317 1118.491781
  71.906697 1124.657634
  46.467781 1121.847216
  56.679107 1119.838653
  70.192272 1120.772202
  48.520709 1126.300978
  64.975501 1116.011901
  65.622919 1125.658144
  70.163106 1128.391600
  44.641260 1124.311259
  53.174118 1122.627323
  66.948803 1116.775336
  33.714158 1119.117900
  28.956270 1119.989206
  29.182248 1128.549425
  26.076889 1123.391023
  45.227571 1117.673929
  60.237627 1119.835164
  59.948425 1118.358734
  48.958943 1119.506886
  45.095511 1121.319009
  73.596812 1122.847106
  57.875526 1117.049292
  60.457647 1119.932797
  64.420596 1115.064238
  49.511436 1122.084506
  45.163915 1117.955151
  64.161582 1114.097849
  63.048397 1115.060201
  90.731759 1117.790424
  87.446005 1107.499589
  61.111880 1115.790725
  51.362268 1123.274901
  73.565716 1119.207540
  59.057419 1118.884021
  72.472364 1121.213853
  52.576471 1111.016940
  64.267017 1113.722281
  63.485276 1127.326098
  44.139337 1119.814053
  43.319719 1120.113458
  39.978001 1130.304781
  45.037503 1116.270617
  30.721632 1125.718759
  45.700745 1118.419894
  39.498054 1119.786467
  38.781632 1121.745725
  55.040247 1122.655408
   5.918036 1128.678344
  38.409128 1123.270219
  43.788663 1122.813908
  36.183960 1125.641150
  44.888771 1133.055180
  39.939035 1125.543655
  45.728820 1125.099012
  42.428420 1123.199653
  42.860974 1121.512160
  70.545010 1120.826592
  44.402483 1121.286098
  50.937357 1123.407574
  47.356068 1118.631541
  43.627789 1123.474818
  58.275322 1123.545160
  66.305176 1113.094495
  54.936485 1115.907971
  53.360219 1114.674337
  56.819683 1112.093389
  48.128902 1121.441973
  46.943614 1118.825694
  47.699303 1113.093628
  49.782933 1115.282457
  57.250818 1109.123195
  33.286007 1112.535556
  47.755756 1112.173727
  42.659394 1114.497718
  36.236892 1118.412112
  35.104625 1121.489008
  44.456093 1122.861044
  32.253490 1114.010637
  57.489067 1110.069118
  30.637654 1113.191574
  26.670066 1122.240282
  25.497800 1118.256347
  47.004498 1111.408368
  33.086329 1120.536932
  46.904227 1119.549221
  52.659527 1114.817814
  48.810443 1116.014091
  42.610490 1125.015544
  24.435971 1116.602081
  49.241901 1119.077041
  66.181816 1126.296802
  49.765330 1123.333458
  27.969655 1122.508238
  50.627277 1116.290017
  54.375120 1113.874159
  76.539314 1119.922546
  68.506050 1116.554593
  43.418545 1120.963840
  47.706277 1115.885540
  55.061536 1124.464305
  34.886845 1121.101152
  52.026070 1118.356093
  56.835205 1125.556511
  42.698030 1121.795882
  38.739064 1116.314626
  56.231877 1122.779772
  62.290345 1119.741520
  60.552449 1099.975282
  81.422031 1119.153499
  56.166480 1125.161104
  60.177737 1117.403935
  65.277690 1122.105028
  46.386675 1121.739530
  40.709669 1108.176899
  49.044339 1116.761856
  39.438485 1113.576950
  54.634389 1112.804371
  63.300495 1120.800573
  46.959237 1110.710833
  55.534850 1114.149077
  62.753880 1121.539448
  44.978481 1122.129796
  40.340929 1123.003160
  22.899056 1128.562072
  36.969442 1127.508325
  45.618370 1128.030191
  75.177482 1115.712719
  65.186571 1117.994183
  39.431668 1127.736747
  68.913403 1116.557435
  57.886902 1123.909212
  25.876035 1116.349338
  58.157376 1115.825807
  65.036217 1111.549684
  61.898028 1126.032160
  37.183298 1127.091403
  40.853023 1130.962220
  25.426756 1130.774129
  79.037302 1122.885129
  61.403512 1121.470799
  49.019123 1127.052358
  57.034536 1127.974435
  42.534087 1122.829242
  51.923503 1116.560987
  58.746204 1115.004972
  30.523045 1116.361428
  13.064701 1131.401964
  35.725435 1131.647768
  36.175301 1130.255993
  59.664926 1125.486354
  48.977339 1135.019346
  46.800031 1123.974073
  52.656179 1129.432252
  46.926154 1130.899283
  42.889039 1129.991055
  52.710220 1131.189836
  26.963881 1125.287781
  58.205844 1125.264797
  52.518285 1133.926605
  49.860331 1119.583597
  64.528919 1119.345910
  39.993597 1130.571303
  63.805490 1132.525941
  65.401454 1134.470110
  43.764147 1130.841196
  48.938606 1127.024510
  56.920967 1125.154127
  43.188212 1132.616544
  35.877900 1124.322586
  24.386660 1123.786074
  44.588828 1122.975252
  27.484223 1130.076995
  47.568712 1123.403386
  42.109540 1128.403545
  30.644660 1129.654159
  36.526450 1108.695764
  32.202524 1116.324853
  34.114403 1126.922854
  49.615848 1120.855903
  48.159839 1122.617113
  48.735691 1121.166222
  61.275372 1116.564212
  74.383486 1129.291276
  35.718210 1123.719639
  48.768791 1117.461246
  61.501249 1119.558949
  61.066980 1117.780739
  41.888445 1121.777415
  76.124989 1112.582010
  83.422112 1117.296808
  35.724335 1115.983718
  39.342351 1114.156782
  42.718451 1119.402937
  45.275819 1115.528871
  51.230293 1115.766209
  17.310573 1124.079947
  37.572407 1130.290553
  38.161507 1129.489638
  63.087054 1113.048115
 102.525680 1119.575050
  49.413024 1123.629254
  70.278261 1120.660919
  64.550906 1121.675104
  77.547630 1114.155358
  51.677972 1114.178810
  47.776919 1115.622176
  34.439610 1131.152545
  34.029783 1128.647023
  54.157692 1121.424530
  31.414420 1125.110057
  41.995253 1124.046646
  50.392157 1120.926644
  42.745886 1126.735065
  38.401142 1118.369240
  50.018143 1114.670866
  47.537605 1122.964021
  40.610007 1122.881003
  46.561602 1119.015178
  36.692556 1123.345338
  53.198975 1117.079940
  26.417832 1119.008720
  25.310991 1110.398705
  23.059501 1119.590359
  49.895062 1116.436469
  40.087859 1111.285461
  65.365068 1111.870755
  68.940871 1119.927154
  42.198568 1120.151628
  28.073909 1127.941379
  50.044804 1116.842780
  37.910672 1125.228161
  55.256612 1130.893293
  45.693993 1112.716900
  32.214525 1118.838751
  35.416173 1117.728409
  35.787529 1115.570501
  49.904246 1115.969686
  42.048653 1113.436787
  48.915220 1112.984631
  52.191082 1124.409407
  68.513048 1117.162070
  39.328533 1126.556226
  44.981788 1127.936890
  34.394480 1119.586934
  18.914740 1120.132666
  42.354184 1119.882207
  49.646028 1123.389008
  43.932452 1125.532654
  50.368902 1135.241142
  58.310127 1128.129937
  38.438337 1135.960324
  51.524533 1129.978433
  48.704145 1129.358995
  37.997446 1127.741251
  34.510722 1131.215370
  63.048177 1126.588269
  71.224838 1118.893968
  63.423078 1115.369328
 103.639758 1121.080062
 124.248333 1118.575074
  96.641152 1119.138672
  56.102680 1116.671599
  64.746216 1131.574362
  60.022147 1122.446285
  36.039558 1118.241562
  52.009266 1122.404034
  36.680509 1128.102826
  71.298107 1122.654736
  71.012547 1113.960431
  77.484517 1121.989159
  51.644288 1124.386702
  33.220845 1119.684631
  38.980243 1118.020342
  34.584308 1119.123351
  29.452273 1107.712911
  23.032104 1122.650296
  60.775152 1115.497736
  38.188699 1121.304444
  46.201294 1111.876716
  47.260273 1133.637953
  45.518143 1121.540318
  23.597818 1132.048333
  31.601870 1124.443981
  39.983859 1126.431368
  29.981439 1118.972606
  27.539838 1128.576675
  55.314458 1124.655061
  55.882830 1130.224903
  34.514149 1132.080038
  55.855267 1127.152875
  38.267110 1124.518296
  46.998677 1124.738682
  49.740862 1130.696657
  47.365825 1136.039058
  69.985649 1128.883347
  48.261033 1135.314376
  34.348065 1131.860714
  38.578542 1134.190002
  52.468410 1130.800828
  39.241554 1127.365085
  18.681041 1126.426090
  36.158067 1117.847534
  47.091659 1119.039599
  40.475800 1117.918394
  41.959703 1115.020274
  59.998877 1116.505875
  49.836657 1116.034668
  49.819162 1118.140874
  49.947072 1116.984269
  56.146946 1115.535785
  46.048663 1118.946123
  42.747783 1114.922552
  38.986962 1122.615504
  41.332109 1119.836475
  55.014365 1116.385759
  48.931468 1106.264669
  46.126142 1119.191623
  29.258292 1122.000857
  22.629002 1114.984046
  56.640460 1113.478296
  67.054910 1115.804302
  58.308522 1115.468663
  59.053827 1110.430439
  60.966638 1119.080997
  38.303158 1120.542415
  50.828979 1127.413135
  54.313858 1120.160907
  53.760780 1123.144164
  73.399755 1117.689882
  38.069526 1114.759245
  64.358497 1120.583295
  34.037220 1127.354414
  62.590633 1132.588844
  43.423624 1124.176045
  40.615440 1124.816299
  43.954092 1125.226739
  32.295493 1124.515520
  33.512130 1112.452284
  69.713582 1111.623259
  37.177322 1124.047620
  44.776787 1123.618214
  40.963123 1125.422695
  38.598562 1126.263736
  39.984920 1126.598341
  30.929633 1130.179685
  73.482237 1131.461535
  65.373596 1120.906874
  48.029148 1115.201488
  32.776890 1118.946414
  49.686239 1130.076974
  50.358977 1132.594944
  35.860833 1123.031376
  41.839241 1123.663379
  36.402881 1131.037171
  33.863533 1122.707491
  39.414456 1127.254041
  56.384372 1121.020720
  82.706530 1128.757710
 100.776355 1123.128488
  67.707106 1120.780723
  49.598951 1123.937324
  34.101044 1122.008487
  65.953948 1119.128261
  64.495573 1125.278374
  73.703261 1129.780579
  61.860717 1123.646753
  53.868516 1124.786427
  78.699045 1117.532573
  75.665106 1128.225655
  44.961615 1127.000792
  46.415040 1119.094265
  47.544660 1120.729447
  37.847476 1118.963748
  25.350869 1122.608552
  44.187747 1110.076156
  25.667596 1118.524941
  40.722422 1115.796155
  29.405224 1121.921773
  38.901906 1127.057164
  32.027296 1122.395215
  28.473505 1119.877694
  44.700416 1118.321497
  49.690882 1129.294087
  48.489958 1129.983391
  65.080109 1115.563612
  40.392728 1128.041197
  32.722171 1121.080940
  18.730670 1123.977010
  21.538964 1127.324714
  45.532751 1123.547717
  41.217960 1122.290279
  28.755448 1125.375893
  30.976188 1133.213454
  59.592051 1128.334830
  37.219606 1122.934387
  35.717475 1122.295789
  38.519127 1128.637925
  41.268059 1126.412332
  50.362157 1132.056463
  58.835065 1127.729563
  57.594364 1122.414601
  43.866904 1125.030235
  45.808051 1123.946244
  41.097554 1118.126482
  50.873809 1115.600302
  58.180479 1123.142604
  24.964436 1123.286314
  49.430731 1119.976674
  55.952186 1115.561833
  31.176499 1115.470402
  37.057071 1126.416667
  50.175091 1124.793056
  71.382668 1132.205892
  66.684339 1138.289091
  81.989975 1130.830258
  56.325094 1137.216215
  53.368711 1131.008859
  50.271183 1134.368818
  63.412511 1133.125948
  55.798885 1121.602928
  60.809183 1124.583508
  49.045409 1132.685900
  62.212437 1126.321908
  55.234955 1130.996636
  86.839298 1119.546106
  54.024385 1124.298587
  50.054090 1119.776143
  45.685134 1116.189194
  55.346734 1124.977100
  36.907561 1126.156527
  55.036951 1119.775636
  69.481540 1118.992754
  61.375134 1119.851532
  40.691210 1127.070410
  43.108675 1131.811909
  40.587914 1130.999945
  66.031509 1129.535507
  31.494115 1127.517117
  26.212714 1129.020871
  20.572382 1114.174608
  36.619591 1121.187837
  42.693217 1126.669861
  23.751153 1122.242896
  35.145396 1129.620279
  59.863022 1126.496885
  59.411508 1124.386021
  44.937965 1123.187840
  24.823530 1118.349354
  29.735594 1117.006475
  48.681939 1124.604536
  47.775018 1118.245348
  34.884441 1123.248288
  38.392164 1121.408146
  63.161166 1127.265139
  49.402256 1125.707556
  47.803848 1127.751034
  22.854910 1128.479488
  30.859713 1134.171484
  31.487283 1125.722507
  43.312879 1126.058284
  83.196880 1129.503825
  64.724742 1125.911113
  35.188499 1121.529132
  47.816106 1125.424069
  75.557388 1117.203957
  49.375179 1131.199454
  71.161069 1131.634499
  53.128499 1126.265674
  33.376209 1127.916144
  47.459611 1126.808618
  58.339959 1123.165110
  36.059140 1126.928120
  28.435151 1127.667872
  39.609215 1127.617543
  31.157763 1104.463654
  53.707001 1119.286710
  38.444447 1118.525073
  42.640418 1126.772152
  29.453623 1120.330090
  70.681852 1117.252525
  47.452057 1125.413252
  55.936110 1126.158113
  49.152556 1126.388405
  37.301798 1130.140714
  65.704574 1115.217306
  49.023385 1123.712044
  55.721461 1123.166533
  39.488676 1127.256005
  34.572694 1121.101031
  55.995293 1121.261104
  61.732408 1120.810717
  37.979008 1114.490062
  54.841070 1126.787067
  44.862001 1119.520832
  43.928591 1115.288667
  37.174520 1118.452347
  49.814786 1125.765814
  43.036728 1125.632048
  45.866177 1116.688174
  52.312489 1128.264733
  41.695712 1128.380265
  59.234612 1128.138435
  57.275416 1120.840277
  65.924278 1118.970532
  51.300577 1121.409330
  25.099188 1118.376820
  41.264838 1123.492139
  60.217090 1121.831622
  60.230750 1119.653347
  36.268220 1124.363479
  25.148025 1113.978449
  43.342186 1125.573190
  27.214354 1123.452230
  64.528104 1123.523976
  48.099223 1123.105540
  47.401970 1126.213808
  51.402227 1129.260412
  85.300057 1126.641945
  32.817902 1125.835538
  68.866287 1127.231805
  44.412006 1127.245292
  57.202472 1122.977994
  62.042596 1116.109721
  38.169984 1134.755594
  70.739073 1119.266753
  55.296142 1120.188107
  39.879179 1127.892071
  41.974206 1119.053887
  45.623183 1115.931278
  52.489166 1107.781879
  53.816715 1116.928135
  44.219266 1120.121536
  33.410284 1119.832786
  34.399792 1126.301238
  33.352643 1123.918679
  35.049420 1121.010114
  63.748760 1124.195719
  56.235108 1122.268106
  65.998814 1127.024094
  66.151878 1119.642827
  68.917182 1118.032598
  84.580008 1126.522400
  75.857514 1126.282791
  73.391967 1126.010340
  49.539038 1121.364486
  39.731722 1122.506373
  53.530913 1121.709699
  51.047658 1120.460552
  43.072177 1112.769536
  69.791443 1117.156593
  55.335712 1117.990601
  82.532160 1117.687132
  52.276881 1118.965861
  45.432298 1123.589092
  36.381409 1133.643710
  53.739563 1122.488879
  32.886838 1124.497050
  48.644693 1124.552620
  60.670090 1127.341844
  42.032466 1119.068147
  40.174584 1118.551663
  49.741974 1124.542836
  39.457009 1116.212834
  48.140293 1124.999674
  64.094132 1120.419200
  65.718566 1120.666230
  51.544544 1126.700094
  62.379993 1124.852022
  39.660321 1118.413616
  47.160461 1125.619394
  55.702781 1118.653472
  73.182194 1118.539895
  33.191665 1126.349119
  59.509152 1116.249449
  93.876407 1116.731719
  73.980604 1125.244090
  69.220486 1121.162398
  46.138341 1115.189274
  52.985287 1113.846299
  53.958820 1120.708319
  53.541414 1122.981882
  38.171380 1121.717206
  46.764510 1119.979000
  59.109014 1119.625476
  38.801532 1115.269795
  29.068417 1126.623236
  32.107223 1127.133393
  44.748881 1125.837388
  39.916963 1129.107202
  37.893548 1132.870578
  47.743635 1129.036338
  62.774758 1129.319400
  41.549818 1126.435855
  58.126832 1129.418755
  38.488905 1130.214991
  34.624944 1121.633383
  41.495397 1126.864509
  40.368215 1124.460901
  47.992191 1121.577583
  74.868593 1127.423130
  91.501933 1120.945688
  58.415115 1110.326266
  97.337418 1125.477888
  61.550360 1120.570623
  41.348642 1123.899922
  48.758988 1119.193474
  80.305311 1126.074442
  97.472095 1116.455678
  89.127248 1119.431643
  59.370258 1121.281572
  30.619537 1120.904741
  44.566556 1125.520542
 109.188288 1122.605175
  60.979756 1121.785368
  43.865421 1125.426789
  43.373724 1126.284045
  51.610325 1124.829729
  37.732254 1127.164990
  66.575712 1127.982409
  50.425435 1132.304653
  71.207097 1135.407278
  65.490863 1132.898858
  55.740518 1128.508658
  51.765059 1130.457630
  24.718064 1133.200009
  26.652151 1130.126064
  64.685562 1134.002036
  56.309136 1130.219908
  43.802377 1134.950309
  70.777221 1134.664699
  49.824677 1134.335722
  69.440135 1127.718973
  63.597088 1132.681149
  84.753224 1121.271339
  46.990646 1136.125480
  51.013381 1136.524103
  53.271499 1129.347460
  37.712300 1128.859921
  77.791814 1116.215871
  68.709038 1124.133506
  53.539527 1131.726163
  47.650065 1127.940314
  35.350922 1124.530563
  36.711662 1132.502615
  65.633133 1122.825178
  50.063932 1123.442939
  34.235427 1131.406069
  56.107935 1125.330302
  48.933685 1109.902369
  32.617270 1116.353707
  34.653537 1117.828559
  41.571324 1114.550511
  36.755931 1126.516961
  57.795312 1127.778456
  50.317251 1120.714577
  67.590990 1113.841678
  68.198513 1117.891316
  52.517377 1117.415863
  52.136901 1117.358594
  42.232655 1115.545044
  28.985477 1116.046001
  23.331849 1126.231785
  40.933439 1121.912260
  37.992998 1117.420921
  45.046695 1121.950008
  66.810941 1123.629434
  54.826153 1121.895550
  60.807536 1115.684542
  73.170503 1120.834774
  54.664482 1115.608217
  66.313772 1120.128361
  66.422852 1119.942800
  54.215672 1111.154582
  48.622562 1119.783857
  43.880318 1116.150038
  62.267603 1118.645726
  37.522989 1120.566941
  23.100058 1131.149026
  31.569684 1121.906748
  45.775316 1124.939400
  44.080874 1127.132056
  67.306964 1113.757969
  62.591388 1118.749619
  87.607093 1121.004746
  75.355785 1126.311468
  53.548922 1120.044862
  26.389443 1120.801457
  41.966172 1124.051662
  38.904454 1122.625575
  37.530254 1112.600553
  37.530170 1121.514347
  76.513656 1120.998813
  58.134035 1115.875071
  74.638823 1111.081344
  61.374086 1127.164763
  61.064384 1112.067226
  59.512402 1118.743607
  49.500604 1124.620280
  54.638946 1124.865829
  61.976650 1117.317843
  99.420793 1120.511342
  99.475213 1122.520258
  79.656427 1123.796449
  48.779612 1128.889787
  61.750965 1123.786128
  52.242342 1116.650976
  40.515717 1115.061005
  41.386451 1115.883884
  38.593061 1118.798130
  33.730013 1117.750313
  25.242034 1117.921331
  39.532878 1118.650898
  54.444651 1114.150652
  50.303581 1117.217728
  58.673578 1115.870912
  20.047991 1112.377160
  42.119855 1118.305222
  38.644028 1114.002333
  24.449396 1119.280652
  28.031488 1119.294974
  36.221229 1125.973293
  35.107738 1125.253557
  35.145123 1130.607220
  46.331280 1122.705962
  29.168024 1126.677855
  40.560937 1117.332620
  48.979776 1113.657337
  45.619390 1120.390479
  40.477866 1114.568643
  49.888389 1116.390029
  56.027918 1125.107175
  49.066650 1124.579952
  55.481004 1122.043910
  82.028660 1130.160380
  60.290134 1122.064246
  47.557373 1119.116864
  65.208863 1126.177868
  77.750017 1118.570000
  64.581372 1118.339635
  46.775767 1125.034842
  38.214393 1129.607645
  48.498961 1128.701783
  70.481661 1119.746327
  54.077224 1128.102782
  46.628630 1118.462467
  36.023484 1121.796148
  31.663459 1121.275453
  44.143474 1112.329697
  44.476610 1119.629932
  60.031067 1119.134854
  53.879082 1120.961442
  31.299090 1124.414112
  72.119737 1116.099780
  36.921375 1118.664239
  56.185493 1115.650417
  42.340810 1124.518718
  58.741915 1117.306264
  57.358954 1118.043234
  54.823070 1125.163108
  30.373378 1121.688120
  42.884470 1121.273022
  45.577882 1112.368400
  52.985555 1115.027231
