0.733068,0.732923,0.74938,0.739712,0.740894,0.733559,0.753765,0.731169,0.75355,0.738618,0.738151,0.731592,0.754723,0.741432,0.744103,0.73974,0.723455,0.724736,0.739206,0.728527	0.734882,0.734742,0.751747,0.746778,0.7441,0.738576,0.751054,0.741278,0.764255,0.745159,0.739662,0.738179,0.755444,0.740424,0.748885,0.741812,0.725797,0.732236,0.743311,0.73318	-0.00393297,-0.00394174,-0.00542104,-0.0157869,-0.00714559,-0.0109507,0.00624798,-0.0220732,-0.0252439,-0.0145477,-0.00332861,-0.0143221,-0.001676,0.00223507,-0.0108006,-0.00459101,-0.00492987,-0.0159811,-0.00910971,-0.00998972
0.156175,0.146028,0.113396,0.123197,0.13908,0.115611,0.136018,0.139151,0.129597,0.153081,0.134779,0.137315,0.148003,0.139065,0.143432,0.128215,0.127237,0.121693,0.15334,0.157161	-0.0111115,-0.0110311,-0.0462853,-0.0604144,-0.0164976,-0.0739889,-0.0199429,-0.0248999,-0.0272489,-0.0143983,-0.0413901,-0.0192831,0.00127583,-0.0265401,-0.00427471,-0.0271444,-0.0223265,-0.0350039,0.00209591,0.00992956	0.166996,0.156806,0.158848,0.182255,0.155221,0.187992,0.155539,0.163484,0.156294,0.167111,0.175192,0.156185,0.146754,0.164996,0.147616,0.154821,0.14914,0.156032,0.151293,0.147461
-0.109839,-0.100412,-0.0875108,-0.0959497,-0.107144,-0.0794506,-0.0948427,-0.0862572,-0.0798377,-0.0921996,-0.0867366,-0.0906514,-0.0845669,-0.0933929,-0.0949812,-0.0890921,-0.0797021,-0.0832554,-0.0872418,-0.0850957	-0.347224,-0.376602,-0.404997,-0.438824,-0.38806,-0.455732,-0.41028,-0.39227,-0.439635,-0.424096,-0.430134,-0.419327,-0.420939,-0.422524,-0.414362,-0.415249,-0.406106,-0.454151,-0.437109,-0.437646	0.246798,0.287045,0.329152,0.357945,0.293102,0.390418,0.328208,0.316729,0.372885,0.345402,0.356705,0.341663,0.348789,0.342652,0.332465,0.338687,0.337322,0.385471,0.363738,0.366188
0.00147106,-0.00232257,-0.0189958,-0.0414655,-0.0182539,-0.070713,-0.0185289,-0.0286033,-0.0547728,-0.0199125,-0.0272489,-0.0143234,-0.0112222,-0.0156903,-0.0153172,-0.0330661,-0.0105308,-0.0393688,-0.0253378,-0.0190783	0.153951,0.146474,0.141401,0.128129,0.15175,0.106611,0.139254,0.139597,0.119987,0.153134,0.138082,0.143679,0.151144,0.1512,0.152676,0.141325,0.146317,0.140013,0.143499,0.153292	-0.152514,-0.148746,-0.159967,-0.168698,-0.169535,-0.175997,-0.157376,-0.167531,-0.173619,-0.172521,-0.164711,-0.157678,-0.162092,-0.166495,-0.167602,-0.17358,-0.156606,-0.178398,-0.168225,-0.171868
-0.147703,-0.151853,-0.122949,-0.116515,-0.1393,-0.108036,-0.143113,-0.120671,-0.126528,-0.13728,-0.127423,-0.148293,-0.119126,-0.136467,-0.133379,-0.14606,-0.12459,-0.12573,-0.130654,-0.128463	-0.236764,-0.271485,-0.307158,-0.336026,-0.280121,-0.378915,-0.32354,-0.293309,-0.361744,-0.327304,-0.340711,-0.33009,-0.317391,-0.33017,-0.305434,-0.330795,-0.308007,-0.368578,-0.339361,-0.340108	0.0922877,0.124775,0.191438,0.228455,0.146538,0.28244,0.189187,0.178973,0.246498,0.198963,0.222968,0.191154,0.206055,0.202843,0.179362,0.194114,0.190736,0.254649,0.218391,0.221315
0.0101557,0.0179742,-0.00789686,-0.0115231,0.00294305,-0.0395174,-0.00747886,-0.019376,-0.0556757,-0.00946181,-0.0124614,-0.00597309,0.00756051,0.00175932,0.00625153,-0.0196331,-0.00226706,-0.0252069,-0.0176036,-0.0149546	0.183736,0.181568,0.172317,0.168292,0.194816,0.149584,0.174842,0.16744,0.13911,0.179337,0.171848,0.174984,0.190196,0.185447,0.189987,0.165527,0.175008,0.169813,0.16165,0.17279	-0.173905,-0.16413,-0.179969,-0.179467,-0.191983,-0.18799,-0.182082,-0.186212,-0.193289,-0.188479,-0.183916,-0.180768,-0.182898,-0.183748,-0.183953,-0.18456,-0.177205,-0.194189,-0.178745,-0.18726
0.153516,0.149427,0.117532,0.126057,0.144448,0.123202,0.137353,0.141085,0.128859,0.159095,0.136394,0.1462,0.15443,0.146315,0.143488,0.130456,0.1309,0.127482,0.150669,0.158582	-0.0148411,-0.00952024,-0.0445161,-0.0638666,-0.0142793,-0.0711322,-0.0162223,-0.0322593,-0.0370218,-0.0149508,-0.0407021,-0.0170338,0.00682271,-0.0193187,-0.00852553,-0.0267838,-0.0212236,-0.0362847,-0.00380927,0.00738432	0.167975,0.158721,0.161204,0.188407,0.158401,0.192646,0.153234,0.172559,0.165093,0.173632,0.176118,0.162828,0.147763,0.165167,0.151828,0.156693,0.151702,0.163013,0.15439,0.151375
-0.0992211,-0.0917407,-0.0750491,-0.0821808,-0.0966101,-0.0647709,-0.0845597,-0.0742042,-0.0665353,-0.0819836,-0.0778596,-0.0830916,-0.0731216,-0.0815473,-0.0845747,-0.0808765,-0.0724125,-0.0739179,-0.0759899,-0.0750023	-0.34009,-0.370635,-0.397581,-0.433814,-0.381606,-0.448819,-0.401503,-0.390071,-0.436907,-0.420678,-0.424765,-0.418299,-0.41305,-0.414455,-0.410201,-0.41117,-0.40259,-0.452505,-0.432318,-0.433665	0.24928,0.288711,0.332452,0.364633,0.295905,0.395547,0.328082,0.325282,0.38146,0.350793,0.35877,0.347278,0.350515,0.344553,0.337329,0.341654,0.340092,0.391688,0.368432,0.370721
0.00447537,0.00387922,-0.0219535,-0.0394605,-0.013011,-0.0651834,-0.0163146,-0.0186071,-0.0488169,-0.010447,-0.0261347,-0.0134537,-0.00418169,-0.0133223,-0.012403,-0.0265728,-0.00549226,-0.0392372,-0.0226971,-0.0160146	0.155131,0.151141,0.135824,0.123342,0.154044,0.107375,0.144098,0.140943,0.115753,0.157106,0.137309,0.138094,0.157555,0.15492,0.151013,0.146513,0.149878,0.132823,0.141959,0.151962	-0.15076,-0.147348,-0.157309,-0.162014,-0.166721,-0.171359,-0.160036,-0.159133,-0.163645,-0.167278,-0.162859,-0.151267,-0.16163,-0.167896,-0.16311,-0.172415,-0.155242,-0.171168,-0.164127,-0.167569
-0.137864,-0.15035,-0.114755,-0.113859,-0.135202,-0.098142,-0.13848,-0.112555,-0.114625,-0.130477,-0.125,-0.138808,-0.114854,-0.136089,-0.127399,-0.139386,-0.12085,-0.120729,-0.124135,-0.124476	-0.229205,-0.271251,-0.302367,-0.338906,-0.278863,-0.374439,-0.318112,-0.294,-0.359442,-0.32621,-0.339692,-0.326818,-0.314449,-0.329509,-0.303996,-0.326803,-0.306822,-0.369766,-0.336751,-0.339844	0.0943213,0.126041,0.194357,0.23408,0.149289,0.286838,0.187909,0.187655,0.255337,0.204435,0.224212,0.196945,0.207074,0.202501,0.183713,0.196362,0.193133,0.260674,0.221892,0.224881
0.0111692,0.0242093,-0.0079064,-0.0089035,0.00990312,-0.0336539,-0.0063432,-0.00694603,-0.0479761,0.000511891,-0.00312604,-0.000477239,0.0112222,0.00781807,0.0123779,-0.0106895,0.00682472,-0.0179659,-0.010979,-0.00808497	0.182329,0.18616,0.169839,0.164252,0.19925,0.15067,0.179068,0.17149,0.136937,0.184148,0.18041,0.174598,0.192875,0.193023,0.192146,0.173679,0.18317,0.170352,0.164642,0.175806	-0.171509,-0.162684,-0.177507,-0.172903,-0.189722,-0.183394,-0.185201,-0.178224,-0.183706,-0.183654,-0.183432,-0.17506,-0.182047,-0.185485,-0.180196,-0.184027,-0.176566,-0.187744,-0.175304,-0.18363
-0.175003,-0.172348,-0.179095,-0.203228,-0.173115,-0.193976,-0.180778,-0.16523,-0.170624,-0.180906,-0.18089,-0.161784,-0.15833,-0.181185,-0.145428,-0.167166,-0.144503,-0.168935,-0.171018,-0.15719	-0.275959,-0.318888,-0.360084,-0.394125,-0.326172,-0.40989,-0.365877,-0.334806,-0.396928,-0.375366,-0.377535,-0.361588,-0.372011,-0.372423,-0.347523,-0.363983,-0.345864,-0.408136,-0.394669,-0.388893	0.10608,0.155062,0.193465,0.207518,0.162217,0.234564,0.198209,0.179507,0.242744,0.208627,0.211059,0.212219,0.227055,0.205076,0.212853,0.209568,0.211954,0.256915,0.239839,0.24679
-0.114386,-0.114584,-0.149968,-0.187083,-0.141904,-0.205352,-0.134314,-0.156192,-0.178094,-0.147729,-0.154031,-0.108073,-0.124846,-0.141542,-0.133017,-0.147889,-0.116642,-0.162169,-0.132323,-0.127085	0.185541,0.173725,0.147953,0.138364,0.160581,0.131783,0.158281,0.15093,0.124735,0.168166,0.162552,0.189208,0.162161,0.167257,0.160039,0.160943,0.172751,0.150323,0.165997,0.171298	-0.293693,-0.282682,-0.291454,-0.317235,-0.295746,-0.328252,-0.286504,-0.300049,-0.296248,-0.308238,-0.30885,-0.291324,-0.281312,-0.301658,-0.286948,-0.301653,-0.283676,-0.305055,-0.291908,-0.292026
-0.194389,-0.21117,-0.181711,-0.197945,-0.184579,-0.200905,-0.200224,-0.176022,-0.177397,-0.205894,-0.193233,-0.191541,-0.174445,-0.202724,-0.16742,-0.194086,-0.162105,-0.186415,-0.187638,-0.161915	-0.147659,-0.206025,-0.236527,-0.268995,-0.200009,-0.318391,-0.258486,-0.215811,-0.289773,-0.265009,-0.26653,-0.251409,-0.254495,-0.26478,-0.22286,-0.257405,-0.2256,-0.304632,-0.277162,-0.259583	-0.0481108,-0.00537815,0.057278,0.0750459,0.0160217,0.125515,0.0614417,0.0413603,0.118465,0.0625275,0.0772774,0.062897,0.0837691,0.0655762,0.0575883,0.0666491,0.0659054,0.125334,0.0944347,0.101953
-0.197434,-0.186365,-0.221324,-0.243827,-0.211098,-0.264338,-0.213044,-0.229032,-0.240982,-0.211778,-0.232128,-0.197304,-0.196159,-0.214965,-0.199651,-0.211816,-0.203416,-0.226597,-0.196188,-0.190193	0.105841,0.100854,0.0798284,0.0742271,0.0966692,0.0658529,0.0873214,0.0789763,0.0671443,0.10523,0.0854671,0.106131,0.0957905,0.0941589,0.0939872,0.0922974,0.0892407,0.0846364,0.09944,0.111211	-0.297068,-0.281921,-0.295924,-0.312401,-0.301612,-0.324542,-0.29488,-0.302536,-0.30322,-0.310098,-0.311417,-0.297211,-0.286564,-0.302991,-0.28823,-0.298282,-0.287439,-0.305377,-0.289971,-0.295161
-0.406009,-0.426637,-0.465777,-0.501186,-0.448618,-0.51988,-0.467656,-0.454727,-0.50767,-0.491172,-0.491053,-0.475137,-0.483272,-0.483322,-0.469942,-0.483438,-0.462689,-0.519148,-0.505842,-0.505224	-0.0651217,-0.0507258,-0.0489692,-0.0560686,-0.0581064,-0.0417174,-0.0519702,-0.0392017,-0.0467826,-0.056448,-0.0492968,-0.051064,-0.0480648,-0.053046,-0.0425495,-0.0508799,-0.038774,-0.0455157,-0.0592059,-0.0547255	-0.350145,-0.384226,-0.426537,-0.457988,-0.400964,-0.488763,-0.426041,-0.423067,-0.4721,-0.44712,-0.452715,-0.434617,-0.445557,-0.441598,-0.436113,-0.443467,-0.431659,-0.485095,-0.460426,-0.463309
-0.109916,-0.114928,-0.091009,-0.0852823,-0.101065,-0.0511442,-0.0933305,-0.0807937,-0.0693625,-0.100777,-0.0771862,-0.104501,-0.10186,-0.0937373,-0.105756,-0.0878605,-0.0901993,-0.0835533,-0.107877,-0.103862	0.0715377,0.0802226,0.0823421,0.0902534,0.0794604,0.100466,0.0817793,0.0937833,0.0963612,0.0877301,0.0984084,0.0839621,0.0811882,0.0860821,0.0881132,0.0960411,0.0943513,0.0926001,0.083104,0.0849139	-0.180038,-0.193368,-0.172062,-0.174195,-0.179087,-0.150835,-0.173783,-0.173264,-0.164623,-0.186855,-0.174271,-0.186824,-0.181547,-0.17838,-0.192079,-0.182363,-0.182993,-0.174801,-0.189285,-0.187126
-0.425956,-0.44593,-0.483386,-0.517436,-0.473062,-0.535969,-0.490161,-0.476897,-0.526035,-0.503681,-0.509982,-0.494215,-0.503656,-0.502002,-0.48998,-0.499929,-0.489593,-0.534842,-0.5194,-0.523296	-0.0752636,-0.0678263,-0.0614002,-0.0791623,-0.0785783,-0.0642414,-0.0684315,-0.0601506,-0.0618382,-0.0654662,-0.0662306,-0.0624401,-0.0663732,-0.0705594,-0.0614494,-0.0703086,-0.0645529,-0.0614317,-0.0742639,-0.0721645	-0.362308,-0.389896,-0.434893,-0.456992,-0.409714,-0.488549,-0.436366,-0.429054,-0.479804,-0.453157,-0.459263,-0.445524,-0.452406,-0.447286,-0.441833,-0.445272,-0.438912,-0.489493,-0.462995,-0.468837
-0.0808806,-0.0949603,-0.0580755,-0.0706899,-0.0859513,-0.0597574,-0.0735145,-0.0669627,-0.0774747,-0.0851443,-0.0797785,-0.086506,-0.0730337,-0.0882199,-0.0832887,-0.0855459,-0.0803994,-0.0802669,-0.0874509,-0.0715437	-0.28795,-0.324474,-0.359018,-0.405596,-0.349559,-0.445397,-0.368947,-0.361624,-0.428267,-0.393668,-0.40373,-0.379757,-0.383341,-0.394544,-0.372773,-0.392816,-0.372723,-0.438836,-0.40942,-0.401462	0.212007,0.23681,0.307351,0.344792,0.271773,0.396184,0.303669,0.301973,0.362831,0.319223,0.334733,0.303211,0.319245,0.317371,0.29876,0.317955,0.301355,0.371661,0.333925,0.339675
0.262272,0.290393,0.271587,0.291369,0.278643,0.279431,0.270078,0.285077,0.354441,0.292509,0.277929,0.289638,0.303569,0.287981,0.294658,0.296004,0.277604,0.322352,0.319498,0.32049	0.284524,0.30506,0.2922,0.299808,0.300142,0.289889,0.295798,0.304563,0.376322,0.30813,0.298923,0.313923,0.324875,0.305242,0.309916,0.307557,0.298929,0.338016,0.331306,0.336879	-0.0240465,-0.0160921,-0.0223894,-0.00924686,-0.0234614,-0.01138,-0.0279533,-0.0213388,-0.0252495,-0.017168,-0.0228958,-0.0267143,-0.023637,-0.0189243,-0.016791,-0.0127098,-0.0232546,-0.0175793,-0.0132057,-0.0183724
-0.318461,-0.343585,-0.382277,-0.422788,-0.374162,-0.462949,-0.39899,-0.383774,-0.448942,-0.404536,-0.422363,-0.398024,-0.401032,-0.412415,-0.391314,-0.412394,-0.392403,-0.447733,-0.426972,-0.424114	-0.1014,-0.10818,-0.0744953,-0.0896522,-0.101857,-0.080179,-0.094898,-0.0821623,-0.0930741,-0.089298,-0.0918331,-0.0932063,-0.0820274,-0.0993536,-0.0967878,-0.106042,-0.0901478,-0.0825723,-0.104946,-0.0917016	-0.224304,-0.244493,-0.316804,-0.34626,-0.283094,-0.397526,-0.316059,-0.311432,-0.371386,-0.327052,-0.343867,-0.316562,-0.329855,-0.326438,-0.306121,-0.320361,-0.313339,-0.379179,-0.337133,-0.345864
-0.00595483,0.00776651,0.0099804,0.00578675,0.0128174,0.0179434,0.00388284,0.00218876,-0.00252216,0.0128238,0.00472847,0.0195969,0.0167292,0.0166932,-0.000655237,0.00532528,0.00762956,0.0122063,-0.00641299,0.00341552	-0.734427,-0.730918,-0.756431,-0.75483,-0.740233,-0.749962,-0.750705,-0.737643,-0.760475,-0.74007,-0.745677,-0.730067,-0.747245,-0.736058,-0.742399,-0.742276,-0.725732,-0.731381,-0.73721,-0.721114	0.731672,0.734515,0.760669,0.757309,0.745973,0.757709,0.752394,0.738639,0.759409,0.745816,0.747769,0.73909,0.754542,0.743615,0.742105,0.744658,0.729324,0.737008,0.734268,0.722749
0.0235531,0.0184036,0.0285953,0.0316067,0.0230933,0.0320603,0.0228151,0.0278996,0.0308166,0.0229772,0.019307,0.0174381,0.0257304,0.026381,0.0238808,0.018649,0.01576,0.0207284,0.0252324,0.0218136	-0.808843,-0.815914,-0.832222,-0.833338,-0.824523,-0.833506,-0.833745,-0.821917,-0.843275,-0.831766,-0.832492,-0.829995,-0.841043,-0.829808,-0.833208,-0.8302,-0.820809,-0.833352,-0.83546,-0.830129	0.816835,0.821975,0.840808,0.842748,0.831779,0.843038,0.84057,0.830767,0.851952,0.838714,0.838325,0.835343,0.848413,0.837847,0.840367,0.835907,0.825886,0.839577,0.842923,0.83679
0.00710074,0.0147899,-0.00727403,0.00533725,0.0127798,0.0134787,0.00535516,0.0243157,0.0158311,0.0233704,0.00259163,0.00219059,0.0176893,0.00570814,0.00721789,0.0157854,0.0116848,0.00080012,0.00636042,0.00719367	-0.684947,-0.686688,-0.715486,-0.707344,-0.696292,-0.706575,-0.712869,-0.689081,-0.725189,-0.69555,-0.702136,-0.692201,-0.711015,-0.696937,-0.70213,-0.697511,-0.677667,-0.688998,-0.699606,-0.682231	0.688698,0.694426,0.711917,0.710001,0.702818,0.71326,0.715493,0.701641,0.73261,0.707421,0.703447,0.69334,0.719653,0.69986,0.705771,0.705529,0.683937,0.689418,0.702838,0.686058
0.0231089,0.0031662,0.0203397,0.00799661,0.0100773,0.022522,0.0107988,0.0209436,0.0296702,0.0170021,0.00561586,0.0229584,0.0102833,0.00131441,0.0153274,0.0159283,0.00922126,0.0128482,0.0152211,0.00923484	-0.779777,-0.792369,-0.808776,-0.813575,-0.79936,-0.815233,-0.815092,-0.796283,-0.824936,-0.808554,-0.81218,-0.804111,-0.81954,-0.810287,-0.808831,-0.808327,-0.796011,-0.812832,-0.812061,-0.806125	0.788674,0.793544,0.815697,0.816261,0.802969,0.822651,0.818685,0.803821,0.834188,0.814361,0.814082,0.812078,0.822889,0.810738,0.814067,0.813778,0.799365,0.817146,0.817181,0.809335
0.00249305,0.0150462,-1.08543e-06,0.00660582,0.017135,0.0143974,0.00282626,0.0301085,0.0202875,0.0244639,0.0228137,0.0131158,0.00935133,0.0147626,0.0149793,0.0217947,0.0210548,0.0171942,0.0159904,0.0161635	-0.677609,-0.674291,-0.7039,-0.694318,-0.681904,-0.692806,-0.702355,-0.67787,-0.718138,-0.685988,-0.683224,-0.67928,-0.699871,-0.681906,-0.687259,-0.686604,-0.664205,-0.6732,-0.690335,-0.67448	0.678955,0.682414,0.703899,0.697724,0.690965,0.700219,0.703785,0.693818,0.727822,0.698726,0.695201,0.686281,0.704611,0.689725,0.695082,0.697954,0.675809,0.682494,0.698614,0.683195
-0.0909468,-0.0962727,-0.113579,-0.132869,-0.0910051,-0.139188,-0.10919,-0.100952,-0.11247,-0.114823,-0.118186,-0.0926648,-0.0946947,-0.112353,-0.0697733,-0.0998754,-0.0835194,-0.106213,-0.107071,-0.0934846	-0.374161,-0.404852,-0.420567,-0.453041,-0.40716,-0.466645,-0.43829,-0.41466,-0.464074,-0.45884,-0.448147,-0.435958,-0.454173,-0.4463,-0.426136,-0.434133,-0.419051,-0.467725,-0.476737,-0.473681	0.293191,0.321094,0.322388,0.340679,0.32832,0.350203,0.345641,0.327414,0.370967,0.363149,0.348415,0.357745,0.375633,0.351576,0.367283,0.349408,0.347701,0.38041,0.38955,0.397812
-0.129437,-0.125189,-0.145626,-0.167011,-0.139778,-0.160095,-0.130704,-0.145771,-0.145109,-0.146638,-0.14437,-0.105632,-0.12819,-0.142261,-0.132757,-0.130998,-0.117848,-0.140193,-0.123158,-0.123273	0.0195906,0.0178439,0.0265182,0.00493802,0.0105027,0.00582496,0.0130691,0.000762255,-0.0149258,0.00262752,0.0181791,0.0438548,0.00372485,0.0180494,0.00609647,0.0210638,0.0370029,0.0174983,0.000102022,0.00144858	-0.148651,-0.142715,-0.171482,-0.171807,-0.150061,-0.165766,-0.143528,-0.146517,-0.130466,-0.149208,-0.162123,-0.148798,-0.131852,-0.159899,-0.138742,-0.151643,-0.154179,-0.157305,-0.123258,-0.124699
-0.0757915,-0.0903631,-0.0830947,-0.108979,-0.0714423,-0.121097,-0.0846696,-0.0800891,-0.0762344,-0.0993831,-0.0949221,-0.0705242,-0.0792726,-0.0954306,-0.0570536,-0.0749009,-0.0593939,-0.0862711,-0.083765,-0.0572133	-0.263702,-0.305324,-0.307466,-0.343318,-0.295044,-0.382809,-0.340414,-0.308776,-0.364519,-0.360788,-0.348444,-0.335235,-0.351266,-0.348496,-0.31723,-0.333556,-0.308273,-0.37303,-0.371889,-0.359598	0.191743,0.22106,0.230254,0.243447,0.228417,0.274433,0.263334,0.234485,0.296524,0.271127,0.262193,0.27112,0.279784,0.261771,0.264972,0.265283,0.253521,0.296295,0.297388,0.308737
-0.230326,-0.224126,-0.233822,-0.256149,-0.237251,-0.252744,-0.227321,-0.234947,-0.213668,-0.227511,-0.243575,-0.212048,-0.226015,-0.239403,-0.228225,-0.215257,-0.221063,-0.224847,-0.201594,-0.197933	-0.0663222,-0.0598284,-0.0453183,-0.0613454,-0.0587346,-0.0613265,-0.0628251,-0.0746566,-0.0747031,-0.0650122,-0.0629444,-0.0452712,-0.0678571,-0.0601121,-0.064766,-0.0497441,-0.0517581,-0.0504841,-0.0691671,-0.0626541	-0.166548,-0.166531,-0.190523,-0.197914,-0.181039,-0.194431,-0.166879,-0.163153,-0.141219,-0.164938,-0.183443,-0.168393,-0.160622,-0.181908,-0.165911,-0.167305,-0.171265,-0.176365,-0.1343,-0.136978
-0.390562,-0.409987,-0.440733,-0.459666,-0.421764,-0.469673,-0.441481,-0.423831,-0.465269,-0.46498,-0.46156,-0.454861,-0.46307,-0.461008,-0.445867,-0.450339,-0.446494,-0.485542,-0.478505,-0.481523	0.0534567,0.0572556,0.045315,0.0474395,0.0576237,0.0435167,0.0503649,0.0540704,0.0390237,0.0437538,0.0439323,0.0459977,0.0432212,0.048255,0.0600957,0.0458852,0.046908,0.0445317,0.0354049,0.0370319	-0.434938,-0.456526,-0.476531,-0.496283,-0.468013,-0.502911,-0.481147,-0.467195,-0.4953,-0.49859,-0.495446,-0.490594,-0.496357,-0.498181,-0.492759,-0.486178,-0.48328,-0.518855,-0.505348,-0.509471
0.0121393,0.00712072,0.00446611,0.00262532,0.010407,0.0278319,0.0192313,0.0139456,0.0247407,0.00481537,0.020066,0.010444,-0.00992623,0.0114032,-0.00155642,0.025735,0.00685,0.0100993,-0.00764038,-0.00593193	0.15965,0.158302,0.148769,0.16126,0.163631,0.156521,0.152632,0.158842,0.152349,0.156214,0.161498,0.151676,0.14563,0.155917,0.16076,0.161269,0.154532,0.152704,0.148481,0.148036	-0.147797,-0.151352,-0.144399,-0.158702,-0.153485,-0.129252,-0.133793,-0.145218,-0.128091,-0.151512,-0.141891,-0.141456,-0.155331,-0.144772,-0.162275,-0.136099,-0.147839,-0.142825,-0.155945,-0.153833
-0.414332,-0.440729,-0.464834,-0.493108,-0.458893,-0.502629,-0.469397,-0.451755,-0.482569,-0.483914,-0.488192,-0.478137,-0.494745,-0.488788,-0.47787,-0.474878,-0.477937,-0.509112,-0.496031,-0.501747	0.0450686,0.0413432,0.034146,0.025271,0.0391373,0.0220476,0.0353836,0.0341967,0.0251349,0.0358471,0.0279888,0.0361204,0.0259608,0.0317513,0.0429475,0.0271018,0.0220786,0.0297088,0.0207476,0.0206153	-0.450979,-0.473446,-0.491184,-0.511999,-0.489244,-0.518926,-0.496534,-0.478559,-0.50162,-0.510898,-0.509222,-0.505526,-0.514102,-0.512584,-0.510343,-0.495602,-0.494794,-0.530793,-0.511514,-0.517014
0.0797834,0.0693342,0.0755209,0.055709,0.0657545,0.0568532,0.0818865,0.0645144,0.0596881,0.0648564,0.0580003,0.0743451,0.0559803,0.059912,0.0616376,0.0741663,0.0543811,0.0566101,0.0549159,0.0680823	-0.269831,-0.301908,-0.328392,-0.359817,-0.316938,-0.386372,-0.335241,-0.323341,-0.376058,-0.359835,-0.367277,-0.350015,-0.358929,-0.364298,-0.343964,-0.346646,-0.348271,-0.395456,-0.373109,-0.37029	0.342247,0.363631,0.394138,0.40736,0.37488,0.433698,0.405983,0.37993,0.42618,0.415006,0.416407,0.413597,0.406737,0.415149,0.397181,0.410265,0.395168,0.442167,0.419431,0.427593
0.251685,0.271449,0.275396,0.29075,0.271426,0.302367,0.273315,0.297821,0.395603,0.296604,0.283191,0.290885,0.292997,0.281684,0.283803,0.30796,0.276414,0.337434,0.32732,0.328696	0.284878,0.311835,0.309525,0.336004,0.319497,0.350255,0.312425,0.328262,0.415383,0.325184,0.3218,0.325143,0.337963,0.320654,0.326121,0.335802,0.307799,0.370383,0.34818,0.349847	-0.0357568,-0.0441199,-0.0373087,-0.0501539,-0.0526353,-0.0535603,-0.042761,-0.0337403,-0.0236695,-0.0316306,-0.0424811,-0.0378373,-0.0499086,-0.0428398,-0.0466342,-0.0310534,-0.0343035,-0.0376554,-0.0235438,-0.0238989
-0.3052,-0.334455,-0.358753,-0.395757,-0.356246,-0.423074,-0.370496,-0.351461,-0.396381,-0.37826,-0.394885,-0.371506,-0.38932,-0.391409,-0.376918,-0.37598,-0.372447,-0.414103,-0.394989,-0.395745	0.0607854,0.0575735,0.0606481,0.0377391,0.0522317,0.0376688,0.0626998,0.0509434,0.0451968,0.0621444,0.0471426,0.0693792,0.0485722,0.0505879,0.049777,0.0544142,0.0465694,0.0558143,0.0376271,0.049124	-0.359319,-0.384622,-0.41047,-0.427117,-0.401016,-0.453515,-0.423361,-0.395326,-0.433806,-0.430289,-0.433949,-0.429807,-0.429765,-0.433415,-0.418837,-0.421765,-0.411873,-0.459301,-0.426281,-0.436386
-0.100253,-0.103994,-0.124856,-0.14537,-0.10041,-0.152858,-0.118553,-0.112464,-0.124686,-0.124583,-0.126024,-0.100421,-0.105266,-0.123914,-0.0799152,-0.107472,-0.0906994,-0.115387,-0.117577,-0.102819	-0.372904,-0.407665,-0.424616,-0.456373,-0.411021,-0.473756,-0.440877,-0.417212,-0.46551,-0.463292,-0.450337,-0.442277,-0.459184,-0.452971,-0.42817,-0.436132,-0.422816,-0.472467,-0.476911,-0.475106	0.28324,0.317115,0.316541,0.333102,0.323982,0.34595,0.340101,0.319751,0.361825,0.359457,0.343826,0.357745,0.371894,0.348625,0.360593,0.344822,0.345361,0.377669,0.38068,0.391407
-0.132031,-0.131322,-0.142914,-0.169254,-0.145021,-0.16558,-0.132589,-0.155168,-0.150839,-0.156425,-0.145405,-0.107197,-0.135439,-0.144873,-0.135449,-0.137262,-0.123077,-0.140865,-0.125237,-0.126576	0.0224029,0.0142792,0.0219788,0.00235468,0.00467669,-0.00221992,0.0113212,-0.000249778,-0.0138654,-0.00329124,0.0160176,0.0347927,-0.00363738,0.0102336,0.00640186,0.018684,0.033523,0.0117181,0.00306352,-0.00018763	-0.153978,-0.145328,-0.164377,-0.171541,-0.149597,-0.16342,-0.143695,-0.154924,-0.13726,-0.153212,-0.161048,-0.141462,-0.131866,-0.154877,-0.141728,-0.155547,-0.155956,-0.152332,-0.128251,-0.126391
-0.0852014,-0.0919103,-0.0913312,-0.112177,-0.0755429,-0.130543,-0.0892036,-0.0889743,-0.0879323,-0.106843,-0.0970988,-0.0805658,-0.0835612,-0.0964304,-0.0633753,-0.0813585,-0.0636159,-0.0919013,-0.0900337,-0.0610138	-0.262658,-0.308114,-0.311684,-0.345266,-0.298745,-0.389058,-0.342522,-0.311264,-0.365608,-0.365855,-0.349627,-0.34271,-0.356068,-0.35371,-0.317956,-0.335579,-0.311808,-0.377378,-0.370966,-0.359892	0.181519,0.222505,0.226809,0.24248,0.228355,0.272347,0.261303,0.228621,0.286899,0.269548,0.261403,0.269588,0.280863,0.266365,0.259816,0.261356,0.253215,0.295733,0.29064,0.305588
-0.230113,-0.230699,-0.23385,-0.259303,-0.243884,-0.258268,-0.228313,-0.246911,-0.220632,-0.237961,-0.25249,-0.218598,-0.230149,-0.245852,-0.23423,-0.223704,-0.229542,-0.232102,-0.207146,-0.204641	-0.0632587,-0.0638675,-0.0497122,-0.0642336,-0.0648641,-0.0695859,-0.0645509,-0.0764359,-0.0738201,-0.0716001,-0.0655979,-0.0549519,-0.075465,-0.0683079,-0.064824,-0.0524911,-0.0557069,-0.0565971,-0.0663071,-0.0645675	-0.169319,-0.169326,-0.186303,-0.198373,-0.181897,-0.192135,-0.166211,-0.173754,-0.149243,-0.169245,-0.190039,-0.165635,-0.157418,-0.180577,-0.172018,-0.173247,-0.176086,-0.177841,-0.1428,-0.141949
-0.39457,-0.414766,-0.440895,-0.464364,-0.427229,-0.475502,-0.444933,-0.432992,-0.471674,-0.472819,-0.463838,-0.457137,-0.469391,-0.465203,-0.44936,-0.455807,-0.451167,-0.48796,-0.482684,-0.486092	0.0418362,0.048107,0.0316231,0.0323274,0.0465167,0.0278358,0.0394143,0.0407365,0.0244583,0.0325382,0.0344066,0.0373678,0.0310632,0.0351577,0.0484368,0.0367986,0.0389659,0.0340086,0.0228507,0.0259479	-0.429319,-0.453818,-0.466021,-0.489345,-0.464514,-0.496763,-0.476,-0.465517,-0.490474,-0.4977,-0.490418,-0.4862,-0.493262,-0.492308,-0.487193,-0.484479,-0.481665,-0.513448,-0.50002,-0.505662
0.00405595,0.00605426,-0.0021178,9.85869e-05,0.0070242,0.0207447,0.0158029,0.00692749,0.0155694,-0.00076176,0.0182647,0.00269102,-0.0132736,0.0110343,-0.0066156,0.0205265,0.00365588,0.00589634,-0.0127374,-0.00912745	0.151587,0.151285,0.139331,0.150602,0.155307,0.146284,0.145103,0.149796,0.1427,0.148487,0.154494,0.145966,0.136779,0.146393,0.152538,0.155252,0.148939,0.146,0.139536,0.140197	-0.147622,-0.145364,-0.141407,-0.150506,-0.148445,-0.125922,-0.129598,-0.143017,-0.127413,-0.149231,-0.136614,-0.143331,-0.149781,-0.135577,-0.158993,-0.135156,-0.145362,-0.140224,-0.152003,-0.149134
-0.416475,-0.445935,-0.466994,-0.498058,-0.465548,-0.508356,-0.47207,-0.462866,-0.49,-0.491783,-0.494889,-0.483659,-0.4992,-0.495236,-0.483777,-0.482411,-0.485116,-0.514679,-0.502871,-0.508598	0.0331028,0.0320604,0.0202793,0.00973847,0.0276596,0.00598257,0.0241591,0.0205464,0.010378,0.024362,0.0183685,0.0274341,0.0134147,0.0183983,0.0311005,0.0178902,0.0139109,0.0189887,0.00807335,0.00930145	-0.443464,-0.471257,-0.482702,-0.505345,-0.486938,-0.512779,-0.490634,-0.478858,-0.497847,-0.510035,-0.508634,-0.504401,-0.509205,-0.508997,-0.507246,-0.49602,-0.495682,-0.528502,-0.508878,-0.515461
0.0687291,0.0679291,0.0658362,0.0520747,0.0610469,0.0461113,0.0770337,0.0549335,0.0460976,0.0571161,0.0552987,0.0631687,0.051523,0.0593843,0.054458,0.0667826,0.0501165,0.0504138,0.0475701,0.0635983	-0.27387,-0.306401,-0.32751,-0.362175,-0.321386,-0.391632,-0.337811,-0.333086,-0.382859,-0.368405,-0.368354,-0.352642,-0.36507,-0.366134,-0.347301,-0.352383,-0.353389,-0.397501,-0.376245,-0.37334	0.336269,0.366698,0.385044,0.406582,0.375074,0.429978,0.404323,0.381047,0.421518,0.416752,0.415195,0.40675,0.408902,0.416463,0.394302,0.409528,0.396483,0.439115,0.416364,0.426804
0.250587,0.266134,0.274571,0.288507,0.264841,0.297195,0.271865,0.287924,0.389678,0.288011,0.272998,0.285843,0.289985,0.275587,0.27795,0.300123,0.268831,0.329686,0.321681,0.323028	0.281295,0.306785,0.312253,0.334459,0.315182,0.345608,0.309621,0.321692,0.411796,0.317322,0.321943,0.325966,0.33082,0.319312,0.324333,0.33123,0.305547,0.371496,0.347658,0.34911	-0.0330371,-0.0442655,-0.0412158,-0.0508592,-0.0549252,-0.0539549,-0.0412261,-0.037215,-0.0263461,-0.0322597,-0.0536608,-0.0442446,-0.0451679,-0.047944,-0.0509792,-0.0345406,-0.0400018,-0.0476455,-0.0292489,-0.0293969
-0.307581,-0.338869,-0.360597,-0.399247,-0.362509,-0.42871,-0.372677,-0.36296,-0.403739,-0.386827,-0.40171,-0.377959,-0.392992,-0.396657,-0.382774,-0.383569,-0.380621,-0.420073,-0.40116,-0.401093	0.0493554,0.0561095,0.0510536,0.0341133,0.0475325,0.026662,0.0577334,0.0411079,0.0313327,0.0541872,0.0446652,0.0583938,0.0438401,0.0503505,0.0425363,0.046936,0.0423129,0.0495734,0.0303139,0.0445639	-0.351599,-0.387608,-0.40421,-0.427537,-0.403096,-0.450226,-0.421345,-0.398127,-0.429637,-0.43196,-0.438507,-0.42693,-0.429433,-0.438255,-0.418497,-0.422892,-0.416231,-0.460066,-0.42629,-0.437831
-0.269179,-0.293883,-0.307696,-0.314802,-0.296275,-0.32764,-0.321568,-0.293404,-0.337608,-0.336679,-0.331058,-0.352919,-0.349256,-0.332063,-0.332882,-0.332391,-0.33804,-0.363682,-0.36722,-0.373507	0.135544,0.143895,0.150515,0.170769,0.137938,0.173817,0.150905,0.144772,0.142162,0.149448,0.154063,0.132541,0.129702,0.151891,0.120087,0.138442,0.123557,0.143511,0.135623,0.123093	-0.390476,-0.420016,-0.437929,-0.460799,-0.417164,-0.474439,-0.450607,-0.420323,-0.457798,-0.462839,-0.461579,-0.463767,-0.458202,-0.460717,-0.435558,-0.45012,-0.44309,-0.482034,-0.478988,-0.474772
0.068331,0.0726609,0.0646265,0.079335,0.0619299,0.10967,0.07876,0.0714114,0.0754078,0.0739502,0.0859245,0.0605259,0.0471652,0.0788388,0.0398462,0.0779803,0.049972,0.069978,0.0517326,0.0343744	0.218974,0.217589,0.223632,0.246351,0.219975,0.243069,0.222618,0.223784,0.221944,0.227094,0.234727,0.210061,0.205089,0.225601,0.201735,0.224347,0.207435,0.218541,0.215775,0.206395	-0.152931,-0.147256,-0.161338,-0.170345,-0.160228,-0.137053,-0.146425,-0.154847,-0.14903,-0.15576,-0.151865,-0.151461,-0.159466,-0.14942,-0.1632,-0.148972,-0.159112,-0.150871,-0.165894,-0.17325
-0.223104,-0.258868,-0.2756,-0.292072,-0.268426,-0.304475,-0.289072,-0.262641,-0.314337,-0.305463,-0.296509,-0.310445,-0.321038,-0.299936,-0.304821,-0.304322,-0.304086,-0.336583,-0.338466,-0.350388	0.123218,0.125023,0.136838,0.147256,0.117657,0.150761,0.133383,0.123549,0.127393,0.137964,0.13536,0.118895,0.111068,0.133234,0.101531,0.11823,0.0984773,0.12655,0.119113,0.106409	-0.337056,-0.371856,-0.397449,-0.421211,-0.374263,-0.435256,-0.406771,-0.374053,-0.424722,-0.425495,-0.415205,-0.414057,-0.417229,-0.416525,-0.394153,-0.407876,-0.390859,-0.444212,-0.439847,-0.440378
0.143644,0.148614,0.146633,0.153907,0.126393,0.166203,0.153703,0.133964,0.124551,0.152478,0.142351,0.135065,0.125744,0.145084,0.108901,0.138294,0.106813,0.133831,0.129817,0.114325	-0.147196,-0.182932,-0.195172,-0.208715,-0.188083,-0.240386,-0.21566,-0.190148,-0.247128,-0.228169,-0.233484,-0.248242,-0.241847,-0.232546,-0.22463,-0.228341,-0.239304,-0.269711,-0.260166,-0.261221	0.284818,0.322771,0.332295,0.351337,0.307173,0.390969,0.357513,0.31606,0.36058,0.367849,0.363745,0.370872,0.356742,0.365305,0.325567,0.355412,0.33749,0.389483,0.377241,0.364656
0.435758,0.448372,0.457199,0.48587,0.454879,0.489968,0.450432,0.472099,0.531972,0.465101,0.468901,0.458358,0.464613,0.466338,0.45759,0.469294,0.452243,0.498608,0.473708,0.470428	0.351202,0.371226,0.386574,0.421866,0.387675,0.425296,0.375689,0.398677,0.473576,0.39896,0.390158,0.368755,0.394444,0.389953,0.388516,0.398933,0.363724,0.431685,0.404413,0.406626	0.0998345,0.092551,0.0857875,0.0805055,0.0815928,0.0816952,0.0899668,0.0904454,0.0780614,0.08121,0.0963744,0.107829,0.0859138,0.093364,0.0840095,0.0865684,0.105946,0.0852793,0.0857154,0.0788932
-0.102048,-0.140577,-0.160255,-0.180287,-0.15311,-0.213901,-0.181904,-0.150464,-0.220319,-0.189211,-0.191173,-0.195551,-0.20255,-0.19145,-0.187899,-0.197307,-0.188328,-0.2313,-0.227798,-0.236071	0.121874,0.132779,0.129116,0.134417,0.110172,0.145397,0.132206,0.117378,0.10902,0.144791,0.127809,0.124845,0.114548,0.132082,0.0945747,0.116614,0.0955856,0.128926,0.110601,0.0954998	-0.221172,-0.268347,-0.283505,-0.307258,-0.258915,-0.348461,-0.306733,-0.263194,-0.321614,-0.325095,-0.311374,-0.31276,-0.309907,-0.315552,-0.277542,-0.30686,-0.278893,-0.349794,-0.330082,-0.32426
0.0460336,0.0425666,0.048255,0.0352555,0.0362996,0.0103238,0.0384736,0.0317177,0.0154133,0.0395571,0.0198101,0.0410084,0.0487403,0.029783,0.044675,0.0260554,0.0313882,0.0279478,0.0451809,0.052121	0.166944,0.158694,0.165301,0.163306,0.157583,0.137892,0.156691,0.152376,0.14222,0.166125,0.151044,0.160351,0.163194,0.152041,0.161469,0.156468,0.152057,0.150461,0.168962,0.174192	-0.121847,-0.116917,-0.117987,-0.128792,-0.121981,-0.12775,-0.118934,-0.121245,-0.127086,-0.127405,-0.131628,-0.120133,-0.115371,-0.122814,-0.117642,-0.130946,-0.121247,-0.123031,-0.124733,-0.12319
0.569167,0.600962,0.615572,0.647305,0.614271,0.656355,0.621469,0.622188,0.68732,0.638109,0.637044,0.633455,0.648565,0.638865,0.635475,0.638941,0.627669,0.677425,0.663522,0.668555	0.561852,0.587968,0.606734,0.63087,0.599354,0.640823,0.609838,0.606698,0.677452,0.631966,0.625245,0.625771,0.635787,0.62653,0.622049,0.625012,0.609044,0.666873,0.653176,0.656913	0.0107545,0.0200947,0.0141065,0.027779,0.0236095,0.0268063,0.0187295,0.0248833,0.0184663,0.0102934,0.0196094,0.0127303,0.0217439,0.0205676,0.0222015,0.0231895,0.0301524,0.0192478,0.0182597,0.0207595
0.159443,0.162012,0.162836,0.166598,0.162014,0.139828,0.153488,0.157012,0.141727,0.169807,0.154327,0.164554,0.1701,0.157294,0.16604,0.155374,0.165343,0.1608,0.167151,0.172761	0.0314598,0.0331955,0.0370627,0.0223676,0.0255548,-0.00317567,0.0240002,0.0212562,0.0052626,0.0369161,0.0117154,0.0370192,0.0425792,0.0226645,0.0354574,0.0115301,0.0251449,0.0266428,0.0330488,0.0386349	0.128628,0.129513,0.126537,0.14477,0.137026,0.14294,0.129967,0.136211,0.136566,0.13373,0.14287,0.128317,0.128451,0.135112,0.131356,0.144102,0.140784,0.134735,0.134847,0.135028
-0.492106,-0.52553,-0.544343,-0.5813,-0.541195,-0.603471,-0.554163,-0.554078,-0.636218,-0.56711,-0.572389,-0.562722,-0.5749,-0.570476,-0.563165,-0.575598,-0.55283,-0.616324,-0.600055,-0.601913	-0.023635,-0.0154534,-0.0191756,-0.0229508,-0.0180904,-0.0245466,-0.0244376,-0.0177455,-0.0194334,-0.00449534,-0.0139126,-0.00685642,-0.0102954,-0.0122379,-0.0157682,-0.025163,-0.0104119,-0.00229147,-0.021717,-0.0245338	-0.473984,-0.514253,-0.530707,-0.565899,-0.528277,-0.587629,-0.536998,-0.541658,-0.624506,-0.564053,-0.56296,-0.558019,-0.567966,-0.562163,-0.552301,-0.558524,-0.545559,-0.614901,-0.585974,-0.586034
