-189939914.371826
-184124449.878298
-183958131.966432
-189939903.980860
-184948109.454458
-189839748.793758
-184948161.251698
-189939883.243903
-184948104.139688
-184948157.318778
-183958302.269151
-183958156.783040
-186101151.526417
-184948140.892714
-184124407.134843
-183958166.721598
-184948111.881769
-184948137.040756
-184124457.678997
-183958145.295324
-183958158.586860
-183958128.865522
-183958139.961552
-183958147.682560
-183958181.169554
-186150336.262042
-184948154.430696
-189839741.440127
-184948146.502322
-189939865.212260
-189839751.512104
-184948114.885727
-184948130.737320
-184948213.087222
-183958138.183841
-184124408.259828
-184124474.111398
-186089263.346099
-183958141.133725
-184948123.699394
-183958165.970456
-184948115.753956
-189839734.232852
-189839712.463808
-189839743.067981
-184948107.560982
-189939909.317653
-189939890.583443
-184124413.143652
-183958129.512374
-183958182.407314
-189939911.812857
-189939890.913434
-184948115.184012
-189939869.869411
-184948108.388959
-183958128.323336
