-179310660.453545
-177110715.599115
-177012508.319039
-179239318.863938
-180300642.063266
-177509646.860861
-178901863.289103
-176807325.543605
-179476934.675928
-179310703.590565
-179410997.526604
-177743860.357189
-179577147.926957
-179310683.987010
-179310685.560746
-177292042.297401
-177751509.171931
-179366961.830384
-179310649.380404
-179476991.133586
-179410888.941585
-178845507.184693
-181035080.499251
-181107154.574454
-179476926.240935
-179577139.274039
-177508366.426939
-177913700.326808
-178119041.516262
-181663017.740058
-179476939.126522
-180400842.003439
-177853400.647125
-180300679.668649
-180400843.029874
-179901785.549869
-176792083.108267
-179410887.885808
-179410882.000017
-179310747.603900
-178647035.486466
-181682452.470665
-178289467.876269
-179410892.563440
-180300626.397758
-182071003.806175
-177049157.009554
-179410899.246985
-182538266.700983
-177922162.696155
-177975938.794912
-179740857.934213
-179410898.412525
-179310695.981332
-180300696.816975
-179577138.816309
-180300694.052385
-179577150.850921
-182268967.701305
-181969750.025401
-179410888.793550
-179476972.166567
-179411001.337712
-177480461.891665
-182268464.839820
-179577171.618097
-179476954.330618
-179196571.435291
-178259302.721829
-181379388.767471
-179310685.555550
-179476944.989044
-180300662.517498
-179310671.582313
-178618548.559565
-179310656.943428
-179449420.758059
-179310693.128379
-177943266.998891
-179476945.701631
-179410950.463534
-179476940.567881
-179310696.871622
-179476953.383611
-179310656.596850
-179787010.821948
-177907162.210181
-178513447.713406
-181502856.875851
-178812377.324335
-182260376.073544
-178436308.791303
-181527196.058396
-179476931.095318
-179310668.233071
-182711464.286949
-179410895.886453
-179310678.454482
-179414891.681075
-180300761.774447
