-172979390.309919
-171791940.623144
-173151068.281035
-176506781.173000
-172769323.067939
-173419228.402710
-172659616.999211
-172747597.486480
-172765171.353480
-173901310.186105
-173562363.621813
-173164295.864016
-171489289.781330
-178689113.769671
-172595870.164563
-173527928.390807
-173012836.195306
-171173664.527907
-172355324.910270
-174143136.129308
-172427392.294585
-171997550.458134
-176238013.622556
-172747590.556729
-173328284.333531
-175919803.611311
-172144696.410442
-172886305.645328
-173689200.513935
-175211525.397272
-176588630.434347
-173593395.490646
-173718627.990910
-178808457.391708
-173752902.653091
-176057519.046539
-177176914.181527
-174190716.032992
-173534029.472547
-173527523.566965
-173646436.485023
-172308069.852522
-173477856.138935
-174547126.383465
-172308157.278805
-175923242.034704
-173365469.716719
-173599417.592870
-173482126.823391
-174235127.382228
-173732859.795201
-173564307.158355
-176344248.888845
-173519408.098865
-174193083.252747
-173592063.850420
-176151949.417377
-176223131.313433
-172394525.044507
-173767541.865196
-175191449.678864
-173675319.141552
-176230298.114705
-171667237.021761
-172256980.760252
-172858246.660495
-175995969.066787
-172840358.050292
-172268632.564909
-173494376.399766
-172984656.069055
-173707293.330532
-174200866.609119
-173422208.882615
-171927060.706048
-176264107.459152
-172771208.148030
-173436566.456836
-175927797.030053
-174067901.493326
-173200912.822946
-173531582.320095
-172146194.394645
-173372146.728482
-174836505.704745
-173253934.461764
-178935517.910031
-173604795.422187
-173809150.123804
-176910388.622344
-175738709.639343
-173780310.403199
-175681624.722135
-174240345.778869
-172759867.771424
-171594191.565406
-173374697.448825
-176605243.468680
-176913222.421832
-173166018.446911
