-170621366.337838
-166555007.327917
-167834771.798981
-170604576.193403
-170785565.475964
-166653701.957640
-166720338.045217
-166369427.197041
-167798173.756898
-171047650.465053
-171115215.624996
-167210287.995395
-167984515.513741
-166768924.700902
-170789300.927793
-167103544.304753
-167025013.111728
-168185953.925320
-167816560.763628
-166921264.462343
-174780205.910417
-166274550.005887
-171260724.944736
-166547374.415241
-171214879.317551
-167757950.308847
-169024218.128473
-170046298.865360
-169280965.680100
-165846753.049561
-169938756.316816
-167111094.690814
-166665912.747078
-166961895.571319
-170537981.483555
-167430272.641616
-170243793.807935
-167257446.021380
-167657912.826290
-166613468.821023
-166463134.233514
-170058354.566281
-167291657.527786
-168262013.931235
-169488913.387570
-167987466.456948
-170721417.175741
-170495103.981277
-165777975.822634
-166885174.249562
-166890782.755046
-167063009.936801
-170298784.029407
-169689345.129501
-171046527.547411
-171886362.816504
-166786167.451467
-170506043.384316
-167413430.233977
-168462157.473812
-170787855.852677
-166539404.267493
-166814595.922970
-167829628.912979
-167575533.079866
-170101779.673408
-168445001.541185
-166467275.091129
-167620607.787892
-170549573.717772
-170783026.393863
-167983831.174165
-169020339.146707
-166742158.861282
-169372172.214048
-170377461.203957
-166820273.696310
-168768027.972705
-166943228.806693
-168841209.536969
-170502964.476496
-170250042.232006
-168188041.019054
-169496398.079754
-167290424.481743
-167094022.221414
-164800825.077337
-171929592.666605
-170629492.133809
-167201256.185413
-170531964.533692
-167279749.045694
-165896899.473368
-166556708.119398
-170449466.453052
-169687893.546378
-166531968.188029
-166598878.170171
-171367775.196712
-166671970.722062
