-163266564.477725
-161051723.451286
-162358000.194265
-161653243.725674
-163119808.343165
-161449587.052264
-164314696.187042
-163273284.504796
-164813487.597418
-166528382.570626
-161844142.749112
-163589715.799589
-161979032.594033
-163389160.859609
-164995629.857121
-163646723.290989
-162148586.314314
-160937078.768961
-165628204.111060
-165003967.376878
-161579107.745446
-163341206.167306
-162146974.122733
-163443430.234517
-166623774.731441
-164784056.511113
-163574326.898541
-164733760.573537
-162642642.738655
-163502933.766867
-163579302.309897
-165601998.925538
-164745486.811107
-164479176.173686
-162670723.020052
-163626105.642120
-165485143.908452
-165094193.377019
-162564671.915407
-166839353.105897
-164457327.708884
-161062652.748352
-162332406.061718
-164139312.622686
-162746975.724031
-163912818.995723
-167860849.184077
-162159135.287675
-165302083.888067
-164257919.259655
-162440616.289943
-163880750.868934
-164844573.947566
-163719976.306102
-162178859.600343
-165181015.644892
-161406040.755702
-161179415.333262
-162076434.242848
-161404502.212375
-165086218.998098
-162758768.864975
-161888111.502842
-166825698.711835
-163823907.952500
-163302766.249214
-162985366.251168
-165147641.280549
-165072992.960354
-165661614.088324
-166318410.727973
-162680534.015868
-167867113.076628
-164365428.464564
-160828993.907378
-166175245.036406
-168112144.044850
-164357492.295163
-163856555.047272
-160855635.542906
-165157310.185536
-167921908.276022
-165030967.165073
-166320080.928856
-165901132.785860
-162835767.150085
-164665174.160350
-164905465.276160
-164754384.123799
-164695799.396213
-160932653.597398
-164833628.427031
-160949161.694993
-161991927.750811
-164420959.965114
-161078735.599903
-164487286.154191
-164838526.108726
-162416248.890783
-163210820.756324
