-161985340.320748
-158329884.046603
-156316102.855099
-158182131.692875
-157714338.534388
-160522264.890802
-158914786.184557
-159150389.986608
-160025623.135422
-159397745.799388
-158149137.714254
-160870491.779035
-162560420.884770
-159267602.350438
-161466122.226398
-156337940.806603
-162251599.456734
-157512464.471278
-159694689.866595
-158592029.296190
-159090364.161786
-158686302.913574
-161220881.590622
-160783413.154365
-161326825.247882
-158956288.264755
-159787097.849280
-159164677.976284
-157604611.534758
-158456139.448112
-160044505.966269
-158289519.790877
-159773771.785183
-158862669.976098
-165778596.990521
-158537148.068600
-158502080.939063
-158958909.328992
-157876097.120712
-160111088.037448
-162006784.523548
-158131281.997527
-158806072.210186
-158047309.067279
-161690889.309170
-158382828.920330
-158472046.315990
-156993808.026172
-157595956.054761
-158504789.170591
-158795221.941508
-159975190.936118
-156926302.975045
-156051368.218135
-158581628.110399
-158972720.550872
-156753772.667378
-161936740.171413
-160031444.553108
-158470486.893361
-160819969.943761
-159044679.746756
-159906189.330407
-158781728.216311
-159713649.698836
-156759906.775480
-160298735.447023
-159071775.267448
-158135811.808540
-158918753.636823
-155455707.343267
-158324737.995549
-160053895.430863
-159418356.982938
-161171130.391384
-161792827.830140
-159432632.214402
-156094756.219618
-161633501.338015
-158137876.419537
-158404849.296473
-161281391.589161
-157796954.800348
-157610357.799200
-161416819.854708
-157418629.234730
-160280259.394435
-158065594.695945
-159513773.751053
-157731780.982646
-156089224.633156
-162732445.801070
-159084683.861042
-157130034.952223
-157688132.401247
-160137126.119299
-155740290.098781
-157893801.838295
-156786098.086471
-157678076.779107
