0.677941,0.694344,0.676801,0.687365,0.675375,0.68387,0.706442,0.661939,0.701297,0.683812,0.663438,0.694104,0.699074,0.688612,0.699155,0.673623,0.657629,0.673349,0.680848,0.676169	0.67403,0.686259,0.677836,0.688937,0.678016,0.683299,0.700479,0.674761,0.701247,0.686563,0.664547,0.695408,0.698118,0.691935,0.700722,0.676578,0.656823,0.67663,0.689214,0.675962	0.00720143,0.0154439,-0.00191163,-0.00298598,-0.00487175,0.00107034,0.0118058,-0.0231718,9.74055e-05,-0.0051844,-0.00198382,-0.00252084,0.00186667,-0.00634726,-0.00307132,-0.00542928,0.0014189,-0.0060264,-0.0157616,0.000382452
0.218326,0.210151,0.193127,0.207788,0.210467,0.212799,0.199279,0.203656,0.183881,0.212801,0.204511,0.217194,0.212051,0.192442,0.207094,0.196635,0.190402,0.193191,0.213259,0.218997	0.167514,0.158761,0.131874,0.137757,0.145983,0.14508,0.14006,0.141443,0.127644,0.151486,0.129678,0.158995,0.16027,0.124949,0.145835,0.132392,0.130418,0.126349,0.162833,0.150676	0.0527404,0.0531639,0.0628535,0.0720947,0.0665284,0.0698761,0.0609196,0.0640586,0.0575891,0.0633579,0.0768719,0.0602805,0.0536026,0.0691553,0.0631675,0.0659599,0.0615115,0.0685149,0.0522409,0.0706525
-0.0118617,0.00403715,0.0149679,0.0122133,-0.00185137,0.0184679,0.00734882,0.00949261,0.00568613,0.00376783,0.0142476,-3.54649e-05,0.00359088,0.00134098,-0.00883404,0.00967851,0.0131777,0.0100641,0.00144803,0.0145122	-0.299472,-0.340854,-0.37198,-0.385219,-0.382403,-0.377771,-0.359813,-0.377232,-0.404817,-0.405452,-0.412724,-0.367853,-0.359688,-0.387248,-0.381888,-0.384654,-0.396639,-0.420399,-0.399702,-0.413605	0.288636,0.344417,0.384805,0.395571,0.380821,0.393494,0.366193,0.385345,0.409561,0.408596,0.424475,0.367823,0.36281,0.388387,0.374317,0.39287,0.407686,0.42865,0.400918,0.425563
0.0307672,0.0164797,0.00539295,0.00153705,-0.00380772,-0.00866769,0.00205559,0.00512626,-0.0404485,0.00702933,-0.0167679,0.0265622,0.00749202,0.000905453,0.00486261,-0.000119755,-0.0107317,-0.00677639,-0.011572,-0.00197748	0.179498,0.168054,0.15908,0.17007,0.154416,0.155622,0.163144,0.16465,0.128469,0.180125,0.14371,0.195536,0.170172,0.170499,0.174745,0.165674,0.16897,0.157448,0.167935,0.174877	-0.149557,-0.151995,-0.153819,-0.168577,-0.158131,-0.164068,-0.161142,-0.159659,-0.168044,-0.173315,-0.160092,-0.169856,-0.162887,-0.169619,-0.170027,-0.16579,-0.179377,-0.16405,-0.179159,-0.176794
-0.119377,-0.112995,-0.0926927,-0.0846538,-0.0936617,-0.0998858,-0.101036,-0.0992957,-0.0869011,-0.116012,-0.0884332,-0.130088,-0.0960096,-0.102172,-0.10643,-0.108311,-0.0995625,-0.100788,-0.10873,-0.0973734	-0.221859,-0.270877,-0.306721,-0.321462,-0.321738,-0.322922,-0.304968,-0.319339,-0.351309,-0.339712,-0.359764,-0.308422,-0.285976,-0.317048,-0.300757,-0.330833,-0.338616,-0.361147,-0.332397,-0.343263	0.105269,0.162866,0.220291,0.243433,0.235163,0.23047,0.210415,0.227249,0.272734,0.232877,0.280247,0.185788,0.195329,0.222069,0.200753,0.230792,0.247394,0.270193,0.232054,0.254393
0.0654508,0.0631746,0.0404462,0.057379,0.0415532,0.0419742,0.0356749,0.0377597,-0.0193879,0.0436195,0.023663,0.0523416,0.0436171,0.0478464,0.0349212,0.0473886,0.0072956,0.0311048,0.0205278,0.0240304	0.217191,0.206942,0.199694,0.223706,0.206604,0.208361,0.201106,0.203274,0.155598,0.220695,0.193669,0.226877,0.212718,0.218463,0.205111,0.207277,0.192945,0.19717,0.198802,0.200331	-0.153928,-0.145672,-0.160545,-0.16849,-0.16648,-0.167855,-0.166626,-0.166794,-0.17446,-0.178797,-0.170789,-0.176633,-0.170684,-0.172419,-0.171418,-0.161474,-0.185911,-0.16709,-0.179005,-0.177153
0.188623,0.180752,0.163761,0.17921,0.188916,0.18096,0.165053,0.179722,0.156411,0.184077,0.17831,0.198166,0.190065,0.170815,0.179599,0.166513,0.163596,0.166559,0.183765,0.191397	0.142897,0.137928,0.104062,0.110477,0.124231,0.116122,0.113328,0.108584,0.102228,0.122558,0.105115,0.140512,0.140684,0.102392,0.118956,0.102153,0.106149,0.099331,0.127702,0.125717	0.0469928,0.0439194,0.0607342,0.0701219,0.0662404,0.0662298,0.0527108,0.0725542,0.0550633,0.0629393,0.0745929,0.0593052,0.0507376,0.0696407,0.0619672,0.0654736,0.0584622,0.0683589,0.0574105,0.0672991
-0.029828,-0.0263417,-0.00629143,-0.0141874,-0.0211698,-0.00816032,-0.0146381,-0.0110472,-0.0174797,-0.022176,-0.011626,-0.0241461,-0.0127667,-0.0153786,-0.0282704,-0.0172856,-0.0132584,-0.0133041,-0.0208535,-0.0083898	-0.304174,-0.35041,-0.379187,-0.395191,-0.389374,-0.386829,-0.365442,-0.389123,-0.411314,-0.414821,-0.421236,-0.37806,-0.363967,-0.393181,-0.388746,-0.396574,-0.405835,-0.429477,-0.411124,-0.419792	0.276857,0.327087,0.373788,0.383152,0.371264,0.379867,0.352691,0.379708,0.396686,0.396291,0.411625,0.357174,0.35284,0.380101,0.364481,0.381907,0.394701,0.418564,0.393646,0.412857
0.0342119,0.0169357,0.00235823,0.00164366,0.00265197,-0.00441862,0.00306409,0.0135458,-0.0392343,0.0107659,-0.018871,0.0279746,0.0154911,0.00538686,0.00482341,0.0100246,-0.00668811,-0.0103369,-0.00629632,0.00265426	0.179988,0.168737,0.148679,0.162419,0.153224,0.153768,0.162773,0.157354,0.124323,0.175192,0.133883,0.189866,0.173585,0.166897,0.167072,0.16842,0.167558,0.144429,0.159806,0.172876	-0.14668,-0.152236,-0.146372,-0.160818,-0.150633,-0.158079,-0.159789,-0.144116,-0.162763,-0.164737,-0.152369,-0.162756,-0.15852,-0.161656,-0.16238,-0.158663,-0.174051,-0.154536,-0.165935,-0.1703
-0.111547,-0.119331,-0.0917299,-0.0874627,-0.0932497,-0.101176,-0.102336,-0.0962079,-0.0877275,-0.112793,-0.0877337,-0.12428,-0.0935522,-0.102731,-0.102954,-0.109635,-0.0973305,-0.102583,-0.106233,-0.09576	-0.208874,-0.267109,-0.300019,-0.317259,-0.315652,-0.316456,-0.297364,-0.317199,-0.344711,-0.33195,-0.351805,-0.299266,-0.277827,-0.313124,-0.293406,-0.3271,-0.329512,-0.356465,-0.327704,-0.334655	0.0996487,0.152643,0.214184,0.236355,0.229147,0.222401,0.201149,0.227948,0.264997,0.227682,0.272481,0.181745,0.189192,0.217385,0.196384,0.225554,0.239875,0.263518,0.229459,0.246805
0.0628241,0.0586361,0.0366204,0.0528324,0.0450027,0.040131,0.038189,0.0427967,-0.0204127,0.0483775,0.0195405,0.0557599,0.0461011,0.051778,0.0378359,0.0524279,0.0132171,0.0298644,0.0234599,0.0302447	0.211945,0.203571,0.189215,0.211357,0.202304,0.200957,0.203745,0.192147,0.149357,0.217571,0.181997,0.22366,0.210307,0.213834,0.201257,0.204842,0.193332,0.187434,0.188507,0.201087	-0.151134,-0.146686,-0.15366,-0.160315,-0.158746,-0.162134,-0.166854,-0.150589,-0.169253,-0.170994,-0.163037,-0.17002,-0.165814,-0.16387,-0.164675,-0.154068,-0.180577,-0.158457,-0.165781,-0.171888
0.0025816,0.00664756,0.00430968,-0.00793809,0.00581239,0.00551864,0.00515816,0.00111195,-0.0130951,-0.00139721,0.00858645,0.00115128,0.00568793,0.00408964,-0.00564414,0.00930979,0.0100981,-0.00356638,-0.00433488,0.00407792	-0.260162,-0.31563,-0.35178,-0.368732,-0.34704,-0.355409,-0.3346,-0.353857,-0.39378,-0.381435,-0.38247,-0.337455,-0.334926,-0.352871,-0.349399,-0.353478,-0.370808,-0.399199,-0.382996,-0.38913	0.262567,0.321603,0.355551,0.361853,0.352142,0.360221,0.339173,0.354829,0.382658,0.380241,0.389777,0.338475,0.339966,0.356446,0.344434,0.361597,0.379485,0.396197,0.379291,0.392585
-0.00854811,-0.0348012,-0.0480258,-0.0803662,-0.0543756,-0.0642128,-0.0682286,-0.0464759,-0.114973,-0.0496147,-0.0646844,-0.0207,-0.0396592,-0.0726854,-0.0554696,-0.0497705,-0.0631003,-0.0603617,-0.0608783,-0.0607588	0.190017,0.166684,0.16363,0.151117,0.164758,0.16441,0.147691,0.170771,0.102907,0.180422,0.165642,0.202388,0.172667,0.156741,0.169709,0.178,0.172932,0.166392,0.165545,0.178049	-0.198243,-0.200323,-0.210005,-0.228706,-0.217188,-0.226234,-0.213766,-0.215536,-0.215332,-0.227995,-0.227884,-0.222157,-0.210882,-0.226842,-0.223078,-0.225771,-0.233484,-0.224499,-0.224164,-0.236252
-0.0826899,-0.090771,-0.0676011,-0.0713027,-0.0641698,-0.0806807,-0.0679368,-0.0672795,-0.0734481,-0.0932373,-0.0692626,-0.0907959,-0.0708481,-0.0777367,-0.0824241,-0.0680148,-0.0712749,-0.0756726,-0.0855308,-0.0661922	-0.15255,-0.221314,-0.250908,-0.272413,-0.26154,-0.269003,-0.244197,-0.257295,-0.312864,-0.288076,-0.304367,-0.240378,-0.233986,-0.257078,-0.242735,-0.260492,-0.282719,-0.305273,-0.285531,-0.28007	0.070753,0.13322,0.18647,0.205094,0.200739,0.1925,0.179234,0.193362,0.245047,0.200216,0.240168,0.15292,0.165888,0.182999,0.163584,0.195949,0.215792,0.23503,0.205007,0.217917
-0.0520749,-0.0553108,-0.0866999,-0.0981854,-0.0944032,-0.094641,-0.0990291,-0.0884313,-0.137564,-0.0886347,-0.103317,-0.0744461,-0.0824597,-0.102025,-0.094021,-0.0838808,-0.110105,-0.0963819,-0.0870588,-0.0928176	0.141968,0.132481,0.122753,0.124795,0.123015,0.127457,0.114669,0.127198,0.0796233,0.138004,0.128554,0.147066,0.127644,0.12025,0.123941,0.128569,0.123917,0.123769,0.132076,0.140147	-0.192619,-0.186425,-0.207247,-0.220281,-0.214922,-0.219451,-0.211299,-0.21323,-0.214834,-0.2239,-0.228832,-0.219113,-0.207915,-0.219582,-0.215451,-0.210183,-0.230872,-0.217556,-0.216644,-0.229973
-0.393299,-0.428623,-0.462918,-0.484197,-0.468923,-0.476708,-0.453559,-0.466784,-0.501032,-0.50156,-0.50215,-0.459452,-0.452039,-0.477874,-0.468242,-0.477662,-0.490826,-0.510853,-0.504159,-0.508124	-0.0163207,-0.000668752,-0.00152764,-0.00919521,-0.00972085,-0.00380211,-0.000380541,0.0014705,-0.0159441,-0.0170951,-0.00868578,-0.00471465,-0.000752362,-0.00457838,-0.00545291,-0.00363751,0.00500356,-0.0104548,-0.0229179,-0.0039035	-0.379414,-0.428077,-0.461717,-0.477126,-0.461305,-0.473765,-0.453257,-0.467933,-0.488994,-0.488655,-0.495626,-0.455724,-0.451441,-0.474333,-0.463973,-0.474849,-0.494615,-0.503085,-0.486867,-0.505223
-0.163724,-0.172822,-0.158868,-0.149602,-0.144248,-0.160176,-0.147212,-0.14582,-0.140024,-0.17327,-0.14301,-0.169881,-0.159331,-0.156776,-0.163099,-0.148278,-0.144814,-0.159745,-0.175267,-0.168556	0.0340009,0.0268189,0.0231646,0.0234088,0.0218058,0.0210195,0.0245866,0.0325557,0.0173741,0.0266315,0.0235053,0.0280825,0.029471,0.0340725,0.0367527,0.0350472,0.0400321,0.0230967,0.0208255,0.0299769	-0.19663,-0.19872,-0.181365,-0.172407,-0.165533,-0.180587,-0.171179,-0.177533,-0.157016,-0.198983,-0.165957,-0.197023,-0.187919,-0.189835,-0.19866,-0.182378,-0.18378,-0.18217,-0.195379,-0.197535
-0.397942,-0.431996,-0.469234,-0.48862,-0.476403,-0.482024,-0.462164,-0.47562,-0.509105,-0.502208,-0.507694,-0.467432,-0.461123,-0.485011,-0.477476,-0.480753,-0.503608,-0.513784,-0.508403,-0.515197	-0.0114777,-0.00467116,0.00257956,-0.00715918,-0.00639786,-0.000775905,-0.000246179,0.00152819,-0.0170021,-0.00328056,0.000543326,-0.00349772,-3.65363e-05,-0.00831736,-0.0104499,-0.00510752,-0.00159955,-0.00409076,-0.0189777,-0.00397275	-0.388238,-0.428188,-0.471244,-0.483151,-0.471442,-0.481428,-0.46197,-0.476802,-0.496399,-0.499751,-0.508097,-0.464694,-0.461094,-0.478624,-0.469368,-0.476816,-0.502413,-0.510766,-0.494193,-0.512273
-0.0609475,-0.0683544,-0.0463913,-0.0517769,-0.0530081,-0.0525067,-0.0482984,-0.049626,-0.0727601,-0.0723667,-0.0530958,-0.0794365,-0.0483166,-0.0714122,-0.060467,-0.059316,-0.0645796,-0.0697645,-0.0742925,-0.0506028	-0.272045,-0.327811,-0.359111,-0.390054,-0.378318,-0.378453,-0.358428,-0.371811,-0.429789,-0.39974,-0.416612,-0.364532,-0.34689,-0.387512,-0.3648,-0.386836,-0.40934,-0.423242,-0.405865,-0.402841	0.214656,0.265403,0.318018,0.34525,0.331968,0.332555,0.315593,0.328241,0.368554,0.337125,0.37174,0.293597,0.303662,0.325097,0.311197,0.335212,0.354122,0.364232,0.341881,0.359568
0.255997,0.283401,0.261343,0.279656,0.262692,0.250235,0.275619,0.283622,0.304183,0.263589,0.275705,0.299793,0.272348,0.27906,0.283203,0.284824,0.270909,0.313022,0.305882,0.310064	0.250273,0.263813,0.25717,0.263579,0.258164,0.240141,0.26921,0.279911,0.301725,0.257787,0.275099,0.297427,0.269294,0.268275,0.274713,0.26763,0.267403,0.304491,0.294553,0.300152	0.00611621,0.0211711,0.00447327,0.0173568,0.0048568,0.010739,0.00692333,0.00403118,0.00270579,0.00622464,0.000655018,0.00259738,0.00329583,0.011658,0.00920633,0.0186126,0.0037802,0.00942978,0.0124504,0.0109284
-0.296588,-0.341297,-0.376849,-0.404824,-0.395876,-0.398898,-0.381532,-0.39374,-0.439555,-0.412243,-0.43637,-0.378,-0.367595,-0.398203,-0.383612,-0.399387,-0.423314,-0.432819,-0.421184,-0.422759	-0.0863272,-0.086902,-0.0590298,-0.0678343,-0.0654888,-0.0721914,-0.068771,-0.0686263,-0.0766189,-0.0800984,-0.0660014,-0.0878763,-0.0645675,-0.0796696,-0.0810553,-0.0772055,-0.0719287,-0.0752723,-0.0911719,-0.0709849	-0.215785,-0.262171,-0.32505,-0.346505,-0.33918,-0.336394,-0.321188,-0.334142,-0.375585,-0.343487,-0.381352,-0.300092,-0.310394,-0.328969,-0.312267,-0.332432,-0.36242,-0.369587,-0.343191,-0.362657
-0.0613945,-0.062557,-0.0659842,-0.0631315,-0.0496352,-0.071951,-0.0811142,-0.0511254,-0.0659784,-0.0632312,-0.0551957,-0.0401982,-0.0515896,-0.0468215,-0.0631436,-0.0648225,-0.0586359,-0.0607009,-0.0697889,-0.0573478	-0.635295,-0.656425,-0.657449,-0.668032,-0.645304,-0.658974,-0.684221,-0.633419,-0.683717,-0.656908,-0.639243,-0.652433,-0.660676,-0.662859,-0.671989,-0.648314,-0.63363,-0.654727,-0.65111,-0.640082	0.597193,0.619299,0.618287,0.631535,0.615379,0.616241,0.638546,0.601781,0.646922,0.619405,0.605408,0.628724,0.630579,0.635769,0.635825,0.609088,0.597182,0.618611,0.608994,0.60494
-0.0432402,-0.0697341,-0.0496542,-0.0615316,-0.0467221,-0.0630142,-0.0549229,-0.0473725,-0.0567481,-0.0607625,-0.0561057,-0.057462,-0.0425132,-0.0387065,-0.0494098,-0.0621149,-0.059563,-0.0554311,-0.0517643,-0.0534863	-0.786378,-0.810455,-0.810964,-0.822931,-0.811513,-0.818405,-0.821987,-0.807304,-0.830879,-0.826755,-0.816708,-0.820435,-0.818252,-0.818243,-0.823441,-0.813712,-0.809262,-0.826406,-0.823179,-0.8219	0.769296,0.785092,0.793252,0.80201,0.794931,0.796466,0.803331,0.79015,0.812438,0.806508,0.797128,0.800722,0.803696,0.805032,0.806859,0.791608,0.787666,0.807988,0.805749,0.803747
0.0155852,0.00662345,-0.00669935,0.0025187,0.0180567,0.012715,0.00325669,0.0228979,0.00252575,0.0121977,-0.0028087,0.00959702,0.0221519,0.0139649,0.00304511,0.0268751,0.0115484,-0.0091384,0.0139702,0.0114986	-0.59321,-0.620404,-0.616885,-0.62383,-0.608236,-0.619969,-0.63917,-0.591836,-0.655895,-0.612985,-0.606323,-0.616768,-0.624018,-0.6205,-0.632402,-0.594516,-0.58216,-0.617411,-0.61564,-0.597433	0.603218,0.624462,0.612718,0.625366,0.619489,0.627736,0.641092,0.606514,0.657332,0.620543,0.604544,0.622679,0.637359,0.629014,0.634226,0.611619,0.589744,0.611724,0.624241,0.604777
0.00952098,-0.0222428,-0.0057449,-0.0134873,-0.00777182,-0.0111151,-0.0133402,-0.000695417,-0.011407,-0.00276803,-0.0060895,0.00441068,-0.00524599,-0.0084448,-0.000713373,-0.010836,-0.0013573,-0.0154172,-0.00255854,-0.00729172	-0.741155,-0.773344,-0.77402,-0.789138,-0.777286,-0.784961,-0.790177,-0.770736,-0.802676,-0.788283,-0.78318,-0.783129,-0.783326,-0.785851,-0.786854,-0.778574,-0.772577,-0.793481,-0.786307,-0.783889	0.745416,0.764247,0.771707,0.783995,0.774191,0.780657,0.785112,0.770453,0.79858,0.787232,0.780814,0.784828,0.781291,0.782599,0.786582,0.77427,0.772029,0.7877,0.785328,0.781062
0.00142781,-0.00342097,-0.00695026,-0.00648551,0.0128511,-0.00160044,0.00886522,0.0162141,-0.00126335,0.0161618,-0.00515205,0.0146391,0.00820746,0.015138,0.0109068,0.0168651,0.0153538,-0.00150958,0.00842893,0.0179355	-0.595479,-0.620515,-0.611583,-0.617984,-0.600554,-0.615955,-0.632885,-0.589496,-0.654962,-0.604577,-0.598536,-0.611775,-0.622538,-0.610053,-0.626783,-0.590117,-0.581144,-0.608686,-0.615449,-0.596051	0.596399,0.618407,0.607214,0.613959,0.608707,0.614961,0.638169,0.599976,0.65424,0.614732,0.59522,0.620854,0.627539,0.61947,0.63336,0.601,0.591223,0.607735,0.620659,0.607492
0.015357,0.00138424,-0.0141965,-0.0219952,0.00718977,-0.0169635,-0.00486669,-0.00875122,-0.0227438,-0.00436469,-0.00730456,0.00142337,0.000669666,0.000235803,0.00345694,-0.00241239,-0.0039083,-0.0170475,-0.00831373,-0.0135954	-0.4255,-0.463321,-0.485056,-0.504776,-0.48878,-0.500423,-0.472662,-0.490535,-0.513471,-0.519752,-0.514579,-0.487451,-0.482451,-0.480874,-0.486637,-0.487444,-0.498182,-0.523683,-0.521869,-0.530949	0.437995,0.464407,0.474124,0.488202,0.494233,0.487599,0.468874,0.483861,0.496526,0.516559,0.509188,0.488535,0.482965,0.481055,0.489271,0.485602,0.495238,0.511199,0.515793,0.521115
-0.0484491,-0.0627619,-0.0641865,-0.0975017,-0.0633465,-0.0680472,-0.0839247,-0.0606884,-0.0879602,-0.0695273,-0.058555,-0.0572903,-0.0568007,-0.0873095,-0.0729103,-0.0610381,-0.0622525,-0.0661039,-0.0611061,-0.0710638	-0.0493653,-0.0663104,-0.0483719,-0.0787648,-0.0681424,-0.0735268,-0.0711842,-0.0509416,-0.100329,-0.0555463,-0.0588028,-0.037407,-0.0609518,-0.0549797,-0.060094,-0.0403302,-0.03911,-0.0466438,-0.0728962,-0.0625578	0.000918343,0.00356334,-0.0158638,-0.0188819,0.00481668,0.0055072,-0.0128171,-0.00977698,0.0124791,-0.0140352,0.000248644,-0.019926,0.0041655,-0.0324858,-0.0128727,-0.020759,-0.023199,-0.0195202,0.0118429,-0.00854396
0.0444263,0.0266285,0.0301312,0.0163511,0.0322595,0.0208215,0.0382878,0.0375126,0.014926,0.0278618,0.0200195,0.0481572,0.0283947,0.0258762,0.0266449,0.0450135,0.0323508,0.0276847,0.0259847,0.0355706	-0.326654,-0.375241,-0.387829,-0.416022,-0.409904,-0.417263,-0.384796,-0.398821,-0.434918,-0.431586,-0.440789,-0.394604,-0.3908,-0.389659,-0.391575,-0.395463,-0.412328,-0.433048,-0.431425,-0.430334	0.365772,0.397894,0.413133,0.429452,0.436393,0.434311,0.416941,0.429902,0.446943,0.453988,0.456778,0.434504,0.414594,0.411388,0.413901,0.432773,0.438825,0.455275,0.452339,0.45888
-0.141702,-0.142237,-0.150784,-0.182962,-0.162683,-0.163033,-0.157688,-0.148394,-0.13854,-0.160379,-0.150365,-0.151438,-0.151391,-0.175467,-0.153756,-0.156422,-0.137399,-0.151958,-0.129972,-0.140891	-0.11076,-0.11112,-0.101324,-0.117339,-0.123295,-0.121958,-0.113753,-0.106045,-0.130489,-0.11078,-0.109117,-0.106531,-0.118844,-0.102514,-0.11597,-0.0992256,-0.0976408,-0.100161,-0.11675,-0.112672	-0.0314357,-0.0316167,-0.0502273,-0.0670632,-0.0401945,-0.0419086,-0.0447374,-0.0430266,-0.00819865,-0.0504966,-0.0419364,-0.0456438,-0.033144,-0.0742897,-0.0384723,-0.058098,-0.0402987,-0.0525975,-0.0134258,-0.0286739
-0.424419,-0.451997,-0.4832,-0.499,-0.480598,-0.489115,-0.467676,-0.483787,-0.492097,-0.52006,-0.510523,-0.488721,-0.469368,-0.491419,-0.480455,-0.493506,-0.501105,-0.522513,-0.511199,-0.522575	-0.00636803,-0.00748728,-0.0200486,-0.0215261,-0.00946232,-0.0258552,-0.00924675,-0.00901024,-0.023462,-0.0210621,-0.0250676,-0.00466453,-0.00571777,-0.00816716,0.00365524,-0.0155653,-0.00927923,-0.0199224,-0.025886,-0.0194832	-0.419184,-0.44602,-0.467682,-0.482659,-0.473288,-0.469193,-0.46042,-0.476856,-0.474109,-0.504525,-0.491749,-0.485162,-0.464898,-0.485199,-0.483262,-0.481641,-0.494123,-0.507877,-0.491821,-0.508267
-0.0642446,-0.0833972,-0.0908384,-0.0864186,-0.0728406,-0.0847451,-0.0674377,-0.0714103,-0.0756409,-0.0860696,-0.0802963,-0.0678073,-0.0861629,-0.0801674,-0.0809107,-0.065471,-0.0701119,-0.0868592,-0.0930101,-0.0983194	0.039562,0.0196723,0.00665022,0.0118833,0.0200957,0.00199129,0.0146881,0.0207586,0.010127,0.0206154,0.00827148,0.0246459,0.0211999,0.0283499,0.0418528,0.0229023,0.0245059,0.010448,0.017776,0.0153237	-0.103543,-0.102901,-0.0974298,-0.0982011,-0.0928004,-0.0867217,-0.0820446,-0.0920325,-0.0857022,-0.106496,-0.088509,-0.092299,-0.107167,-0.108271,-0.122349,-0.088241,-0.0944555,-0.097219,-0.110603,-0.113472
-0.450009,-0.4843,-0.50916,-0.534816,-0.513728,-0.52357,-0.495501,-0.511086,-0.51267,-0.540282,-0.537635,-0.511526,-0.499623,-0.525645,-0.506712,-0.524102,-0.524406,-0.546685,-0.531912,-0.542359	0.00141918,-0.0113122,-0.0155527,-0.0194346,-0.00532511,-0.0239017,-0.00792755,-0.00875903,-0.0247397,-0.00566735,-0.0177861,-0.00378774,-0.00605784,-0.0116166,-0.00231247,-0.0169936,-0.0176593,-0.0156695,-0.0236468,-0.0208835	-0.45114,-0.475594,-0.497547,-0.520794,-0.509797,-0.506,-0.489497,-0.504586,-0.494198,-0.536257,-0.524868,-0.508724,-0.495063,-0.517187,-0.504991,-0.511666,-0.511483,-0.535604,-0.51474,-0.52745
0.0696954,0.0541067,0.0556415,0.0402103,0.0483457,0.0544707,0.0618022,0.0600484,0.0192689,0.0534406,0.0408743,0.0647526,0.0562355,0.039712,0.0553479,0.0597748,0.0435135,0.0389838,0.042481,0.0568063	-0.291585,-0.336174,-0.36448,-0.394525,-0.378266,-0.37443,-0.359881,-0.374342,-0.407265,-0.403803,-0.410909,-0.379004,-0.351513,-0.388922,-0.36488,-0.384798,-0.403726,-0.422879,-0.395923,-0.403501	0.354085,0.383309,0.411771,0.427947,0.418951,0.420328,0.412508,0.42484,0.423213,0.447585,0.444321,0.433127,0.399845,0.422115,0.411909,0.434577,0.439518,0.454372,0.431152,0.449993
0.194957,0.221451,0.220491,0.218987,0.221592,0.203069,0.238261,0.246592,0.318417,0.2192,0.248442,0.252168,0.230383,0.228797,0.249554,0.236303,0.262082,0.28142,0.280989,0.286746	0.234055,0.263755,0.262252,0.278811,0.275533,0.260368,0.277338,0.28677,0.344079,0.263502,0.299693,0.284156,0.27595,0.280686,0.28098,0.281875,0.282592,0.32221,0.311549,0.311615	-0.0409682,-0.0449284,-0.0443244,-0.0637143,-0.0574485,-0.0604979,-0.0418417,-0.043235,-0.0288189,-0.0470177,-0.0553737,-0.034457,-0.0486605,-0.0554496,-0.0337959,-0.0488243,-0.0221509,-0.0448576,-0.0334916,-0.0273095
-0.340416,-0.382008,-0.40522,-0.444003,-0.423799,-0.427882,-0.40213,-0.417612,-0.431166,-0.438181,-0.452761,-0.407663,-0.39609,-0.42813,-0.404685,-0.428814,-0.428097,-0.455531,-0.430464,-0.438752	0.0489194,0.0393916,0.0451138,0.028802,0.0407555,0.0395669,0.0464929,0.0443704,0.0176963,0.0531086,0.0324636,0.06109,0.0441509,0.0370604,0.0365602,0.0441724,0.041083,0.0377189,0.0294198,0.0391267	-0.382958,-0.415153,-0.442249,-0.466835,-0.456667,-0.459667,-0.440389,-0.453578,-0.445464,-0.480117,-0.478196,-0.457363,-0.432675,-0.457924,-0.434812,-0.464194,-0.461071,-0.484918,-0.454132,-0.469814
0.0365838,0.0353473,0.0105714,0.00842561,0.030552,0.0145975,0.0206233,0.0153284,0.00519651,0.0255452,0.0210265,0.0296408,0.0211487,0.0187972,0.0266145,0.0289214,0.0272683,0.0109791,0.0173842,0.0141785	-0.397238,-0.434479,-0.457929,-0.477409,-0.466252,-0.47204,-0.442272,-0.466586,-0.487224,-0.491684,-0.489374,-0.466115,-0.460261,-0.462041,-0.461176,-0.459222,-0.473195,-0.498105,-0.494369,-0.504478	0.427607,0.46272,0.466243,0.483888,0.489827,0.483308,0.458711,0.478493,0.491177,0.510813,0.505202,0.489,0.476768,0.476698,0.481876,0.481745,0.494088,0.506316,0.507393,0.514973
-0.05378,-0.0631014,-0.0584065,-0.0945731,-0.0693885,-0.0704826,-0.0813601,-0.0693777,-0.0852178,-0.0721981,-0.0549814,-0.059533,-0.0645673,-0.0906665,-0.0709923,-0.0707851,-0.0653713,-0.059447,-0.0653531,-0.073514	-0.0202171,-0.0379908,-0.0182088,-0.0498604,-0.0453575,-0.040775,-0.0355556,-0.0263385,-0.0715166,-0.026323,-0.0326488,-0.0187478,-0.0382671,-0.0334825,-0.0316251,-0.0100027,-0.0109263,-0.0183365,-0.0407274,-0.0348333	-0.0335994,-0.0251709,-0.0402405,-0.0449245,-0.0241069,-0.0297932,-0.0459374,-0.043118,-0.0137852,-0.0459624,-0.0223728,-0.0408307,-0.0263653,-0.0573581,-0.0394557,-0.0608255,-0.054484,-0.0411553,-0.0246914,-0.03878
0.0375145,0.0358124,0.0315946,0.0220499,0.0348153,0.0250898,0.0425216,0.0359244,0.0196686,0.0277334,0.0218654,0.0437493,0.029567,0.0289661,0.0257981,0.0481661,0.0316012,0.0336605,0.0256692,0.037228	-0.300843,-0.348364,-0.361563,-0.390779,-0.387304,-0.389683,-0.355558,-0.376714,-0.410376,-0.406252,-0.415938,-0.375924,-0.368841,-0.370146,-0.367041,-0.369117,-0.389383,-0.40749,-0.404022,-0.404771	0.334581,0.379442,0.388717,0.409302,0.416503,0.410757,0.39215,0.407128,0.426601,0.42915,0.433858,0.412883,0.39411,0.394878,0.389154,0.409994,0.415867,0.435181,0.425281,0.435438
-0.135939,-0.134823,-0.141296,-0.17248,-0.162088,-0.154978,-0.15404,-0.150191,-0.132132,-0.160465,-0.142246,-0.152016,-0.148826,-0.175484,-0.151871,-0.15671,-0.138907,-0.145105,-0.128196,-0.142971	-0.0784206,-0.0800315,-0.0682869,-0.0851579,-0.0979525,-0.0858708,-0.0755406,-0.0790848,-0.100146,-0.0788908,-0.0804362,-0.0856276,-0.0928325,-0.0786919,-0.08511,-0.0655471,-0.0675499,-0.0692184,-0.0820721,-0.08288	-0.0581379,-0.0553894,-0.0737208,-0.0886233,-0.0651698,-0.0700389,-0.079424,-0.0719611,-0.0324154,-0.08262,-0.0625247,-0.0672643,-0.0567779,-0.0981475,-0.0676353,-0.0921089,-0.0720334,-0.0766567,-0.046614,-0.0608115
-0.415141,-0.437351,-0.467746,-0.483814,-0.471741,-0.476164,-0.455793,-0.475253,-0.478053,-0.506762,-0.494342,-0.475952,-0.462827,-0.482226,-0.466764,-0.485027,-0.489312,-0.505076,-0.500148,-0.510294	0.0146417,0.0251019,0.00416569,0.00770272,0.0131373,0.00437827,0.0152342,0.0142275,0.00264525,0.00783767,0.00266301,0.0224303,0.0136634,0.0102142,0.0261523,0.015168,0.0209972,0.00702942,-0.000569518,0.00687349	-0.427186,-0.457431,-0.470994,-0.489692,-0.481892,-0.479543,-0.467779,-0.486193,-0.480091,-0.512564,-0.496351,-0.493118,-0.473496,-0.490027,-0.486971,-0.496542,-0.505119,-0.510293,-0.49972,-0.51536
-0.0655098,-0.0724579,-0.0858383,-0.0788578,-0.0674606,-0.0775905,-0.0607058,-0.0685198,-0.0691502,-0.0817614,-0.0750685,-0.0668194,-0.0818201,-0.0749074,-0.0779143,-0.0591911,-0.0674592,-0.078746,-0.0886036,-0.0920001	0.0554901,0.0450227,0.0245164,0.0332151,0.036878,0.0248313,0.0331856,0.0377799,0.0294076,0.0416008,0.0286541,0.0443202,0.0357732,0.0411941,0.0583508,0.0451174,0.0466642,0.0298238,0.0361587,0.0346998	-0.120562,-0.117099,-0.110123,-0.11178,-0.10408,-0.102225,-0.0937026,-0.106025,-0.0983578,-0.122944,-0.1035,-0.110812,-0.11725,-0.115744,-0.135648,-0.104031,-0.113765,-0.108315,-0.124364,-0.126297
-0.436155,-0.466743,-0.493504,-0.517006,-0.502965,-0.50597,-0.484585,-0.500337,-0.496936,-0.526357,-0.521102,-0.499635,-0.488592,-0.515898,-0.494722,-0.51171,-0.513012,-0.530858,-0.519754,-0.53166	0.0233518,0.0233385,0.00953662,0.011567,0.0184094,0.00838982,0.0185186,0.0157285,0.00244244,0.0247017,0.0114577,0.0247435,0.0146743,0.00803335,0.0216083,0.0157642,0.0141698,0.0125751,0.00276049,0.00724293	-0.454874,-0.4848,-0.500685,-0.525431,-0.516591,-0.512186,-0.498629,-0.512036,-0.498773,-0.543986,-0.529399,-0.517975,-0.499684,-0.521769,-0.510869,-0.523253,-0.523377,-0.539829,-0.521766,-0.536836
0.0625255,0.0612201,0.0557815,0.0442519,0.0499853,0.0567047,0.0645801,0.0576659,0.0232419,0.0523987,0.0416835,0.0599585,0.0559556,0.041833,0.0532038,0.0624143,0.0424706,0.0440202,0.0419476,0.0579372	-0.288073,-0.326015,-0.35118,-0.382207,-0.370942,-0.366119,-0.350056,-0.370845,-0.396148,-0.395495,-0.396965,-0.371586,-0.34774,-0.380888,-0.35531,-0.380853,-0.396199,-0.407701,-0.388069,-0.394575	0.344396,0.379657,0.399143,0.419366,0.413265,0.414224,0.40547,0.419539,0.415563,0.4388,0.431508,0.42214,0.39599,0.416091,0.400935,0.432975,0.43141,0.443757,0.423128,0.442398
0.189302,0.217063,0.217256,0.214976,0.211422,0.198328,0.228754,0.234593,0.31145,0.20636,0.243355,0.23975,0.221514,0.2168,0.238604,0.22482,0.249559,0.273091,0.271674,0.272661	0.219556,0.252766,0.257667,0.267967,0.260509,0.246676,0.269874,0.269775,0.334229,0.250843,0.291296,0.272763,0.258384,0.267434,0.272836,0.263572,0.271161,0.316763,0.298336,0.299608	-0.0315657,-0.0377756,-0.0428079,-0.0562302,-0.0519483,-0.050835,-0.0438254,-0.0375594,-0.0254261,-0.0469111,-0.0515994,-0.0353223,-0.0391075,-0.0537512,-0.0366166,-0.0411928,-0.0231697,-0.0478082,-0.0290135,-0.0293436
-0.331976,-0.367973,-0.392296,-0.429667,-0.415695,-0.414526,-0.393655,-0.411309,-0.418599,-0.430419,-0.438612,-0.401344,-0.387942,-0.42112,-0.397176,-0.420577,-0.42176,-0.44183,-0.421336,-0.430816	0.0421131,0.047803,0.0458635,0.0337301,0.0428185,0.0430348,0.0510195,0.042746,0.0219675,0.0519972,0.0336673,0.0565259,0.0447132,0.0401068,0.0354592,0.0478554,0.0398508,0.0430762,0.0295858,0.0411937	-0.368931,-0.408589,-0.430415,-0.456777,-0.450495,-0.449541,-0.43592,-0.446209,-0.436552,-0.471856,-0.465407,-0.447713,-0.425278,-0.453566,-0.426626,-0.45919,-0.45398,-0.47585,-0.44537,-0.463779
-0.409376,-0.42989,-0.458505,-0.458439,-0.460473,-0.464511,-0.432477,-0.460749,-0.453724,-0.496521,-0.492335,-0.467992,-0.449971,-0.455325,-0.451658,-0.471586,-0.479431,-0.496413,-0.489591,-0.495824	-0.0207066,-0.00890812,-0.0071603,-0.000810299,-0.0165101,-0.00992195,-0.00478359,-0.00117281,-0.00220535,-0.0170476,-0.0182713,-0.00594516,-0.00612819,-0.00818398,0.000528325,-0.0133638,-0.00555911,-0.00376182,-0.0181504,-0.00649867	-0.391992,-0.4226,-0.452832,-0.457799,-0.447364,-0.456694,-0.42858,-0.459824,-0.451971,-0.483567,-0.478367,-0.463336,-0.44507,-0.448813,-0.452078,-0.461129,-0.475139,-0.493573,-0.475667,-0.490907
-0.100077,-0.104794,-0.114251,-0.0991417,-0.0981782,-0.101192,-0.097706,-0.099597,-0.0870024,-0.106951,-0.0958034,-0.103543,-0.108981,-0.100428,-0.101693,-0.0995898,-0.0948655,-0.107098,-0.112556,-0.123407	0.0291345,0.0191419,0.017898,0.0288489,0.0153758,0.0152655,0.0197324,0.028621,0.0270956,0.0240159,0.0141988,0.0240617,0.0216396,0.0295303,0.0406517,0.0255031,0.0286284,0.0234546,0.0246044,0.026266	-0.128835,-0.123688,-0.131879,-0.127626,-0.113383,-0.116277,-0.117212,-0.127854,-0.11383,-0.130631,-0.109853,-0.127287,-0.130313,-0.129574,-0.141759,-0.124776,-0.123159,-0.130226,-0.136781,-0.14919
-0.378662,-0.418369,-0.43825,-0.449065,-0.438886,-0.44849,-0.419651,-0.441791,-0.445733,-0.470809,-0.472148,-0.439601,-0.429141,-0.44012,-0.434545,-0.450501,-0.46283,-0.476811,-0.476148,-0.481411	-0.0135392,-0.0123699,-0.00122365,0.00284581,-0.011876,-0.00656726,-0.00293283,0.000181255,-0.00240868,-0.00138482,-0.0100511,-0.00500152,-0.00656815,-0.0110647,-0.00552001,-0.0139746,-0.0131645,0.00165446,-0.0150096,-0.00726637	-0.367004,-0.408111,-0.437261,-0.451334,-0.429248,-0.443228,-0.417232,-0.441937,-0.443801,-0.469731,-0.464301,-0.435557,-0.423767,-0.431155,-0.430056,-0.439292,-0.452422,-0.478088,-0.464458,-0.475809
0.0287422,0.0295876,0.0266709,0.0243483,0.0184769,0.0355434,0.0254408,0.0240625,0.00527873,0.0274731,0.0224064,0.01948,0.0303181,0.0140435,0.0297215,0.016924,0.0127715,0.0123362,0.0184859,0.023739	-0.272103,-0.308854,-0.338942,-0.348593,-0.353477,-0.34609,-0.322753,-0.350856,-0.367452,-0.375172,-0.388084,-0.359396,-0.328282,-0.345404,-0.329113,-0.362088,-0.380808,-0.396738,-0.371269,-0.37363	0.29851,0.335377,0.362337,0.369802,0.36954,0.376996,0.345358,0.371779,0.372009,0.398537,0.406952,0.376242,0.355067,0.357712,0.355359,0.376703,0.391675,0.407082,0.387098,0.393876
0.322206,0.345101,0.352652,0.373111,0.360044,0.345405,0.37168,0.372183,0.423252,0.35591,0.376855,0.380536,0.361614,0.376124,0.376431,0.371406,0.380096,0.407043,0.388051,0.399981	0.259743,0.300901,0.300022,0.339028,0.30669,0.299042,0.330098,0.317134,0.394148,0.301646,0.327114,0.309953,0.304383,0.330395,0.320966,0.312033,0.318662,0.3529,0.344597,0.349457	0.0681682,0.0493214,0.0588572,0.0390191,0.0599773,0.0517025,0.0473966,0.0624164,0.0349319,0.0607912,0.0567356,0.0800212,0.0643089,0.0522179,0.0630864,0.0671553,0.0699001,0.063225,0.0501614,0.0587343
-0.257118,-0.303036,-0.32417,-0.347102,-0.337835,-0.340235,-0.318171,-0.339655,-0.358856,-0.35569,-0.376217,-0.328623,-0.311719,-0.328115,-0.316887,-0.347736,-0.357621,-0.378469,-0.364474,-0.368876	0.00429642,0.0122552,0.0138184,0.0113172,0.00792627,0.0173894,0.00768357,0.00629418,0.00294043,0.0235411,0.0116848,0.0123898,0.0149573,0.00939898,0.00914847,-0.00172997,0.00779869,0.00895726,0.00368696,0.0037877	-0.261126,-0.314124,-0.336481,-0.357016,-0.344838,-0.355521,-0.325059,-0.345211,-0.361415,-0.376082,-0.386204,-0.33963,-0.325161,-0.336477,-0.325093,-0.346214,-0.364404,-0.386118,-0.367667,-0.372144
0.115356,0.121627,0.127344,0.112017,0.106016,0.121453,0.111593,0.112413,0.0870292,0.120486,0.106226,0.112107,0.125459,0.106169,0.119123,0.107058,0.0996332,0.111282,0.119602,0.133816	0.159071,0.146959,0.149008,0.139936,0.132544,0.14324,0.133453,0.140122,0.114325,0.156467,0.132991,0.140004,0.150697,0.13979,0.157359,0.141152,0.130155,0.135911,0.156075,0.163219	-0.0445318,-0.0257926,-0.0220835,-0.0283638,-0.0269062,-0.0221729,-0.022191,-0.0281527,-0.0275698,-0.0366723,-0.0271487,-0.0283418,-0.0257249,-0.0341271,-0.0389668,-0.0346168,-0.0309227,-0.0250069,-0.0371669,-0.0300591
0.555961,0.59874,0.612455,0.632433,0.616813,0.61641,0.614938,0.62899,0.659141,0.631426,0.645301,0.629528,0.614113,0.631282,0.628827,0.631259,0.643534,0.667249,0.657287,0.667141	0.562049,0.596173,0.616858,0.635444,0.620071,0.618819,0.616487,0.629624,0.658918,0.642699,0.651167,0.630225,0.614107,0.629473,0.624275,0.630601,0.638014,0.670814,0.659642,0.666787	-0.00885512,0.00399154,-0.00707583,-0.00503356,-0.0052766,-0.00389485,-0.00249467,-0.00104957,0.000394616,-0.018973,-0.0101174,-0.00115454,9.66743e-06,0.00300037,0.00749382,0.00109392,0.00936604,-0.00645461,-0.00415597,0.000638666
0.139859,0.139691,0.139883,0.131141,0.125534,0.130905,0.121702,0.129792,0.114884,0.146583,0.122097,0.137497,0.142875,0.141273,0.149633,0.130625,0.135451,0.133189,0.146333,0.153465	0.100739,0.111296,0.121705,0.105525,0.101364,0.111394,0.100768,0.101985,0.0867791,0.121525,0.101372,0.109683,0.117148,0.104537,0.106248,0.0952764,0.0981991,0.111594,0.111594,0.123103	0.0396784,0.0288438,0.0184928,0.0259752,0.0244811,0.0198001,0.0211935,0.0281798,0.0283878,0.0255126,0.0209844,0.0282396,0.0261648,0.0372861,0.0440865,0.0357944,0.0377539,0.021921,0.0353162,0.0309466
-0.476078,-0.52328,-0.539209,-0.568366,-0.550844,-0.547051,-0.55084,-0.564151,-0.604624,-0.559738,-0.588204,-0.55849,-0.539472,-0.558436,-0.556038,-0.567211,-0.574413,-0.60665,-0.590485,-0.599813	-0.0280797,-0.021407,-0.0153872,-0.0161803,-0.0129593,-0.0219425,-0.0222571,-0.0225239,-0.00335339,-0.0045911,-0.0131903,-0.00790151,-0.0182931,-0.00581411,-0.0260023,-0.0227825,-0.00643017,-0.00479141,-0.0182808,-0.025135	-0.454069,-0.507559,-0.528204,-0.557311,-0.541752,-0.531489,-0.535144,-0.548598,-0.602492,-0.556577,-0.57951,-0.553028,-0.526373,-0.554422,-0.537812,-0.551556,-0.570088,-0.603613,-0.578449,-0.583474
