bushbuck	eland	giant_eland	311296	312543	1.65864e+06	2.08942e+06	1.85156e+06	1.63938e+06	743340	504372	1.64062e+06
bushbuck	eland	greater_kudu	688992	607051	920244	1.57135e+06	1.85346e+06	1.72452e+06	1.25816e+06	1.62234e+06	1.64258e+06
bushbuck	eland	lesser_kudu	1.24569e+06	551201	557726	1.25391e+06	1.85373e+06	2.33737e+06	1.2474e+06	2.54166e+06	1.64288e+06
bushbuck	eland	mountain_nyala	612839	855347	856572	1.67677e+06	1.84853e+06	1.39596e+06	1.6757e+06	1.60476e+06	1.63847e+06
bushbuck	eland	nyala	1.12827e+06	717151	583797	1.38784e+06	1.84509e+06	2.04649e+06	1.52119e+06	2.38973e+06	1.63537e+06
bushbuck	eland	sitatunga	573019	806133	868820	1.46512e+06	1.85364e+06	1.40969e+06	1.40241e+06	1.55782e+06	1.6428e+06
bushbuck	giant_eland	greater_kudu	717465	634367	909055	1.56903e+06	2.08908e+06	1.72217e+06	1.29434e+06	1.89749e+06	1.63907e+06
bushbuck	giant_eland	lesser_kudu	1.27337e+06	578532	559209	1.25213e+06	2.08943e+06	2.33422e+06	1.27146e+06	2.80359e+06	1.63938e+06
bushbuck	giant_eland	mountain_nyala	640877	881892	888364	1.67441e+06	2.08359e+06	1.39408e+06	1.66811e+06	1.83606e+06	1.63509e+06
bushbuck	giant_eland	nyala	1.15606e+06	744226	606991	1.38592e+06	2.07979e+06	2.0438e+06	1.52314e+06	2.6289e+06	1.63196e+06
bushbuck	giant_eland	sitatunga	597258	828786	895468	1.46309e+06	2.08931e+06	1.40777e+06	1.39648e+06	1.7911e+06	1.63929e+06
bushbuck	greater_kudu	lesser_kudu	1.16269e+06	550327	552531	1.25372e+06	1.57135e+06	2.33689e+06	1.25156e+06	2.18151e+06	1.72452e+06
bushbuck	greater_kudu	mountain_nyala	573469	897557	803336	1.67647e+06	1.56695e+06	1.3957e+06	1.7708e+06	1.33709e+06	1.71978e+06
bushbuck	greater_kudu	nyala	1.03563e+06	706483	606708	1.3876e+06	1.56426e+06	2.04608e+06	1.48737e+06	1.99318e+06	1.71694e+06
bushbuck	greater_kudu	sitatunga	575371	890362	742238	1.46485e+06	1.57129e+06	1.40944e+06	1.61294e+06	1.40443e+06	1.72443e+06
bushbuck	lesser_kudu	mountain_nyala	528546	1.46366e+06	521602	1.67678e+06	1.25034e+06	1.39597e+06	2.61885e+06	1.25728e+06	2.33108e+06
bushbuck	lesser_kudu	nyala	620750	901068	656053	1.38784e+06	1.24844e+06	2.04649e+06	1.63286e+06	1.21317e+06	2.32681e+06
bushbuck	lesser_kudu	sitatunga	508547	1.43614e+06	503384	1.46512e+06	1.25385e+06	1.40969e+06	2.39782e+06	1.25904e+06	2.33728e+06
bushbuck	mountain_nyala	nyala	1.32457e+06	673369	596791	1.38401e+06	1.66936e+06	2.04119e+06	1.4606e+06	2.39718e+06	1.38999e+06
bushbuck	mountain_nyala	sitatunga	600106	590127	1.05064e+06	1.46132e+06	1.6767e+06	1.40588e+06	1.00077e+06	1.22628e+06	1.3959e+06
bushbuck	nyala	sitatunga	651839	1.29457e+06	560872	1.4584e+06	1.38778e+06	1.40367e+06	2.19213e+06	1.47874e+06	2.0464e+06
eland	giant_eland	greater_kudu	1.55417e+06	365740	324253	1.33548e+06	793331	1.72654e+06	1.37697e+06	2.02321e+06	538096
eland	giant_eland	lesser_kudu	2.45054e+06	275032	246868	1.32434e+06	793487	2.71352e+06	1.35248e+06	2.99713e+06	538178
eland	giant_eland	mountain_nyala	1.52988e+06	358332	365319	1.7788e+06	791214	1.70807e+06	1.77182e+06	1.9557e+06	536702
eland	giant_eland	nyala	2.30051e+06	285932	282242	1.61488e+06	789696	2.55024e+06	1.61857e+06	2.80798e+06	535628
eland	giant_eland	sitatunga	1.47025e+06	350926	355799	1.48712e+06	793434	1.65733e+06	1.48236e+06	1.90787e+06	538150
eland	greater_kudu	lesser_kudu	1.50313e+06	515047	509352	1.32605e+06	1.33739e+06	2.71628e+06	1.33176e+06	2.33117e+06	1.72838e+06
eland	greater_kudu	mountain_nyala	802653	816017	712229	1.78096e+06	1.33367e+06	1.70969e+06	1.8847e+06	1.4241e+06	1.72325e+06
eland	greater_kudu	nyala	1.38548e+06	552774	587466	1.61678e+06	1.33082e+06	2.55269e+06	1.58208e+06	2.12884e+06	1.71998e+06
eland	greater_kudu	sitatunga	791566	860717	633007	1.48892e+06	1.33734e+06	1.65896e+06	1.71662e+06	1.4959e+06	1.72828e+06
eland	lesser_kudu	mountain_nyala	544515	1.54327e+06	529490	1.78131e+06	1.32231e+06	1.70997e+06	2.79495e+06	1.33731e+06	2.70875e+06
eland	lesser_kudu	nyala	689857	840710	716839	1.61709e+06	1.32026e+06	2.55316e+06	1.74098e+06	1.2933e+06	2.70383e+06
eland	lesser_kudu	sitatunga	514343	1.5718e+06	501455	1.48923e+06	1.32619e+06	1.65922e+06	2.5595e+06	1.33908e+06	2.71667e+06
eland	mountain_nyala	nyala	1.42112e+06	577303	639516	1.61238e+06	1.77279e+06	2.54576e+06	1.55019e+06	2.55429e+06	1.70172e+06
eland	mountain_nyala	sitatunga	602489	657981	1.07983e+06	1.48549e+06	1.78123e+06	1.65442e+06	1.06363e+06	1.30382e+06	1.70988e+06
eland	nyala	sitatunga	546684	1.44817e+06	592867	1.48191e+06	1.61701e+06	1.65139e+06	2.33727e+06	1.57083e+06	2.55304e+06
giant_eland	greater_kudu	lesser_kudu	1.49154e+06	518203	540613	1.35228e+06	1.37696e+06	2.99657e+06	1.32991e+06	2.32789e+06	2.02322e+06
giant_eland	greater_kudu	mountain_nyala	789574	851372	740644	1.77149e+06	1.37315e+06	1.95537e+06	1.88216e+06	1.42208e+06	2.0172e+06
giant_eland	greater_kudu	nyala	1.37245e+06	578493	616848	1.61826e+06	1.37028e+06	2.80745e+06	1.5799e+06	2.12588e+06	2.01345e+06
giant_eland	greater_kudu	sitatunga	779932	895491	663121	1.48207e+06	1.37691e+06	1.90755e+06	1.71431e+06	1.49372e+06	2.0231e+06
giant_eland	lesser_kudu	mountain_nyala	546049	1.57859e+06	559129	1.77182e+06	1.34852e+06	1.95571e+06	2.79115e+06	1.33544e+06	2.98829e+06
giant_eland	lesser_kudu	nyala	690405	865219	745293	1.61857e+06	1.34633e+06	2.80799e+06	1.73852e+06	1.29148e+06	2.98277e+06
giant_eland	lesser_kudu	sitatunga	515583	1.60471e+06	530864	1.48237e+06	1.35242e+06	1.90788e+06	2.55603e+06	1.33717e+06	2.997e+06
giant_eland	mountain_nyala	nyala	1.45634e+06	602931	668780	1.61393e+06	1.76345e+06	2.79987e+06	1.54811e+06	2.5509e+06	1.94638e+06
giant_eland	mountain_nyala	sitatunga	628931	682273	1.0987e+06	1.47866e+06	1.77175e+06	1.90231e+06	1.06211e+06	1.3019e+06	1.9556e+06
giant_eland	nyala	sitatunga	570106	1.47911e+06	619935	1.47508e+06	1.6185e+06	1.89882e+06	2.33419e+06	1.56867e+06	2.80785e+06
greater_kudu	lesser_kudu	mountain_nyala	535252	1.43572e+06	525953	1.88471e+06	1.32785e+06	1.4241e+06	2.79438e+06	1.33711e+06	2.32456e+06
greater_kudu	lesser_kudu	nyala	658498	849653	691134	1.58208e+06	1.32572e+06	2.12884e+06	1.74063e+06	1.29308e+06	2.31999e+06
greater_kudu	lesser_kudu	sitatunga	531051	1.36624e+06	523848	1.71662e+06	1.3317e+06	1.4959e+06	2.55896e+06	1.33888e+06	2.33109e+06
greater_kudu	mountain_nyala	nyala	1.30518e+06	599623	627211	1.57747e+06	1.87588e+06	2.12291e+06	1.54992e+06	2.55379e+06	1.41735e+06
greater_kudu	mountain_nyala	sitatunga	615360	547748	1.19638e+06	1.71202e+06	1.88462e+06	1.49165e+06	1.06341e+06	1.30357e+06	1.42404e+06
greater_kudu	nyala	sitatunga	604134	1.24406e+06	615586	1.70825e+06	1.582e+06	1.48884e+06	2.33679e+06	1.57056e+06	2.12877e+06
lesser_kudu	mountain_nyala	nyala	680194	722048	907742	1.73589e+06	2.78181e+06	1.28953e+06	1.5502e+06	2.5543e+06	1.33134e+06
lesser_kudu	mountain_nyala	sitatunga	436336	438477	1.92743e+06	2.55252e+06	2.79485e+06	1.33513e+06	1.06363e+06	1.30382e+06	1.33725e+06
lesser_kudu	nyala	sitatunga	708576	668663	878628	2.54712e+06	1.74091e+06	1.33314e+06	2.33727e+06	1.57084e+06	1.29325e+06
mountain_nyala	nyala	sitatunga	513473	1.76991e+06	497175	1.05838e+06	1.55011e+06	1.29778e+06	2.33119e+06	1.56639e+06	2.55419e+06
