-42144562.817048
-42053767.737129
-41691925.271613
-42042010.635510
-41999107.421959
-42376319.917222
-42186519.824014
-41620806.537271
-42254187.020836
-41594171.951629
-42206718.974055
-42155239.002996
-41559576.189795
-41973162.660993
-42024677.000813
-41803534.377719
-42299212.463596
-41873645.939693
-41594749.935058
-41602750.436841
-41898233.276664
-42164962.459376
-41928383.891641
-42109286.300703
-41852771.692012
-42029607.662300
-42036547.899387
-42183934.496947
-42253584.909428
-41649014.685207
-42027330.131943
-42185551.095036
-41571039.458732
-41824254.226979
-42226940.814985
-41537755.121020
-42071568.175109
-42128475.860702
-42028432.943787
-42222523.178581
-41858062.275197
-41723048.413295
-42234890.961546
-41588064.788802
-42007760.979754
-42227477.375016
-42370838.451261
-41756500.224829
-41619463.000338
-42288601.781187
-41738858.493576
-42330334.312200
-41827532.918432
-41895918.374463
-42169029.515453
-42099877.605763
-42271178.313579
-41987239.109057
-41956311.033844
-41605790.792573
-42070923.244396
-41648067.958344
-41940606.239010
-41835152.073567
-42378098.306926
-41760720.349959
-42232580.811874
-41855322.000005
-41667735.970836
-41982612.395370
-41685423.148648
-42195895.826391
-42169869.830777
-42096514.415635
-42059219.094068
-41580330.238050
-41609821.833970
-41592984.056753
-42123149.051922
-42121056.287512
-42213702.377009
-42085716.754627
-41684624.219612
-42178846.761758
-42227554.437787
-41516607.434748
-41890296.718607
-42126437.429188
-41539226.632088
-42186887.393787
-41954170.536086
-41617327.984486
-42240409.782304
-42321428.941648
-42039985.034291
-41588389.357124
-41914999.598796
-42106713.394212
-42021541.666175
-42146660.326350
