-40229200.325675
-40864188.545571
-40150584.136735
-40538897.937992
-40228561.753007
-41109425.306210
-40447024.576845
-40356923.820655
-40724649.568347
-40186107.909111
-40798722.268916
-40139232.740416
-40463840.828912
-40145021.736281
-40903960.202494
-40757236.690695
-40532279.361050
-40203032.291137
-40374847.317183
-40597377.950596
-40791858.975688
-40420174.406507
-40427069.784844
-40615201.023892
-40214347.641163
-40425962.135795
-40347557.105337
-40349159.411715
-40134260.531850
-41008080.069445
-40998442.473752
-40202553.135185
-40439089.851954
-40188500.847145
-40709062.525374
-41065893.327449
-40566067.806938
-40112784.912953
-40350123.203303
-40239624.227793
-40867116.521496
-40321606.088974
-40500989.515701
-40517670.249676
-40630071.865196
-40988897.403112
-40147980.244080
-41031973.141901
-40991252.638492
-41293123.856787
-40525735.878874
-40682094.698406
-40163538.362522
-40528334.965432
-40454767.812097
-40256363.443431
-39982663.631575
-40199503.248797
-40618641.138766
-40161793.176807
-40804925.822756
-40199671.420108
-40148668.105389
-40741071.770902
-40364217.031678
-40245893.083763
-40284973.671967
-40682697.948140
-40774226.062123
-40932630.057888
-40190554.982462
-40465160.429973
-40148170.247219
-40578363.342637
-40788945.755576
-40516674.317252
-41350145.715485
-41134473.024314
-40597258.111376
-40648992.036769
-41240871.179006
-40696993.775178
-40175713.038556
-40463525.225921
-41095460.514467
-40333621.500528
-40616543.811957
-40240324.155822
-40233982.217599
-40405261.415433
-40787985.267061
-40220867.057886
-40587738.648688
-40238390.314580
-40715516.565645
-40214253.607948
-40659943.482712
-40593101.006224
-40190284.164011
-40292069.049331
