-39159365.029696
-38972007.530880
-39289558.644862
-38768249.805950
-38933129.197134
-39106814.450253
-39082103.755408
-39147926.555985
-38882508.837537
-38864409.968782
-39402612.394124
-39381961.573528
-38935042.035227
-39186091.864513
-39152246.069253
-39099187.467973
-39008241.432760
-38937496.072402
-39358567.177034
-38990764.544690
-39162952.167609
-39534780.825918
-38913059.564043
-38792861.137877
-39453499.261201
-39106648.019772
-39327098.479216
-38966120.475014
-39621259.407289
-38904488.060451
-39198759.350532
-39836356.198662
-39372167.342584
-39003492.475443
-39311918.989854
-39220225.911090
-39392586.952058
-39700699.962047
-38709636.407367
-39604203.093488
-39443816.365063
-39010766.804552
-39801750.180644
-39190489.906105
-39941859.627252
-39327501.486147
-38859254.620338
-39166527.416649
-38783253.577244
-39260388.532121
-39060092.660023
-39114635.490355
-39922782.683922
-39176751.348687
-39062207.799445
-39212736.595234
-39295238.071760
-39401573.930036
-39321172.909642
-39466976.687088
-39449404.863876
-39131519.653886
-39235019.811331
-39572400.917422
-39242146.351050
-39266979.450833
-39108902.573477
-39288797.527515
-38978794.835710
-39581845.487567
-39398404.062890
-38801246.957978
-39193470.063100
-39141250.259301
-38816421.850219
-38971189.070628
-38791204.636663
-39874266.443925
-39515387.783932
-38951500.413930
-39184809.150166
-39013995.991352
-39380348.958092
-38943054.186522
-39617120.478209
-38751552.293931
-39245719.397703
-39158993.214296
-39194483.987986
-39902814.355885
-39322784.969548
-39697153.604636
-39710870.330847
-39271889.156405
-38915854.673296
-39411357.891344
-39414423.816334
-39336577.457363
-39548505.622183
-39145865.188144
