-38375256.700847
-38478958.875144
-38463464.184515
-37792428.058155
-38183889.068799
-38574235.862766
-38044655.849467
-38149877.208748
-38638093.052726
-37786593.639902
-37759901.876742
-38285692.755141
-38302864.541531
-38090465.395794
-37805338.159738
-37943871.387089
-37781399.916707
-38471657.968758
-38258956.750715
-38054011.348524
-37438008.094932
-37786749.411249
-37807777.552179
-37752938.106828
-38280146.793272
-37880684.366480
-37794005.633801
-38321737.825760
-38380132.700304
-38356534.401534
-38497840.626942
-38258037.902335
-38270296.624465
-37682623.643482
-38126051.119012
-38241143.702460
-38576004.792042
-38740856.773075
-37956683.061625
-38226623.389077
-38344758.086369
-38470112.626990
-38624937.837111
-38067284.772156
-38208365.280294
-38301461.251005
-38019865.145006
-38015265.682223
-37854306.084061
-37766475.269938
-39087195.123543
-38502810.949055
-37882759.601527
-38379821.530645
-38051134.332031
-39013054.326974
-38218307.462925
-37997269.665899
-38252771.452388
-38529475.605886
-37407873.649007
-37995455.839606
-38477651.971323
-38202245.489129
-38038305.510637
-37632085.916074
-38578404.090761
-37704860.475217
-38267696.315275
-38391550.565095
-38183632.171667
-38315401.345008
-37851025.648906
-38585061.664484
-37800185.550608
-38207569.894307
-38442458.936680
-38366759.813555
-38171162.363560
-38193405.946466
-37854079.047411
-38165472.922321
-38513389.138554
-38198440.735427
-38550884.396539
-38514724.758035
-38214753.737934
-38998474.375288
-38331519.143406
-37936965.929049
-38149372.601194
-38730472.493549
-38427463.068542
-38552799.113371
-38256477.946333
-37872405.069586
-38163035.310037
-38558937.761993
-38112539.262457
-38201760.705504
