-37403109.609705
-36913341.816109
-37557931.166497
-36716571.145109
-37292480.904041
-36897372.457742
-37823215.490102
-36816646.108899
-37174166.152083
-37108618.595686
-37278557.386770
-37163522.985951
-36819132.411409
-36702296.025698
-36775421.657141
-37204252.573253
-37253020.370507
-37521080.747699
-37189918.619781
-37646704.701001
-37177519.555768
-37047276.467416
-36832404.587610
-36726218.557328
-37120825.682857
-36637248.484794
-37346706.992544
-36952720.572900
-36991336.728207
-37586474.197907
-36811945.968371
-36816981.552577
-36932746.655314
-36569000.791256
-37543330.289906
-37467467.779205
-37396131.648948
-36601472.768308
-36888133.565505
-36967175.593444
-37205492.053845
-37313545.706737
-37200803.193904
-37420223.744802
-37699069.000306
-36773077.916252
-37809356.783752
-36589680.780203
-37768339.993102
-37098071.700192
-36995350.243105
-36967794.186795
-37232550.499347
-36993867.831622
-37458370.697307
-36992293.623260
-36898391.939553
-37371893.043809
-37083762.602878
-37594160.075365
-37394255.296086
-36938117.845914
-37010038.515429
-36866241.779470
-36774574.438970
-36998823.530570
-37064111.213697
-37346654.979461
-36777389.107282
-36700140.819026
-37389985.109268
-37042318.426514
-36977721.620711
-37581188.162442
-37293868.012961
-37820754.488995
-37044347.613350
-37157702.525958
-37033705.030754
-37231946.063671
-37220180.638244
-37283287.186452
-36867639.178628
-36854445.919427
-36966633.411413
-36926794.010632
-36567031.651790
-37535467.943078
-37320834.055773
-37312723.549822
-36980149.405362
-37304760.082892
-37312604.913577
-36835250.760361
-37320962.085743
-37374203.118975
-37097071.367889
-36918487.941121
-36808813.893151
-36956594.447817
