-36371945.894616
-36561805.238062
-36481771.441713
-36023563.467100
-36191859.777827
-36053460.784279
-35993780.736292
-36776403.453533
-36008906.543383
-36197919.662713
-36220302.419488
-35834603.402828
-36636318.967833
-36143410.050243
-36166133.756206
-36245530.319382
-36158281.926675
-36599225.809784
-36506978.655629
-36028239.931938
-36119985.813184
-36329102.884112
-36365840.910474
-36359949.442870
-36159255.677968
-36245611.721925
-36348587.446420
-36199851.299018
-36205828.059582
-36352377.408579
-36136624.208377
-36420567.637945
-35754921.012795
-36585180.132998
-35774336.776611
-35946516.072141
-36864182.792015
-36591729.065817
-36310236.688290
-35929276.287969
-36372834.054665
-35987404.052380
-36624344.537569
-36347659.999037
-36451895.750585
-35946224.413589
-36669885.106883
-36088584.118422
-36002580.164466
-36144862.006485
-36063545.459764
-35918548.290644
-36479417.957421
-36227872.477840
-36551591.810538
-36463087.991721
-35933733.747119
-35873578.319434
-36422023.905126
-36141654.746507
-36432894.090324
-36168375.688613
-36820167.577265
-36249602.173518
-36360272.110258
-35737469.520136
-36666519.965275
-36221439.201124
-36658003.042694
-36431721.171840
-36459960.483485
-36438079.215933
-35845149.485495
-35892554.706026
-36478469.682508
-36217877.214804
-35694393.972519
-35990369.254655
-36115073.956799
-35803475.664248
-36792606.617906
-35747252.981615
-36116461.815555
-36415788.114541
-36384313.028251
-36697390.058831
-36555870.396355
-36966689.476967
-36706359.071437
-36275508.609666
-36341567.813964
-36307063.668343
-35785961.996492
-36029663.203148
-35881357.879606
-36180697.743287
-36424800.163397
-35975840.894749
-36438781.127451
-36363763.897373
