-35117230.881613
-35541858.271175
-35278027.095944
-35477515.457515
-36037359.138447
-35619775.350302
-35344238.450586
-34993685.257084
-35340319.537891
-35143396.829330
-35298338.865180
-35254343.037006
-35199441.326510
-35445850.961372
-35658884.115977
-34940133.243548
-35552239.453550
-35421639.318756
-35054533.392546
-35285847.571570
-35318756.482391
-35512786.675014
-35774059.228016
-35155682.226352
-35283455.398359
-35611306.619661
-35189085.975392
-35730194.216791
-35296292.946377
-35264089.897658
-35992457.242814
-35356298.340848
-35536284.287006
-35550002.658146
-35780241.710031
-35727040.604873
-35660728.794948
-35449613.338253
-35361130.912061
-35112015.932164
-35153776.686035
-35164847.028677
-35648816.721501
-35286959.208937
-35515651.000535
-35295408.975905
-35143722.146017
-35757976.551260
-35219913.687417
-35064465.231064
-34999732.151023
-35619150.031653
-34996124.304729
-35923553.206997
-35147922.761299
-35577890.638064
-35388642.025907
-34821749.828680
-35695993.111730
-35308707.326315
-34824304.713498
-35777833.279984
-36089111.178676
-35486546.556086
-35133085.897210
-36040329.443284
-35518672.318352
-35312240.710555
-35578098.150068
-35244012.679608
-35446108.515435
-35639854.031426
-35519875.720920
-35473472.725899
-35734196.410492
-35912504.534493
-35430679.729460
-35932078.004512
-35576544.638103
-35508511.009897
-34972759.720290
-35285990.097007
-35506035.761285
-35555486.393334
-35195181.141989
-35972207.279202
-35350665.593356
-35426155.662737
-35207187.653350
-34806516.843751
-35813533.277483
-35512698.788127
-35503569.787977
-35636932.895810
-35382770.910020
-35831334.560709
-35627016.933693
-36199863.180185
-35308356.619809
-35296153.178238
