-2140202.994294
-2134499.492831
-2135232.750607
-2134760.234032
-2138341.631044
-2144859.849911
-2142539.787817
-2146033.720431
-2140154.274667
-2134508.616395
-2137682.737864
-2169114.233580
-2127152.821733
-2139505.836123
-2131201.662676
-2133848.545753
-2137051.162711
-2131677.679023
-2131195.733790
-2140701.637799
-2148637.575905
-2170373.339815
-2166604.171825
-2155121.460558
-2160660.485751
-2163595.913273
-2143610.574165
-2137062.277470
-2142799.243450
-2135022.469702
-2131193.641287
-2131907.111695
-2139567.471000
-2149564.240574
-2142284.012765
-2131201.351333
-2135222.701394
-2140063.694068
-2136117.570619
-2131897.990360
-2149848.692422
-2139236.285094
-2150257.589967
-2139966.654065
-2127153.605381
-2141835.907989
-2143459.241602
-2137615.260480
-2148076.096005
-2134415.410434
-2130076.613790
-2155164.145697
-2147467.123382
-2153056.774575
-2134032.756535
-2147429.172827
-2158385.069423
-2136719.705621
-2139182.386889
-2144576.030739
-2130538.902456
-2131900.745687
-2137599.039170
-2140204.163915
-2131195.439994
-2142059.151670
-2134252.245959
-2130077.954583
-2137370.027007
-2134274.676202
-2137528.482531
-2131193.522682
-2146277.890400
-2150287.795037
-2137597.138456
-2138426.975159
-2142755.930911
-2147031.701278
-2148607.995254
-2143196.981784
-2146294.977636
-2146116.333508
-2148617.928017
-2141320.917932
-2135416.877395
-2134033.019203
-2147574.177138
-2160087.665237
-2137347.148642
-2146272.917304
-2136920.240175
-2139997.248993
-2143252.155573
-2157373.936876
-2140518.119914
-2131193.916712
-2138727.895763
-2137757.395000
-2146116.670030
-2152949.248104
