-2095960.149139
-2091395.262800
-2095465.452749
-2107129.140487
-2098175.457648
-2097722.429622
-2098987.620412
-2090990.295588
-2106453.421660
-2101807.183657
-2086693.136398
-2096945.523557
-2099777.938800
-2112284.563459
-2094767.049863
-2106430.559303
-2116746.076972
-2084705.010157
-2091293.066612
-2091432.924768
-2092736.090884
-2103398.721731
-2092755.060790
-2096876.881111
-2105003.745356
-2087400.719588
-2096467.647254
-2096807.899695
-2096671.945889
-2090464.771181
-2090182.780583
-2093541.292245
-2114432.128723
-2089819.384798
-2092905.327095
-2103672.999376
-2103373.101520
-2088030.115967
-2094866.181679
-2121549.016894
-2101006.335879
-2114148.948973
-2092615.829326
-2117177.524756
-2095023.144638
-2124837.947908
-2090630.763927
-2098740.406162
-2104384.591548
-2106088.604021
-2095128.960075
-2087169.298595
-2088739.828698
-2099123.512516
-2092743.590391
-2096287.663334
-2096946.353159
-2101063.292682
-2097535.631658
-2124858.094429
-2117389.115946
-2098152.008588
-2092639.646520
-2110025.484420
-2102480.621000
-2103928.595697
-2102771.734171
-2094289.288129
-2103156.381496
-2090735.711381
-2087761.226784
-2111052.093520
-2090627.584989
-2092545.410887
-2097860.311889
-2096106.942895
-2097146.338567
-2105058.178994
-2132893.187475
-2093510.221832
-2101059.166424
-2105343.361075
-2092003.107301
-2124801.352312
-2106572.607758
-2107256.600103
-2099185.052588
-2093297.084425
-2090348.203899
-2107907.752422
-2104049.229879
-2089639.269135
-2100010.824674
-2105197.445353
-2095509.886375
-2103392.960051
-2105471.425141
-2100971.259669
-2115300.725225
-2097824.345575
