-329955160.698385
-329802716.009536
-331103800.287664
-329394943.489663
-330083830.763106
-329809171.412006
-330081652.079020
-331221082.976565
-329403228.108678
-330763660.290094
-329399470.901280
-329808423.901438
-329961976.715020
-329955153.435353
-329802713.383135
-329397737.630540
-329874986.927518
-329955153.318482
-329394949.546220
-329958085.177287
-329868034.181162
-329829344.618043
-330025519.196475
-329829355.552940
-330618728.601837
-329809252.003689
-329394962.797699
-329802724.866978
-329400499.578995
-329828086.619250
-329802712.265979
-330082546.449156
-329394945.416073
