-325322641.978418
-327733209.820210
-325990250.208850
-325317633.474774
-326388454.326359
-326006700.422404
-326499136.270446
-325467600.941159
-326093928.205786
-325574672.980591
-325317646.706679
-325317432.068188
-325868275.230618
-326060218.637982
-325322898.644978
-325325701.525419
-325481515.991002
-325868253.350025
-325324766.623977
-326004721.038275
-325444783.540601
-326014297.526045
-325325686.337179
-326535463.749665
-325317409.718361
-326042290.652297
-326009477.186793
-325556881.224326
-326044845.613582
-325317406.142786
-325317435.149756
-325943770.554370
-326232322.489066
-325868289.942597
-325868248.294636
-325993645.477164
-325990119.537764
-325868287.372786
-326129096.266273
-325382209.994534
-326005094.134310
-325569024.900335
-325333055.641788
-326042194.744746
-326118214.424908
-325317409.575002
