-322452308.430987
-321485233.864548
-321464699.581381
-321550922.282626
-322087651.894444
-323204082.929295
-321985854.211742
-321464698.581756
-321527178.863251
-321455332.474349
-321576288.722834
-322064367.026854
-321380937.200965
-321519558.261068
-321641720.480104
-321520607.525822
-321499282.321401
-321538379.273220
-322240279.426720
-321389213.473177
-321520272.134674
-322167178.344259
-321510172.643392
-321385351.217382
-321981461.097778
-321503025.461165
-321389228.706723
-321644678.661613
-321467611.843808
-321622574.675483
-322653136.708981
-322974397.086524
-321380924.020759
-321389212.663238
-321695610.822265
-321533925.910740
-321993560.176881
-322136933.599091
-321523067.534238
-322308770.030834
-322101988.981400
-321857790.438560
-321471791.911756
-321991355.217082
-322310877.642846
-322494030.934871
-321474365.313215
-321690953.931398
-323176455.097407
-321537700.724771
-321685781.713148
-322307953.555568
-321380914.381080
-321726004.274823
-321464296.879592
-321380915.978991
