-317702611.552854
-317701210.635742
-317602368.330236
-317657196.919503
-318258008.305642
-318612407.574713
-318117626.569115
-317672821.233931
-318843969.031170
-317601727.120788
-318000749.495101
-318102793.695721
-317671307.861374
-318823778.140808
-317595813.320536
-317609733.517551
-317663381.385339
-317600971.907780
-317751632.843534
-317595795.367075
-318285819.010516
-318838827.675123
-317595817.274129
-317678766.653899
-318012960.907686
-318156728.676063
-317526358.250339
-317690955.719971
-317535369.806221
-317665271.901005
-318238162.771940
-318121111.785512
-318221118.264826
-318434816.708777
-318316930.784126
-318288132.850456
-317733343.742601
-317700614.340736
-318979651.417164
-317952496.637846
-317689407.449053
-317595817.243998
-318276516.477995
-318575962.089664
-317688742.890990
-317985395.669558
-318647167.393932
-318837883.189891
-318114135.613653
-318625970.297071
-317781494.850968
-318192578.190667
-317648319.894807
-317664679.181622
-318448335.623483
-317660514.159164
-318177062.879808
-317532832.359541
-318306841.013530
-317548830.703941
-317681926.051995
-318516867.891922
-318198506.887757
-317665272.868038
-318126268.677495
-318154008.111386
-318017990.623217
-318136141.690675
-317604164.361986
-317595809.560500
-317609399.944524
-318285190.411906
-317600731.657739
-318181327.948246
-318300928.911950
-317595818.746077
-318229599.776793
-318353615.376102
-318574296.395010
-318224709.411872
-317844808.882179
-318823623.240553
-318722571.346316
-317614969.773241
-318128195.748237
-318368286.109453
-317850250.659989
-318793618.464584
-318266470.177252
-319213032.937423
-318128298.918030
-318111015.191463
-318411202.896847
-318048693.832131
-318427276.203939
-317670419.561950
-318212984.403613
-318253633.576225
-317689140.079215
-317660561.273315
