-68934269.749812
-68961918.189043
-69027167.544463
-69442168.196965
-69475795.125498
-68964514.915855
-69061912.412834
-69283943.862993
-69393307.319447
-69059012.102607
-68969813.530134
-68989218.902616
-68961918.463430
-69132948.608224
-68977846.406510
-68950063.835088
-68952118.542664
-68963486.437695
-69432326.500523
-68958418.478052
-69271681.860808
-69314067.590085
-69132950.111036
-69315217.043902
-69306994.137176
-68940642.242922
-68953966.105835
-69409154.173169
-68936683.528759
-69040148.580518
-69246898.050133
-68936918.428143
-68971620.899971
-69331304.212493
-69042651.214759
-68977096.901969
-68977851.781242
-68938021.765887
-69869248.191000
-69018606.897698
-68955733.224837
-68996311.299965
-69014871.502910
-69029346.074586
-69014868.648579
-68989438.224370
-69033811.455914
-69042854.617811
-68934083.035703
-69312625.928114
-68945462.862256
-69802675.425813
-68947435.089094
-69065512.229591
-69017646.985837
-69037116.790475
-69031226.346146
-68961921.987059
-69320667.677649
-68978371.857490
-68959389.863413
-68933957.318270
-68947256.888109
-68951702.148842
-68959170.594663
-69076883.415183
-68981171.878992
-68978624.695047
-68959382.616816
-69006834.773710
-69131904.530007
-68961371.492159
-68981965.721572
-68963960.080518
-69360627.059038
-69296563.254576
-69027024.102349
-69324136.790542
-69331771.255845
-68993402.555001
-68989239.987118
-68963351.660166
-68964860.285361
-69038106.644015
-68968361.337676
-68947255.393808
-69030850.048298
-68954404.932172
-68985628.002354
-69304465.222923
-69037423.229177
-68951109.049220
-69023259.404327
-69292156.867381
-68963958.670167
-69037470.506501
-69307309.802371
-68955662.952000
-68951264.017958
-69037859.339277
