-68468069.710626
-68066893.731226
-68253480.281375
-68126193.373782
-68053050.009940
-68061750.117373
-68056705.549210
-67976737.590241
-68053218.139643
-67990172.510345
-68157301.426384
-68111118.248313
-68027098.008605
-68259203.823275
-68001848.069222
-68423467.915063
-68040224.686441
-68131772.076459
-68126385.248338
-68068072.083085
-68122397.814099
-67978363.241988
-68055934.201430
-68092278.626025
-68099077.452145
-68158129.577904
-68164198.974133
-67961677.340340
-68136826.879071
-67979210.652516
-67995066.562593
-68108742.429867
-68084847.931756
-68002381.750694
-67956493.358196
-68055891.519410
-68034077.142240
-68006947.884457
-68071179.588749
-68196279.611550
-68016585.451902
-68049116.717125
-68128955.075806
-68265783.458416
-68003053.547597
-67996475.817701
-68044688.273389
-67972782.389392
-68070361.992994
-68130524.522033
-68049726.338521
-68070832.366586
-68038536.600405
-68074422.336770
-68082365.328256
-68090519.428169
-68036455.209934
-68390118.886868
-68010640.994998
-68232852.806648
-67982784.358264
-68029527.257467
-67985721.850529
-68020832.102078
-68039330.659123
-68151441.231902
-68001601.749933
-68095302.138883
-67986968.256397
-68405139.936117
-67995716.000602
-68169388.402649
-67962287.916290
-68121603.737400
-68045904.328119
-68028857.730139
-68383724.163697
-68023565.711471
-68466301.373770
-68205385.635683
-68037786.780048
-68092297.072474
-68303590.295646
-68060307.428134
-68035954.481897
-68122143.724946
-67991467.699820
-68015261.024480
-67971894.225548
-67997413.337070
-67977265.841928
-68136140.339830
-68040951.684792
-68105341.308100
-67966064.157373
-68041858.240460
-68022371.694457
-68190852.557951
-68415087.820011
-68142709.320625
