-67422765.427980
-67235926.514019
-67233917.248027
-67033883.243263
-67335793.309654
-67153296.550734
-67063288.435432
-67178124.863426
-67148232.815631
-67076542.321813
-67288486.839913
-67011739.492098
-67183531.214749
-67190462.531057
-67234653.748895
-67245540.798468
-67131395.464318
-67108805.298292
-67135591.932358
-67281698.831405
-67400148.446518
-67102270.272155
-67160584.935870
-67101779.824282
-67070165.859711
-67117598.805578
-67475405.401442
-67128736.991135
-67599988.876330
-67122744.677564
-67139027.441553
-67468422.700814
-67107537.930243
-67071945.948592
-67321715.307283
-67122345.181008
-67117961.704569
-67109955.877776
-67124091.634741
-67131521.778985
-67182723.955105
-67115704.345107
-67015232.306008
-67136535.877110
-67165122.722302
-67134929.645552
-67233420.053953
-67272114.827645
-67137486.158478
-67130645.372468
-67029910.413699
-67250160.359992
-67305162.353331
-67480028.661553
-67283219.265639
-67144616.619146
-67177358.551794
-67074206.788039
-67103272.562903
-66990388.710642
-67065060.493009
-67135203.403705
-67026246.037302
-67203741.053601
-67075477.921455
-67160079.812894
-67201822.014356
-67038319.078134
-67179742.619555
-67182687.976250
-67043010.037953
-67110142.726633
-67213460.182171
-67174929.359986
-67268471.615253
-67069727.889702
-67209973.240212
-67103397.030695
-67148055.560206
-67240183.717704
-67110978.681983
-67057284.053552
-67139307.429680
-67210120.056213
-67465958.768446
-67168089.634504
-67120613.767086
-67120001.623967
-67001543.829037
-66985361.505117
-67084109.161613
-67093863.062778
-67043617.861598
-67206592.659416
-67153591.827816
-67072363.542641
-67191759.978798
-66979274.629518
-67288145.394329
-67202061.367475
