-218385571.385279
-218860362.063552
-218383855.256349
-218383860.892943
-218671002.401409
-218860355.953969
-218385565.723963
-219066186.986414
-219080678.764798
-218385575.920102
-218385566.124760
-218385580.266146
-218385570.547203
-218385569.527171
-218420374.574532
-218383862.957217
-218383860.723107
-218385580.419164
-218860359.551165
-218860355.343351
-218670996.103055
-218525222.441234
-218860360.621410
-218670997.672763
-218670995.739661
-218525232.476828
-218435075.537888
-218385569.829862
-218525218.737930
-218385584.149457
-218860358.656463
-218385579.378274
-218435085.695075
-218385569.374050
-218385568.820957
-218420380.038251
-218670999.135296
-218385569.571656
-218385570.107542
-218420376.844061
-218420384.389569
-219146283.714107
-218860366.721931
-219086455.391578
-218671007.956857
-218435076.062071
-218420389.411766
-218860362.180079
-218383859.651900
-218383861.848984
-218385571.331980
-218670993.226287
-218670997.798874
-218385569.203167
-218385572.538276
-218435075.802071
-218383862.503800
-219451415.010254
-218860363.123264
-218385570.327690
-218525229.245645
-219189061.526338
-218385568.903792
-218860353.832780
-218383860.032146
-218385580.213468
-218670999.251302
-218383856.499439
-218383860.099771
-218383863.141254
-218383860.917371
-218525223.391169
-218385570.887976
-218397086.020488
-218385568.543304
-218525222.409971
-218670993.002566
-218385569.676302
-218525220.382789
-218385576.404541
-218525226.167577
-218525222.867120
-218860355.966616
-218525216.278439
-218435078.059136
-219086446.428270
-218383859.266344
-218385575.222454
-218397080.286635
-218385563.188049
-218385569.944619
-218385577.029092
-218383861.149207
-218525221.250991
-220037545.714097
-218670994.972794
-218435089.941314
-218385577.152537
-218385571.570612
-218525226.537638
