-211194798.805488
-211389291.654392
-213248897.108344
-211069622.753826
-211273064.586058
-210886621.297648
-212652868.302747
-211069605.859401
-211219137.595651
-211069608.159055
-211069603.507324
-211265142.266527
-211531920.633632
-211327919.862998
-211632221.421536
-211275062.283957
-211679633.937054
-211101559.484389
-211372464.862451
-212297342.997642
-211069627.224306
-212776501.412972
-211593189.135953
-211813880.971254
-211869029.124087
-211540686.678407
-211796758.608313
-211323042.753247
-211046609.086958
-211466506.476735
-210985127.904837
-211334657.955536
-211334336.233277
-211365780.989738
-211064209.384219
-211298652.944647
-211184328.187909
-211589805.501072
-211611081.910594
-211067455.680399
-211751434.866616
-212102830.289089
-212119366.173679
-211686289.250235
-211972627.755011
-211762521.234856
-211611716.691008
-211125271.808485
-211259259.777830
-211200595.173545
-210908108.165079
-210885625.275807
-211130101.414718
-212461460.474697
-211436626.271694
-211250758.252260
-211562106.908961
-211471044.644004
-211319690.805920
-211543765.410259
-211522616.729063
-211069610.874995
-212031805.487141
-211408256.121722
-211259105.308679
-212013196.255442
-211067450.414547
-211225992.371617
-211440663.268025
-211258989.864066
-211309889.094092
-212319117.735096
-211246921.948272
-211946347.046154
-211521690.017488
-211200597.378008
-210956578.175379
-211275040.493763
-211183513.583587
-211275050.788090
-211310794.196761
-212040766.402804
-211184042.965944
-211936641.756213
-211195995.481377
-211257113.388862
-211130088.744456
-211651759.607413
-211432319.068565
-211307569.255603
-210907121.375423
-211194820.328015
-211473641.619575
-211524167.699869
-211596952.057364
-211067447.117386
-211469643.536909
-211067470.666855
-211204079.334534
-210908128.844470
