-207749220.190808
-208097109.687104
-208223316.967576
-208411131.030395
-208507419.347651
-207691201.321416
-207661183.231787
-208947826.776496
-209077400.952832
-208554275.314131
-207599778.747706
-208036712.821164
-208309919.164878
-207895213.299679
-207835252.007134
-207657527.816989
-208552174.305836
-208865920.887083
-207948148.572595
-207659716.268126
-208783405.741080
-208091701.546639
-209446453.790083
-208579520.088607
-207913724.736312
-209680213.332794
-207497806.085775
-207657566.771208
-209045567.606318
-208603437.965648
-209245592.444352
-207947899.373150
-208352184.416520
-208615060.422363
-208549694.507515
-208480840.001363
-208204442.218286
-207819278.302785
-208640131.763934
-207840824.795232
-208540249.598775
-208142579.442457
-208838783.086377
-207876443.665170
-208595353.336196
-208445550.783943
-208908135.042383
-207697082.514231
-208792022.710249
-207520390.555236
-207804891.912677
-209200545.149168
-208665182.473201
-208072502.315455
-208389743.485307
-208403907.912681
-208565865.025098
-208490445.273455
-208810218.858342
-208076379.055143
-208532552.292716
-208038605.015319
-208196099.339758
-208484346.983933
-207520396.077213
-209075206.087844
-208744911.729863
-208057044.653466
-207668653.713018
-208905059.662016
-207661558.148435
-208740076.471301
-209481052.398837
-208443194.420943
-207581934.787805
-207483700.487525
-208877183.822641
-207485851.449245
-208989347.460735
-208246375.089461
-208305425.814052
-208163181.535423
-207907209.604476
-207809773.072472
-208732025.117653
-208740653.338955
-209329540.649123
-208525520.637551
-208466760.860108
-208496242.262563
-207665178.793361
-208210857.632550
-208696825.120735
-208287546.183423
-209252998.516910
-208930972.226939
-208573978.584787
-207765925.460811
-208607645.541905
-208022615.863834
