-205645606.544554
-205896574.019858
-205728658.060876
-205217486.791437
-204892398.515495
-204914174.241062
-205653593.439971
-204597067.517417
-205063718.500885
-206413467.401044
-205688162.181225
-205247130.419864
-205088189.238567
-205243573.616874
-205935990.508027
-206326443.674231
-205435497.638073
-205612813.015063
-204598812.959050
-205205285.877809
-205092155.219762
-205712367.185879
-206249023.095270
-205665991.174983
-204545061.143857
-204969703.013714
-206305730.157475
-206672185.315484
-204940502.650907
-204619866.238072
-204867231.530088
-204574185.761760
-205398245.935382
-205327246.730710
-205179690.523552
-206958060.017229
-205807409.119678
-205770690.761305
-205750310.930248
-206177282.289584
-204947707.989972
-205644635.960129
-205227611.689376
-205115023.998816
-204840477.603947
-205324831.385445
-205327856.182697
-205295610.754728
-205363979.627083
-205091700.183379
-204744042.068763
-204940986.868045
-205385702.618845
-205325439.524091
-205958411.959485
-205298060.028198
-205863017.980642
-205685316.626176
-205163369.993358
-205231179.763044
-205862894.365019
-205442435.467584
-205994985.569043
-206396471.600493
-205072973.010275
-205725682.704784
-205456263.753089
-204563651.573382
-206055325.657812
-205631812.499891
-205344833.856373
-206208432.620402
-205444721.907199
-205433796.164955
