0587
0588
0589
0590
0591
0592
0593
0594
0595
0596
0597
0598
0599
0727
0728
0729
0730
0731
0732
0733
0734
0735
0736
0737
0738
0739
0740
0741
0600
0601
0602
0603
0604
0605
0606
0607
0608
0609
0610
0611
0612
0613
0614
0615
0616
0617
0618
0619
0620
0621
0622
0623
0624
0625
0626
0627
0628
0629
0630
0631
0632
0633
0634
0635
0636
0637
0638
0639
0640
0641
0642
0643
0644
0645
0646
0647
0649
0650
0651
0652
0653
0654
0655
0656
0657
0658
0742
0743
0744
0745
0746
0747
0748
0821
0822
0823
0824
0825
0826
0827
0828
0829
0830
0749
0750
0751
0752
0753
0754
0755
0756
0757
0758
0759
0760
0761
0762
0831
0832
0833
0834
0835
0836
0837
0838
0839
0763
0768
0769
0770
0840
0841
0842
0844
0845
0846
0847
0771
0848
0849
0850
0851
0818
