-464083.601796
-470083.746359
-451291.427580
-426705.582952
-415267.038162
-407247.980575
-424775.461473
-431108.542937
-426929.898992
-408617.406613
-448786.426576
-449536.085102
-427065.166236
-421305.997749
-448176.710147
-407315.026855
-415868.715752
-449159.778150
-409928.674029
-434134.692367
-440158.233511
-469234.539559
-431304.995555
-456713.187063
-443934.079754
-411277.793844
(QN/Block)
-428903.947317
-427770.329682
-399426.763291
-417869.091892
-441104.821697
(QN/Block)
-470914.139574
-443917.394481
(QN/Block)
-458514.974200
-415439.977762
-423062.436575
-401561.212212
-431849.836923
-454905.300448
(QN/Block)
(QN/Block)
-396440.807499
-454446.501878
-479685.212166
-437379.350405
-423952.086481
-415390.883139
-461361.540154
-447489.615653
-397290.563710
-450611.810379
-450279.202131
