-15517282.217433
-15418494.382998
-15418497.695582
-15384618.463255
-15449178.737367
-15450313.439135
-15449846.321326
-15450312.024680
-15450313.707298
-15418494.465549
-15456986.770828
-15418501.394545
-15418493.183008
-15449842.806755
-15418499.003312
-15690456.065531
-15649760.212871
-15418497.337536
-15450312.561611
-15418494.249497
-15418492.972503
-15449179.673342
-15449178.628313
-15649759.055069
-15418494.678460
-15418496.042525
-15456985.122638
-15418492.977015
-15450311.985010
-15418493.335757
-15450312.047925
-15456988.796700
-15649761.321022
-15418493.174852
-15450312.101388
-15449842.732277
-15450317.041938
-15450312.182670
-15456986.202926
-15678962.354098
-15450313.146178
-15449843.005563
-15456986.625309
-15678966.532882
-15649761.771621
-15418494.904742
-15418495.127748
-15450312.442620
-15418493.014479
-15418496.915695
-15418497.210296
-15418495.473362
-15418493.098926
-15649759.037212
-15450316.338560
-15706186.247487
-15418493.158086
-15450313.563003
-15383068.092912
-15418495.208785
-15456986.772909
-15383067.542474
-15690457.575302
-15384621.923128
-15568932.533542
-15418494.001633
-15450312.642644
-15450313.693187
-15450312.414341
-15450315.725156
-15418505.115454
-15649763.490315
-15449178.901607
-15418493.233670
-15418499.242191
-15418495.752997
-15449178.477850
-15649763.061116
-15449178.800765
-15418495.835353
-15449842.723364
-15649758.904659
-15384624.042482
-15418492.966456
-15449181.162756
-15418493.850620
-15418497.408742
-15449178.479051
-15418494.307810
-15450313.706274
-15450312.022282
-15418495.363542
-15418492.993999
-15649758.945394
-15418494.147659
-15517281.651463
-15450312.592936
-15418492.976402
-15418493.808726
-15649758.952913
