-14819169.922564
-14561251.831721
-14553032.135965
-14665962.646586
-14850535.058917
-14611619.042915
-14640955.569049
-14665311.612989
-14667228.775824
-14555857.950034
-14613286.218948
-14670041.463591
-14726052.847961
-14725518.785445
-14804685.408046
-14674591.064312
-14661124.226528
-14668800.019749
-14668800.590208
-14564773.230547
-14660590.644325
-14613115.700166
-14613112.716682
-14553647.600070
-14723373.410547
-14836677.985509
-14561270.580164
-14729327.106305
-14732054.688761
-14550661.810067
-14729311.992559
-14706773.486011
-14566919.963092
-14550663.145245
-14642440.511278
-14673825.820945
-14668801.708152
-14613122.074671
-14674592.638339
-14613213.308876
-14673768.307213
-14894070.388606
-14642544.087288
-14671756.627525
-14668801.765339
-14725241.441671
-14613162.269651
-14563344.464868
-14613205.566176
-14664509.257430
-14553025.237518
-14671749.265725
-14571795.989671
-14566995.154253
-14652570.889297
-14722104.311609
-14705413.144817
-14693992.100850
-14675268.707841
-14571830.414383
-14693971.855208
-14640946.493377
-14731679.270925
-14731680.140641
-14676394.940956
-14550782.915217
-14660525.269659
-14754556.747613
-14853007.977595
-14611625.066491
-14611618.588180
-14839566.087512
-14901071.075042
-14761351.232340
-14563390.666122
-14891854.302926
-14611619.838853
-14695291.511480
-14750061.251727
-14566926.350852
-14671499.701263
-14672443.422201
-14663036.516913
-14642534.964485
-14613117.007576
-14611616.145603
-14664706.321231
-14652557.888345
-14671657.880003
-14613113.191444
-14730716.752723
-14640945.125100
-14613123.030743
-14830387.846404
-14613123.563688
-14668812.818108
-14562055.401071
-14662122.364657
-14640969.262184
-14613112.107760
