-14333108.554278
-14268020.525614
-14252688.891688
-14227825.003165
-14410158.515492
-14363919.222031
-14344449.729947
-14427878.640423
-14303417.182085
-14431941.304846
-14257517.214877
-14590041.494072
-14218486.127063
-14311379.533964
-14216246.299557
-14243237.681675
-14272320.693448
-14322039.018509
-14274974.409465
-14298027.905550
-14496668.003904
-14283550.888354
-14299036.352385
-14334691.016403
-14347609.650382
-14472604.579715
-14245982.198812
-14268045.116326
-14267033.178306
-14319602.225556
-14216247.651857
-14341808.374387
-14398871.355952
-14382563.426809
-14360112.642972
-14227079.581551
-14215980.008238
-14287229.088603
-14315503.292115
-14357106.431396
-14274860.668867
-14227088.089637
-14238454.130558
-14169282.163155
-14369320.829187
-14278540.608352
-14287051.046137
-14349029.332813
-14334818.024185
-14335472.938530
-14172799.343009
-14305776.056724
-14403231.884593
-14285048.888257
-14245578.773221
-14401688.575433
-14219095.502199
-14269816.970398
-14340172.407616
-14342048.088712
-14282688.620552
-14230783.030810
-14257173.534182
-14334606.594043
-14328087.294398
-14278806.216325
-14215837.970617
-14341652.270164
-14298551.152041
-14261571.016890
-14245177.022097
-14248869.026552
-14298000.871089
-14436532.379575
-14455290.697888
-14285948.072073
-14461102.237736
-14376451.767974
-14422692.226489
-14268447.867486
-14379138.396023
-14389426.699118
-14245935.453878
-14334969.370713
-14287845.024704
-14245570.598934
-14409889.632516
-14358163.746566
-14256402.620283
-14290969.846223
-14216240.420459
-14333276.529571
-14543235.172434
-14342853.180927
-14335922.643539
-14333108.179293
-14290756.523460
-14219723.901134
-14372377.054946
-14232414.622433
