-13947840.787579
-13938474.734710
-13951824.853323
-14051133.367517
-13935527.099603
-13974008.111867
-13988572.621323
-13979067.279064
-13892835.977093
-14016778.070360
-13833249.948400
-13964545.867013
-14089494.577572
-14039011.708027
-14112919.551030
-13992893.898496
-14061312.845612
-13895952.229418
-13940118.624480
-13983364.898651
-13985381.541927
-14001994.424495
-13859339.712105
-13887234.057192
-14019030.329139
-13836216.937584
-13956587.084094
-13881507.028322
-13956509.904801
-14156533.415451
-14103171.015697
-14178980.397276
-14064619.295243
-13874209.676616
-13966657.126445
-13967241.265104
-14066646.911848
-13832308.900792
-13904189.502532
-14187717.314690
-14120556.301317
-14154399.067440
-14001974.591601
-14015917.725512
-13882737.349865
-14231438.706542
-13884529.205729
-13994328.456811
-14080119.581637
-14044340.767640
-14123286.157307
-13833252.169850
-13834095.012702
-14052656.926138
-13958657.681966
-14094668.322360
-13960691.043117
-14008559.370024
-13997835.113784
-14220125.558601
-14135306.811139
-13985966.077463
-13891986.110663
-14000333.651630
-13973906.988689
-13996920.671779
-13999233.700751
-13949079.776940
-13833326.834911
-13925935.798440
-13832344.279122
-14102433.772303
-13926758.230018
-13890925.617065
-14203510.048643
-13948925.936386
-13964001.968403
-14073406.882515
-14039298.542757
-14008451.906839
-14023773.315440
-13947436.589486
-14095632.967633
-13998015.753828
-14022467.196526
-14182949.561886
-13976469.278871
-14143136.168416
-13877624.279630
-14023580.352217
-14040159.455132
-14009990.338128
-13991883.573695
-14072965.507208
-14028259.698155
-14066565.730581
-14080690.505449
-13957428.850591
-14027272.378432
-13934080.147315
