-216178351.386470
-215747296.097426
-215578042.811552
-216877475.645343
-215589085.081529
-215578037.423478
-215500258.493071
-215500236.634697
-215594640.803278
-215515739.337896
-215688683.038074
-215500216.814582
-215515766.240963
-215578035.290279
-216877499.463920
-217134232.429230
-215500250.693138
-215555593.762038
-215555557.066274
-215555556.578188
-215515750.024613
-215748195.373380
-215540124.025176
-215500208.954061
-215500245.944980
-215555564.097512
-215555560.854913
-215632111.997854
-215500225.103169
-215810255.648790
-215747318.306618
-216877512.526138
-215515735.874960
-215555565.553593
-215589104.854038
-224491915.936063
-215500210.899173
-215515764.930010
-215540113.253365
-215632106.131590
-215540117.741556
-216926714.268082
-216484008.395608
-216877490.580107
-215688692.120583
-216877466.979379
-215844312.371577
-215998278.717721
-215515802.687538
-216877454.842846
-215688685.352186
-215810231.790988
-215738476.452585
-215768974.174753
-215748194.050315
-216877463.901523
-215500233.280466
-215500263.152100
-215632159.109545
-215844342.897147
-215594707.952050
-216877494.354178
-215985765.903466
-215555547.256485
-215844324.299778
-215515775.233844
-215515738.200199
-215500245.025655
-215589087.488046
-215615151.648296
-215793421.081359
-215500280.055531
-216877469.495782
-215619398.395747
-215748190.545650
-215958642.616383
-215500220.725421
-215748184.982354
-215748198.748439
-215820594.667780
-215768966.238326
-215555543.440147
-215515745.327169
-215500244.818329
-215555562.331673
-215500227.217591
-215748191.775303
-216178568.834552
-215500235.047909
-215515755.158898
-215747320.472527
-215589097.546059
-215747345.501424
-216877466.226066
-216877489.005393
-215515742.273465
-215515736.090241
-215578056.621105
-215515774.618793
-215738446.262066
