-209574949.208285
-209893868.080671
-209770919.420850
-210325508.460494
-210444643.034253
-209574095.474952
-210006002.837967
-210227719.868751
-209574971.620173
-209770924.196982
-210676998.169488
-210685804.594466
-210470537.951284
-210349554.994679
-210470550.659543
-209574125.766197
-210722554.947385
-209574914.089923
-210400455.160510
-210576332.999742
-209966912.270779
-209770924.615703
-210325549.941484
-210406634.705735
-210641009.189055
-210396830.162799
-210325504.961281
-210396846.337863
-210445310.492136
-209575213.370316
-210402388.416841
-210238054.263262
-211887383.047091
-209574064.845930
-210626834.381130
-210325484.157116
-210020069.103940
-210894367.603926
-210466863.720892
-209770915.550861
-211010272.755778
-209770979.783041
-210325494.915687
-210396794.338285
-210408965.376973
-210445305.845102
-210408960.960951
-210741801.744249
-210927114.284363
-210470494.114862
-210549119.981986
-209574932.140882
-210868780.854635
-210445319.941417
-209770924.979080
-210325507.417791
-210390272.282592
-210685842.699163
-210632080.288215
-210641018.532662
-210396819.988794
-211436253.556449
-210470603.351286
-210470493.702169
-210349560.577427
-209990557.437392
-211576867.957872
-211705808.488044
-210376496.582457
-210360033.344148
-209770926.277702
-210701715.498870
-210470495.268149
-211142920.692296
-210549164.216310
-210396826.882178
-210788827.488094
-209574949.717375
-209574927.605482
-210614703.031184
-210396855.556415
-210641001.435928
-210291287.392808
-211006768.024920
-211613795.275142
-211116027.890674
-210396827.329591
-209950320.940184
-210396807.267193
-209574928.845371
-211333696.388059
-210408958.752292
-210685826.355461
-210396831.925915
-210481745.220594
-211407094.535050
-210437825.484755
-210481676.359020
-209574916.406715
-209875646.661609
