-204992687.940171
-204457863.620727
-205479760.808190
-206067378.900889
-205503978.013835
-205560666.820239
-205253161.972257
-206182500.037405
-206193277.462057
-206174245.628505
-204900704.231995
-205063776.249703
-204470037.037704
-204469997.345357
-205194360.964710
-205795199.231301
-205101247.578858
-205272285.712254
-204756408.581384
-204666918.623089
-205443576.954748
-204667293.959055
-205008597.199882
-206369177.722921
-204457808.920295
-204457789.284958
-205653420.358898
-205100573.714392
-205394616.628786
-205321619.159881
-204667123.934625
-205670232.792368
-205111216.205992
-204846099.435704
-204772213.920390
-205919424.688144
-205879601.855194
-206248818.785117
-204772213.109154
-204666844.098258
-208055431.995464
-204988398.358455
-206010784.207436
-205013345.365755
-204457877.193439
-205986122.208104
-204457842.341013
-205171330.406723
-204761341.400560
-204997413.292346
-204470020.855814
-205175262.546350
-205327239.913199
-205657827.395009
-204846140.187073
-205103608.899304
-205103497.244256
-206226096.855746
-204910681.717295
-204900349.436826
-205100571.748029
-204802259.931627
-207200325.007220
-205973030.282284
-206853791.336798
-204470060.605263
-205761829.492105
-204457934.473759
-205272219.833008
-204666812.731660
-205936747.564810
-204470055.571937
-205823259.918539
-205009017.033646
-205652744.850859
-205399415.357474
-205103446.614827
-205281070.217350
-206513413.414927
-205234348.440107
-204844577.860557
-204666937.846036
-204900335.830343
-206056573.719510
-204762611.434972
-205420694.256877
-205063746.367503
-205748988.805457
-205498221.583748
-204470149.974281
-205455964.514137
-205103422.317353
-204666824.032218
-205284094.455592
-205468959.562181
-206809619.422571
-204457814.717243
-205312824.650581
-204756414.375991
-205952989.987635
