-199931559.500970
-200898839.041683
-200371144.142192
-202007509.685067
-201684656.954732
-200201371.094628
-201534915.466400
-199854042.565627
-200763132.758821
-200929730.097755
-200286632.118562
-200342866.295974
-201264513.557499
-199910295.454971
-201966822.968820
-200580360.884542
-200021323.053979
-200654665.012611
-200335183.813830
-201176328.113267
-199656613.186867
-200001326.576331
-201006815.281718
-200384242.503150
-199936543.592757
-202123263.534711
-199937584.772011
-200160695.945581
-200990311.362466
-202036570.244477
-200496690.344884
-201114965.267815
-200280378.481091
-200894918.386601
-200071867.289313
-202150958.110972
-201533721.436502
-201169686.102295
-201286630.572581
-201125286.399173
-201102300.171589
-200337821.422045
-200780223.374535
-200950621.207008
-199983098.866211
-199657035.293586
-200073517.947396
-202893403.045351
-200868871.218679
-200393602.391086
-199916794.834159
-201694131.280415
-201109790.033285
-200764376.009452
-200500441.094487
-199722672.496529
-200584087.155049
-201256031.482166
-199887501.162838
-201772038.792856
-202248237.349076
-200226932.252947
-201001801.747801
-200892910.690477
-201255922.141376
-200899294.182085
-201540191.053332
-201313308.964245
-199658483.821511
-201081982.187271
-200663956.602681
-200331033.886441
-201639740.747191
-202658133.130132
-200689802.779461
-200502164.749569
-200342762.582990
-199918477.297712
-203072830.719484
-200905648.004150
-200075514.111029
-200226648.966370
-200067392.844694
-200411742.410069
-200963709.154116
-200870464.550903
-202247535.003764
-200411758.981229
-200422280.268641
-201184970.141113
-200056515.447223
-201128149.083556
-201283805.388739
-199912817.849849
-200889095.485192
-201716014.263855
-200496796.238679
-200226942.829038
-200273831.314659
-200003482.091013
