-196071773.665366
-195244225.617756
-196485645.679311
-196480189.772836
-196869155.520650
-195623696.852446
-198403683.070090
-195823672.900301
-196393475.409897
-196016396.627192
-197280852.065388
-196174722.764603
-196693451.846322
-195569236.442065
-196427773.921262
-196335510.595583
-196071715.865503
-196474431.183061
-195914667.493312
-196393699.238239
-196317331.309696
-196502086.836973
-195801882.085230
-197102632.047007
-196533970.461357
-195667202.861998
-195250475.338788
-195691125.311605
-195672283.479456
-196470352.667489
-195250989.405413
-195849482.413590
-196290006.090267
-196576288.415334
-196239104.502621
-196208869.682914
-196077414.234080
-197594619.868787
-195602567.592207
-196101342.792881
-196189579.336260
-195734819.054907
-195578054.269588
-195988547.051685
-196394946.384610
-195518284.477674
-197526083.463509
-196391323.046977
-195658480.286323
-196735525.239196
-195759911.693058
-197384166.324817
-196418981.289494
-196302376.175896
-195733130.094215
-197999067.087528
-197044742.842972
-196260122.483427
-196711584.037587
-195439379.470266
-197182216.096892
-196346951.686534
-196236345.731534
-195927701.892084
-196491352.926452
-196099031.575183
-195924786.081798
-197527956.595227
-196519088.921759
-199725011.465275
-198218986.862417
-196216094.479086
-196066903.923422
-196607555.483655
-195760859.956353
-196050220.479278
-196772476.508584
-196381102.266848
-195875959.817410
-196552536.488084
-196633984.514169
-195842065.607361
-196340173.253183
-197235174.952771
-196382070.009685
-196531371.476909
-197553449.392483
-197636422.260727
-196491165.790196
-196132097.296033
-196245839.751093
-196405744.533444
-196169022.705248
-196130585.001365
-196652909.647214
-196305819.236771
-198779062.568073
-198020122.042521
-196700038.292518
-196734872.270669
