-193334659.252866
-191893734.761430
-193019692.437106
-192173332.782592
-192598492.023982
-191825365.832201
-192243034.123080
-193852292.570741
-194758026.354776
-192127036.343889
-191472304.769287
-194303796.340722
-192253500.883167
-193943300.907016
-193323283.162721
-192325780.467708
-192890948.222028
-192992387.377969
-194618236.769034
-191384149.819814
-191859944.736715
-192819542.742474
-192845337.028681
-191666351.618815
-191783749.326599
-192010846.616698
-191893629.410493
-191808295.674587
-193366353.409873
-192903166.324493
-192577689.697499
-192360820.548077
-192329951.430372
-191864306.052069
-192269951.569385
-192394868.670009
-191629295.281663
-195415918.185256
-192330849.532384
-191968766.546890
-193082495.875660
-192501196.674477
-191239799.821399
-191900054.330061
-192391042.367184
-191507297.622482
-193989775.191831
-191761189.711085
-191295626.796957
-191310988.003932
-193858091.278198
-192067574.467259
-192148706.243166
-192274450.057278
-192501945.167123
-192043262.145916
-193367110.590667
-193890223.560211
-193080365.125314
-192664838.386706
-193766575.304938
-191646933.310825
-191549857.005059
-192205534.899329
-192902700.995209
-191812794.040371
-192467674.598378
-192951460.922889
-193465230.749392
-192245733.204611
-192455070.147370
-194047555.052304
-193268940.173269
-191236865.961379
-192507906.394084
-194248386.486853
-193005615.713721
-193068821.926374
-193092372.166799
-194538118.114945
-192039219.421018
-192280910.027042
-192295363.617695
-191776078.043333
-192373085.332774
-193323260.043268
-194241725.176812
-192839891.769697
-193331108.538767
-191855193.531887
-192124538.931546
-192331392.715138
-194693327.631703
-193651531.991098
-193982175.042708
-192306848.246385
-193301283.345699
-191569363.969843
-193829889.290234
-193527940.548887
