 -7.052370  39.435613
 16.254409 -14.074167
 11.440529  25.780530
-11.620224  36.998832
 -0.502471  37.643696
  9.013536  11.719760
  4.724839  26.859674
-10.941027  35.057915
  5.616870  47.579694
  9.042111  34.135298
 -5.182631  24.310884
  7.536518  13.121846
 -5.758118  25.710119
-22.585670  34.631984
  6.326875   6.540449
 -3.854883  33.545417
 16.328719  17.377706
-30.152318  28.212892
 -3.494262  12.792718
 -2.755605  16.650763
 -5.960106  28.033961
 -3.821972  16.364013
 12.517946  12.803187
