  60.264041 1678.757083
  52.305928 1676.825644
  70.700399 1677.865234
  84.467775 1677.127315
  86.760680 1682.570762
  69.417141 1674.310035
  92.280286 1674.809442
  72.165953 1674.740102
  87.138082 1678.152433
  84.481366 1676.812638
  76.998293 1675.210576
  89.290379 1683.736927
  67.527757 1686.832837
  77.018137 1678.831823
  50.181687 1673.984248
  78.949840 1680.252585
  72.715362 1681.350198
  81.898733 1674.444649
  59.689785 1675.198490
  75.767732 1681.366204
  82.499647 1678.099635
  93.786032 1678.608680
 103.185669 1678.063227
  79.370413 1679.003550
  58.934573 1678.749069
  73.823112 1678.166713
  73.905065 1671.467281
  73.014968 1677.827430
  49.203584 1678.060091
  59.144550 1672.891597
  79.618703 1675.756286
  99.006660 1674.491822
 105.588714 1674.493457
  58.366070 1674.567168
  77.172646 1678.232252
  82.976711 1669.289307
  47.037516 1672.063619
  60.065889 1676.078976
  43.325471 1676.525532
  73.235317 1669.383452
  77.555680 1670.748586
  84.416554 1671.870477
 101.980975 1680.369497
  85.272747 1681.231842
  96.901194 1677.104481
  73.123168 1678.551878
  90.512939 1680.599084
 103.059434 1676.842537
 120.503789 1679.460111
 111.099850 1676.748217
  86.795275 1675.381169
  91.110368 1673.646934
  60.255014 1677.616997
  73.226439 1673.235545
  69.046372 1674.469327
  98.271249 1676.598637
  77.108826 1675.409218
  73.276494 1674.874373
  45.198991 1682.125061
  71.192798 1673.113108
  92.247267 1674.704623
  76.653237 1679.253890
 119.628553 1678.994173
  86.726393 1677.467561
  93.447450 1673.472338
  68.474691 1679.444886
  58.748024 1680.595945
  63.104513 1680.479385
  78.266556 1682.139143
  82.488379 1681.208792
  59.493831 1681.180132
  61.049192 1673.601139
  73.222897 1682.021013
  71.445173 1679.953761
  83.218085 1675.574277
  59.275265 1679.690108
  87.711278 1682.228836
  73.108893 1671.324912
  76.178039 1672.753155
  91.296216 1674.292361
  77.445924 1680.014149
  82.260432 1671.957796
  61.989828 1666.887873
  66.863725 1674.197318
  66.644565 1675.104087
  78.464301 1669.123235
  56.957235 1674.248032
  73.789078 1673.769414
  76.453235 1684.110220
  82.046918 1675.677819
  70.282540 1665.756037
  40.351051 1676.005059
  63.330049 1682.874957
  87.213410 1670.715743
  86.440834 1674.545135
  61.148776 1676.048575
  94.622035 1670.090422
  84.447779 1672.905172
 118.342938 1675.945985
  94.578086 1674.778841
  68.673903 1675.139065
  86.527899 1666.996972
  64.878557 1673.925260
  43.181713 1669.597547
  78.067375 1674.392220
  67.609717 1677.101335
  88.068523 1675.510773
  71.963146 1673.919017
  84.579118 1674.069465
  61.439211 1674.353328
  60.988982 1670.725257
  67.535267 1676.069324
  89.300471 1668.930503
  46.336054 1669.479543
  70.805184 1674.726564
  86.375935 1681.118650
  34.135270 1673.757773
  95.749324 1674.356473
  67.855452 1672.881283
  90.857833 1683.224268
  89.494746 1669.711107
  67.898107 1675.142968
  60.852537 1668.637130
  84.999508 1677.904074
 100.266023 1678.015266
  66.702112 1672.985324
  59.722045 1676.778744
  75.329446 1678.330419
  99.949814 1679.960396
  94.318844 1675.523034
  86.383105 1679.173528
  82.549787 1677.277269
 104.233592 1678.608499
 113.501897 1674.968671
  86.141766 1678.091445
  83.576156 1673.909175
  46.129670 1674.734187
  80.732758 1678.656959
  61.298342 1668.560583
  86.023212 1677.505753
  72.485817 1676.721024
  70.953184 1680.367543
  90.864066 1679.801475
 123.544939 1677.966526
 108.072852 1677.462192
  88.287339 1676.380253
  85.460729 1681.375545
  54.050304 1673.208879
  74.146421 1673.598555
  59.797560 1677.649963
  68.038887 1675.484036
  67.205256 1682.079828
  87.523857 1680.116862
  91.025920 1674.072977
  93.866382 1677.805509
  58.736832 1671.234554
  73.917092 1676.647597
  58.672455 1677.149100
  68.837081 1676.068221
  94.944291 1676.695857
  80.359714 1673.036108
 111.317759 1676.970979
  98.049836 1674.019871
  72.878756 1672.971319
  91.126078 1677.927757
  61.739625 1676.489692
  80.277095 1677.315071
  74.700313 1683.622667
  76.228410 1680.030331
 123.511103 1668.421681
  92.373537 1677.375637
 101.896678 1679.169524
  83.727833 1674.397543
  88.286639 1674.323394
  79.568013 1675.916479
  68.077533 1678.248956
  91.438960 1682.216318
  81.029255 1676.552842
  79.148305 1675.514307
  79.929302 1676.557348
 102.112755 1674.761932
  99.293728 1677.241538
  87.462399 1674.126364
  90.238293 1667.498488
  73.601030 1672.737531
  88.295959 1668.501356
  95.182496 1679.019315
  71.852299 1675.394891
  87.144755 1682.826422
  61.230142 1675.136706
  70.654336 1670.889228
  75.237316 1674.361630
  66.216318 1673.368048
  62.596061 1673.313944
  69.028477 1675.229018
  68.609567 1673.296221
  61.805488 1667.714270
  53.061153 1671.221663
  73.256384 1675.815710
  68.108248 1668.631979
  72.908916 1678.389734
  94.360600 1680.671001
 107.218864 1676.401519
  70.522158 1674.789424
  99.330928 1677.833045
  80.486144 1674.511416
  91.803825 1675.923197
 106.578553 1677.431417
 121.742514 1682.381024
  93.239349 1677.060314
  66.148289 1679.193798
  93.252964 1679.110106
  74.954411 1669.834385
  58.999936 1678.207304
  64.841568 1674.664446
  98.529603 1673.225609
  50.420288 1669.724590
  65.354911 1670.999545
  65.958799 1679.644785
  28.168092 1674.864113
  74.783296 1672.184629
  55.411692 1675.871617
  84.539872 1671.653182
  69.030268 1669.721459
  60.273736 1671.475685
  69.107755 1671.883851
 104.038920 1668.790871
  74.883926 1670.337787
  76.038850 1675.197472
  57.812515 1675.397774
  64.544691 1669.792526
  80.383441 1676.292404
  55.568600 1674.097306
  62.590746 1669.172207
  80.049957 1677.419227
  77.376974 1680.098669
  85.108832 1672.884899
  79.211646 1671.238625
  84.525420 1673.394348
  78.177954 1672.309109
  72.607227 1681.064688
  63.491472 1674.126675
  88.375959 1675.704821
  60.308207 1679.628551
  83.949395 1672.878474
 108.002768 1681.181314
  50.258255 1672.591187
  68.080619 1676.819580
  61.075673 1676.982673
  50.189841 1669.830372
  57.523058 1673.563600
  58.236371 1679.498007
  89.037157 1669.216293
 112.929534 1680.739603
  68.099728 1677.407914
 105.625352 1681.376350
  73.061974 1682.566827
  82.774059 1678.857179
  58.553814 1680.925977
  67.519048 1676.096409
 104.365598 1679.032267
  88.500840 1672.128721
  82.921660 1670.557534
  83.651185 1681.301850
  94.405782 1679.014843
  72.773800 1677.479907
  31.051200 1674.798466
  63.488678 1672.899731
  65.193307 1676.889041
  62.857441 1676.169901
 100.438093 1678.620177
  88.214642 1673.122368
  83.008542 1678.768578
  90.072324 1680.303287
  78.348114 1676.722006
  88.189710 1680.334064
  99.609802 1674.111734
  66.677741 1677.042348
  73.668459 1685.564606
  46.856147 1679.524857
  60.846692 1671.802324
  55.363415 1679.600816
  72.618173 1675.889521
  57.381743 1681.241068
  86.979840 1674.511282
  79.430380 1677.937640
  58.400969 1675.367098
  72.573693 1673.992581
  95.636433 1677.772875
  80.507535 1681.032452
 122.546118 1680.805268
  86.524286 1677.914550
  75.224798 1682.156949
  67.616110 1679.225992
  85.660641 1677.004541
 118.669466 1677.792533
 105.372094 1674.152555
 126.326021 1678.819542
  69.786914 1680.312775
  75.507408 1674.412719
  68.843045 1672.336978
 106.541980 1675.981072
  71.921514 1675.343858
  83.551278 1670.919560
  55.855391 1673.723554
  75.902251 1679.578204
  80.047931 1680.269802
  86.668623 1677.428892
  75.773484 1671.325029
  81.496741 1679.201123
  76.659622 1682.668098
  72.255789 1678.072160
  75.024735 1676.367084
  91.694229 1670.478307
  59.798755 1674.267718
  56.504507 1669.100768
  69.529862 1673.275649
  61.151615 1679.695295
  68.912637 1674.231744
  63.162929 1683.742595
  70.837699 1677.285543
  72.291164 1672.189413
  61.578318 1672.535895
 114.392562 1679.091712
  71.799225 1673.806223
  65.775121 1674.425359
  70.894135 1680.547009
  63.988392 1674.428456
  65.522177 1679.884551
  63.593174 1678.145243
  81.213550 1673.509945
  71.086051 1676.832922
  69.414351 1678.535723
  65.987618 1678.143860
  78.310624 1676.889079
  67.118996 1675.252158
  59.359699 1680.117739
  82.616647 1676.257242
  87.614806 1670.781787
  69.961930 1675.584118
  68.349612 1678.344473
  81.927251 1678.592093
  65.150765 1679.171662
  47.544014 1670.667872
  61.783912 1679.447794
  63.619009 1673.198650
  69.356428 1684.246506
  73.369944 1674.281153
  72.466731 1675.902626
  60.865396 1674.366049
  75.707276 1677.693343
  71.150717 1675.098503
  49.471424 1674.433568
  61.618823 1673.547069
  61.067349 1670.807917
 112.569618 1678.475967
 126.642901 1678.272293
  56.488917 1676.774426
  79.871488 1680.626264
  77.674858 1676.578115
  62.613246 1676.565445
  73.867276 1673.121168
  69.876272 1674.470131
  81.368975 1679.393164
  90.588884 1675.241540
  78.645076 1676.290020
  72.193699 1682.037572
  56.308186 1679.374733
  86.314480 1682.928486
  61.363826 1676.823743
  65.855234 1672.015762
  79.579715 1666.072432
  76.826429 1676.209836
  63.954609 1664.831662
  88.569412 1677.405748
  85.532762 1675.894401
  54.355429 1678.717326
  62.938577 1677.030150
  80.088514 1674.987916
  52.266551 1674.081399
  85.048862 1671.964731
  77.262162 1670.511396
  89.867272 1673.367856
  84.591765 1670.436702
  71.924289 1676.854447
  74.308923 1676.013501
  84.507867 1674.717109
  47.340144 1672.445508
  83.509252 1670.832237
  88.663356 1670.006300
 111.454688 1667.428694
 119.592458 1674.240124
  66.224387 1670.364663
  49.198156 1674.088272
  83.907507 1676.255756
  70.614624 1677.465392
  60.544060 1676.473754
  90.295262 1680.117565
 102.549446 1682.486940
  87.353523 1676.944112
  64.314593 1678.311744
  32.482241 1680.621074
  68.842802 1672.736614
  75.484907 1677.440795
  67.692531 1677.468442
  60.410860 1679.103942
  64.404649 1676.561692
  65.700137 1673.350884
 100.798815 1678.933725
  81.316977 1671.292178
  63.146226 1673.964808
  97.232859 1681.064281
  68.662054 1672.166606
  64.825069 1677.926504
  88.858621 1672.311695
  98.999870 1671.191878
  80.463372 1678.652231
  58.595871 1681.633616
  66.512209 1667.661817
  45.946969 1672.357134
 129.726651 1674.906719
 110.095160 1677.684868
  78.121158 1676.968018
  51.619278 1678.311666
  83.066957 1675.154529
  54.857774 1678.581243
  61.476559 1677.514920
  55.249158 1668.364285
  97.707401 1680.113226
 102.777000 1677.173863
 113.737218 1674.527961
  77.135695 1672.092271
  65.455612 1677.886305
  56.838581 1677.753224
  53.620018 1677.300948
  50.280308 1678.868837
  52.671582 1674.585859
  59.425749 1675.227646
  41.971071 1677.120058
  30.607252 1679.598554
  75.984575 1679.813843
  75.173141 1680.492737
  91.806010 1677.980084
 112.091012 1677.800135
  73.843962 1672.190343
  58.866718 1673.686987
  64.213211 1670.971370
  89.036129 1677.354391
  68.317955 1674.398950
  89.498900 1677.344728
  64.364737 1673.597050
 101.308935 1673.029202
  96.845666 1678.359470
 109.755416 1680.781952
  88.353329 1685.341054
  71.953069 1677.146314
  90.219743 1679.494624
 124.387883 1679.530648
 105.206930 1677.232764
 110.104682 1679.040635
  76.415288 1673.783579
  51.047954 1677.797973
  82.648313 1675.540276
  60.499492 1679.743619
  65.132617 1677.868623
  82.373525 1676.665095
  70.340943 1669.342630
  49.611979 1673.656351
  81.379327 1676.331914
  52.966186 1680.168796
  63.180161 1673.192632
  64.268786 1669.274776
  79.653818 1670.391333
  75.863611 1675.543148
  79.093498 1669.640196
  63.695990 1666.336727
  41.136920 1668.323721
  87.833201 1679.211900
 100.018443 1670.780892
  84.059535 1677.899275
  77.662937 1669.547002
  56.300913 1677.276696
  52.535658 1667.758874
  71.358187 1671.895107
  65.341020 1675.668619
  92.476482 1675.951603
  77.308980 1677.350168
  62.764164 1676.224909
  41.828876 1675.082810
  66.850527 1675.486085
  73.772796 1676.969584
  51.990094 1678.062413
  49.891959 1674.776782
  77.543328 1668.533007
 115.430977 1667.191250
  72.140436 1668.265147
 103.003226 1677.073603
  73.682010 1673.445910
  82.080719 1668.585125
  79.396420 1678.972748
  69.488126 1674.859089
  72.615096 1673.518534
  55.820937 1673.794211
  98.461566 1673.269875
 113.822725 1672.736813
  74.474366 1666.343413
  64.077075 1671.907488
  72.892604 1667.022513
  75.721684 1672.794361
  94.742776 1670.587843
  61.426863 1672.956080
  71.206894 1666.203488
  38.676442 1669.106048
  42.654843 1665.918353
  47.894321 1674.644910
  72.765477 1671.559730
  70.308928 1666.966605
  68.460545 1670.212454
  55.784353 1677.938867
  31.686544 1673.595188
  68.274089 1676.111557
  37.039482 1670.809727
  76.980919 1672.097167
  87.575841 1680.398369
  98.437093 1673.566699
 102.589772 1678.479691
  96.981094 1669.317252
  73.923081 1674.908279
 100.660313 1682.943399
  70.642720 1679.954728
  81.022097 1684.533899
  91.273943 1679.893284
  62.527710 1677.783558
  78.194722 1671.145922
  62.854858 1673.954855
  60.986461 1665.265164
  78.708166 1676.228920
  47.511548 1669.801379
  71.690725 1670.211518
  45.662460 1677.290302
  95.715367 1678.432975
  98.576906 1678.909583
  68.083568 1669.444804
  83.217172 1669.808545
  84.094956 1682.505582
  77.156063 1678.942901
  72.515738 1675.251989
  56.990237 1679.195811
  57.599037 1678.077583
  77.060076 1683.041773
  66.530469 1673.307800
  41.123171 1676.589091
  95.059335 1668.808407
  65.573029 1671.135536
  82.103973 1673.697776
  58.874805 1669.591502
  44.396898 1673.493384
  61.116105 1677.870432
  42.870829 1670.582512
  66.636774 1668.146287
  83.953671 1676.402721
 103.435723 1668.548547
  78.663367 1677.814709
  64.640857 1678.029739
  62.468322 1676.724921
  85.685003 1674.289893
  66.704806 1673.691281
  71.407489 1679.040069
  66.841894 1673.091822
  81.475273 1674.899819
  80.554229 1679.484497
  64.123856 1673.948614
  71.834230 1677.724635
  87.155184 1680.894814
 118.373812 1679.316962
  77.006846 1675.987168
  93.415174 1679.044019
 118.236023 1683.700628
  94.892755 1680.753046
 106.523681 1674.324398
  83.760922 1678.045807
  78.037569 1675.842061
  85.298780 1675.864312
  63.035175 1670.274553
  75.421447 1677.422156
  87.972379 1676.043189
  62.346982 1681.970244
  79.984525 1681.427621
  99.290740 1681.458984
  89.649953 1680.236013
  76.628912 1669.349004
  72.293288 1674.408673
  76.370188 1671.861792
  91.750065 1684.413553
  66.979714 1675.296384
  56.069492 1673.973539
  71.402397 1678.876250
  80.115122 1670.276294
  74.478857 1678.772272
 101.968290 1678.160600
  73.888245 1671.083646
  48.204357 1672.309387
  67.860097 1672.212507
  57.662728 1676.065718
  64.875975 1674.362447
  59.477789 1676.548079
  64.833710 1668.868362
  70.011157 1677.396239
  75.393911 1676.258560
  67.274237 1672.856594
  66.635333 1676.323272
  52.566367 1672.443789
  90.783643 1670.739922
  69.104510 1678.790051
  72.539379 1676.703504
  79.837845 1673.629007
  78.764630 1674.941298
  69.206727 1665.687151
  94.951068 1668.995919
 106.461401 1676.143361
  74.227256 1675.085462
  57.390185 1676.185367
  58.579579 1673.630055
  51.766174 1671.582811
 102.482683 1673.642941
  75.492838 1676.241065
  99.511427 1669.429128
  98.375960 1670.928913
  74.308384 1679.398597
  86.777632 1674.370063
  98.498324 1675.957082
  54.756957 1677.439230
  80.810242 1672.947248
  67.153839 1675.130048
  75.909258 1679.041952
  92.528032 1681.082175
 103.325101 1677.453787
  78.370700 1667.429818
  56.585744 1670.851220
  54.022519 1675.528792
  74.139119 1676.714551
  71.399792 1672.845239
  84.419264 1665.759800
  76.939588 1670.009081
  55.314135 1677.797074
  65.491709 1675.653855
  88.349277 1675.260960
  86.386059 1673.886601
  76.282347 1677.498108
  61.820299 1674.310080
  59.605668 1677.227094
  55.802538 1678.664024
  81.026860 1675.923990
  65.165329 1672.765677
  83.335387 1671.683644
  56.667457 1673.962361
  75.784897 1673.605962
  95.643534 1672.933432
  32.609180 1672.810905
  72.988644 1674.044850
  64.315356 1677.076577
  75.570693 1669.946742
  93.020100 1678.200109
  72.225456 1668.789338
  49.269658 1673.301085
  76.257970 1672.894003
  69.421618 1671.873939
  96.396027 1673.664953
 108.018034 1677.067275
 126.011805 1677.580208
  73.715380 1679.013762
  65.461398 1675.572512
  94.919759 1676.057293
  99.998934 1681.421396
 106.390954 1679.184325
 132.859192 1676.058511
 117.616316 1676.432133
  76.104690 1670.172354
  74.544111 1676.396412
  62.315547 1683.528959
  73.093950 1678.174091
  44.419552 1677.556969
  62.473058 1673.770238
  53.962860 1673.177352
  83.228635 1666.878303
  46.149389 1669.741333
  68.339276 1674.881205
  54.005057 1668.200615
  73.872952 1674.559620
  81.614392 1678.614876
  53.777225 1668.255582
  96.163584 1679.238829
 115.233456 1680.312478
 104.338619 1675.495334
  66.495640 1677.503341
  84.706085 1680.190867
  57.647093 1674.335411
  55.829531 1668.528806
  31.367944 1680.025265
  87.560112 1679.047553
  81.858286 1674.968749
  54.576243 1673.688679
  67.266071 1673.977463
  81.648023 1674.372072
  40.687961 1675.756781
  43.120674 1671.716741
  70.081421 1672.482627
  84.476878 1673.356698
  65.523709 1678.598347
  66.409779 1679.922407
  66.715450 1674.850236
  61.164391 1677.897692
  69.327319 1668.621328
  56.625145 1672.297241
  69.695688 1681.345031
  52.277050 1677.677503
  49.375251 1673.959317
  55.610414 1678.062437
  84.990134 1684.593054
  94.991771 1682.978069
  40.817341 1677.924857
  49.011565 1678.454286
 110.733195 1681.702515
  84.658279 1676.562499
  94.837994 1681.308616
  82.919084 1683.523528
  89.604687 1680.597835
  71.834010 1679.269422
  74.956145 1673.284664
  69.857087 1677.968763
  87.749533 1677.013176
  66.184198 1672.830357
  86.570019 1676.244617
  78.142700 1678.229938
 118.586274 1678.424710
  87.718431 1676.337124
  60.725099 1672.039434
  69.515655 1664.321323
  62.863511 1668.799377
  77.873276 1671.437013
  65.470596 1669.764239
  81.922167 1671.909650
  72.207408 1674.990176
  79.003758 1677.909348
  56.246715 1678.458165
  58.037258 1676.980352
  42.837653 1662.998192
  80.788521 1675.489606
  63.087065 1675.954938
  97.536068 1681.846592
  63.862488 1675.453859
  55.070801 1670.829367
  60.033308 1677.090135
  65.463115 1676.954773
  48.489992 1678.997395
  62.491785 1678.525251
  55.132605 1672.128263
  96.117039 1675.871994
  61.789338 1673.088956
  96.627939 1673.386807
  67.814287 1680.844663
  55.596020 1681.641878
  75.902159 1669.273988
  57.407536 1679.506346
  68.667670 1672.198517
  79.976855 1673.367907
  89.218037 1680.970521
  61.586657 1679.495328
  86.816872 1677.738057
  91.613015 1675.159576
 115.118662 1683.249190
  76.200433 1680.291832
  83.533765 1678.883088
  91.709451 1675.795946
  82.599786 1674.852906
  93.841484 1681.514987
 106.908845 1679.676582
  93.169385 1680.781484
  86.366492 1673.738625
  41.703119 1679.797031
 100.538768 1678.425062
  79.004762 1674.890691
  70.462577 1678.372550
  85.202814 1678.861638
  68.343772 1677.116898
  68.430248 1676.768339
  63.689954 1675.306199
  60.369244 1674.218742
  53.675217 1676.713738
  95.936432 1680.855513
  76.563387 1677.203608
  55.467082 1676.277753
  82.116208 1678.618934
  67.816516 1679.841886
  88.434656 1672.461748
  86.387445 1672.116991
  78.915762 1681.134017
  91.506478 1673.324771
  61.138028 1676.391771
 100.860786 1678.002944
  53.508985 1677.795469
 103.178142 1671.396068
  95.866341 1679.107444
  72.679378 1671.650230
  61.701173 1672.405915
  66.828594 1672.903666
  99.230282 1675.755065
  97.741081 1676.595597
  73.186789 1677.726545
  62.305304 1669.156273
  52.720630 1666.318164
  65.133818 1665.817917
  92.236740 1674.222716
  95.546457 1674.832763
  89.398600 1676.420339
  96.632202 1677.018148
  67.809591 1666.387172
  91.096989 1672.581608
 110.484676 1671.843537
  67.485106 1677.264656
  98.969274 1677.893315
 105.723985 1682.612363
  87.045512 1674.386550
  64.760988 1673.449825
  54.894611 1673.144861
  87.058346 1675.820466
  67.393910 1670.736879
  69.366445 1683.783174
  69.646077 1680.694324
  85.885654 1677.383196
  81.266002 1672.583510
  67.095153 1675.049563
 113.625170 1676.949998
 108.805633 1667.207475
  73.748796 1676.677997
  70.569199 1676.395009
  84.197900 1675.858521
  70.979361 1678.003457
  87.670467 1678.828194
  98.837654 1676.980989
  85.556801 1680.633298
  81.849285 1680.902061
  75.174772 1673.264026
  71.302161 1678.774217
  82.271688 1676.788780
 103.301228 1681.324842
  52.062115 1675.715243
  50.728979 1680.260988
  79.779886 1674.197502
  63.986297 1681.425024
  97.439204 1680.558960
  73.777510 1678.406443
  69.655707 1678.983485
  63.257485 1675.925053
 112.263943 1680.913487
  77.709748 1679.866495
  84.486593 1671.264642
  56.841323 1672.373695
  44.866809 1674.079751
 114.285336 1681.764875
 106.895455 1673.302109
 138.513578 1676.578739
  90.706331 1679.531625
  83.327847 1682.439522
  53.741847 1682.559867
  75.830556 1675.590816
  70.514847 1676.459727
  88.694522 1672.279026
  61.879064 1668.828522
  70.444634 1675.648116
  62.471645 1671.293618
  79.229763 1674.651166
  69.070923 1679.942653
  74.830210 1672.526826
  81.684062 1674.153495
  90.048285 1668.432680
  67.516176 1667.655195
  66.874326 1673.826551
 106.397209 1682.051910
  65.023089 1678.340272
  89.280585 1678.237094
 117.228263 1674.734418
  82.603538 1678.298769
  96.030113 1678.661238
 106.126549 1674.006026
  56.778195 1675.811522
  58.764564 1674.653997
  82.779492 1673.685853
  56.089454 1670.892395
 115.124941 1673.860434
  84.349582 1676.663610
  73.370186 1676.150402
  89.107733 1675.903193
  67.213663 1670.243541
  63.219208 1671.176424
  91.261193 1677.131295
  85.111876 1679.868476
  75.119857 1674.977479
  90.779278 1674.008389
  88.078573 1677.037683
  81.645416 1680.026983
 104.262920 1675.245898
  90.943343 1673.224382
  84.782793 1677.483571
  67.382680 1681.259434
  67.968382 1671.083030
  88.954130 1668.362293
  71.155595 1670.295489
  54.376360 1675.087743
  83.287352 1669.260928
  60.337937 1675.925093
  49.464237 1674.205002
  77.526791 1676.220311
  94.401891 1678.841511
  92.701825 1675.683246
  80.392358 1677.993200
  91.427836 1676.867931
  80.053279 1671.153651
  90.286423 1681.953427
 117.321904 1679.489245
  86.740932 1677.015791
  90.320062 1673.801020
  80.317833 1675.839507
  73.658703 1682.387760
  67.241076 1672.003033
  91.642550 1674.372849
  37.595457 1678.113368
  64.227843 1680.803875
  76.559305 1678.199949
  49.206090 1680.460920
  61.830009 1678.061701
  57.477382 1676.136651
  70.131225 1680.074178
 110.087143 1672.941811
  82.148412 1678.446707
  77.644564 1675.303844
  83.688369 1680.163044
  84.753244 1673.445871
  87.688455 1678.080816
  69.132787 1674.629999
  88.024752 1675.435769
  86.080108 1682.054496
  73.918169 1667.983042
  69.718745 1681.502240
  71.059052 1682.249594
 115.902544 1679.080324
  95.761370 1675.004931
  74.676440 1674.272709
  62.208598 1673.549331
  84.033076 1673.977588
  95.576806 1678.125514
  63.669248 1672.536390
  60.082152 1679.818495
  60.812300 1674.429522
  75.035964 1675.299063
  65.576844 1675.078687
  80.187311 1679.787120
  58.940679 1683.139179
  66.001312 1676.276721
  74.345617 1671.874826
  60.829707 1682.288652
  73.991335 1673.698913
  74.263716 1673.684029
  74.685785 1676.092648
  82.151426 1677.788468
  94.203096 1676.675075
  82.064354 1679.204018
  72.240434 1678.288701
  92.216101 1678.781447
  95.387721 1679.466503
  70.326865 1676.018514
  95.046835 1676.969865
 124.506189 1676.591468
  89.313655 1678.447742
  68.405584 1680.340609
 107.713780 1677.817904
  67.485670 1678.425123
  85.695172 1679.990192
  59.296860 1675.842645
  77.244595 1676.607008
  63.167518 1677.588127
  50.339060 1672.122954
  69.303536 1672.062682
  66.055239 1672.319946
  76.791291 1677.946716
  80.777500 1674.093089
  74.224184 1671.216069
  85.864750 1676.014156
  81.196641 1674.866734
  95.377344 1676.774980
  76.590907 1674.603913
  72.800186 1678.352674
  66.970103 1673.373330
  91.024862 1668.534560
  68.874180 1672.120623
  69.261145 1675.324601
  87.727684 1669.925019
  87.680791 1677.024096
 115.185443 1679.458302
  90.242422 1681.671854
  58.447933 1680.075320
  65.269646 1675.071181
  52.722030 1683.048660
  40.383487 1680.321985
  89.168625 1687.251498
  84.093553 1680.298823
  55.874737 1677.557929
  95.867251 1681.660928
  96.390389 1679.844252
  73.026903 1678.655684
  81.010798 1673.681514
  71.397680 1678.004323
  88.387304 1676.329214
  64.861489 1672.880740
  81.318788 1672.335761
  91.883344 1673.449668
 106.924269 1676.166472
  79.959601 1674.090343
  56.290291 1674.721863
  82.469863 1674.646638
  65.407066 1672.249553
  85.596201 1680.834069
  74.257559 1671.457192
  76.760597 1668.665503
  74.114512 1680.988612
  52.128037 1677.907015
 117.662961 1671.611020
  90.009188 1682.084402
 111.096350 1678.411166
  98.218540 1672.947974
  91.337647 1685.120180
 108.262796 1681.395603
 107.098715 1676.765019
  88.499556 1677.973877
  58.956229 1667.579326
 127.619456 1675.265111
 116.047601 1677.327839
  71.878095 1675.373470
  52.138959 1671.667085
  73.104448 1668.573029
  80.963471 1671.634358
  70.978539 1675.441228
  63.887915 1674.823500
  52.913974 1674.078719
  77.963899 1679.671199
 112.649249 1681.117838
 100.446847 1670.051158
  90.933599 1680.450209
 102.888876 1679.693119
  80.298553 1679.268419
 107.974240 1676.417305
  73.212660 1676.068141
  80.714480 1677.227300
  69.632023 1674.596336
  98.078947 1674.675432
  92.536115 1673.617257
  93.257552 1670.360732
 108.912596 1677.536828
  73.591134 1671.743168
  91.310888 1676.361939
  77.842894 1680.516209
  98.644625 1676.345188
  66.169278 1672.320086
  55.972519 1675.183667
  87.868381 1680.020829
  66.079163 1681.613330
  80.167562 1681.357186
  82.614064 1676.810300
  92.907782 1685.420757
 102.911078 1677.052672
 142.868459 1679.963865
  75.935430 1678.237688
  75.405255 1673.143389
  92.371092 1680.672155
  67.084421 1676.716623
  86.673349 1677.848905
  65.053207 1672.480065
  94.407238 1679.155911
  93.200782 1682.433221
 106.646842 1678.044567
  90.389337 1676.132670
  99.203490 1681.581211
  72.910591 1678.575497
  67.639595 1678.776013
  63.914302 1674.911523
  62.415865 1678.125247
  48.694020 1676.305208
  74.336417 1674.944018
  61.400695 1676.642398
  49.515703 1672.276327
  59.220562 1677.299941
  69.500340 1674.477343
  79.341504 1677.540702
 105.451192 1678.630290
 111.679294 1668.829417
  88.586878 1670.661230
  64.468814 1670.801517
  61.504212 1677.687925
  79.583044 1671.783536
  80.237366 1681.028177
  82.841277 1672.445854
 119.322192 1667.409500
  89.782480 1683.756875
  68.717249 1674.763438
  79.926586 1678.057466
  69.892617 1672.185196
  69.725929 1676.355792
  74.253376 1680.031240
  74.491797 1670.977910
 105.010938 1673.504614
  98.079950 1680.325719
 100.505074 1678.734869
  96.874709 1678.331924
  93.021488 1674.702130
  63.088824 1681.950946
  86.913709 1672.189134
  65.770393 1671.753250
  78.454802 1677.260934
  72.923030 1676.780319
  63.481824 1668.061660
  65.650193 1672.167720
  42.646242 1672.470039
  97.097420 1675.090356
  47.342829 1671.422822
  74.880025 1676.685308
  59.111977 1681.426195
  97.282396 1674.200135
  43.039993 1677.772717
  53.788632 1674.767871
  92.060304 1680.013771
  78.787868 1678.975235
  86.933755 1678.344465
  96.774975 1676.400240
  61.272574 1677.393377
  70.272758 1668.813862
  57.069175 1684.403166
  64.286667 1681.945117
  47.563753 1680.063288
  54.566863 1674.423104
  63.922832 1683.510549
  61.026782 1681.197006
  73.761377 1673.301727
  48.850352 1680.124784
  58.329563 1678.596697
  59.061187 1676.653335
  71.128602 1677.321349
  71.795819 1680.961263
  86.651403 1681.516057
  79.032997 1675.990961
  61.613188 1676.861752
  69.656519 1680.560942
  84.331833 1678.143584
  67.996152 1677.594741
  85.127299 1675.701442
  78.704713 1678.051006
  95.898539 1681.031545
  78.956570 1682.197694
 110.586095 1680.260992
 110.833858 1676.674231
  88.814094 1680.933464
  55.212152 1677.562241
  73.006165 1677.342965
  63.339277 1673.716660
  69.416879 1681.744773
  54.246658 1677.928528
  68.819881 1681.573736
  98.439168 1678.000371
  93.569485 1677.697236
  79.281793 1675.023234
  46.440991 1674.214715
  92.972057 1674.660802
 108.884150 1678.493057
 101.620869 1673.427795
  94.878646 1677.104795
  88.348350 1671.833919
  89.145866 1681.750094
  90.046399 1679.548313
  88.084720 1679.021727
  63.513748 1679.576016
  82.210101 1671.499734
  70.311833 1677.476575
  75.319840 1684.674966
  68.338028 1680.486323
  52.002108 1674.583533
  85.289762 1677.975044
  72.118176 1679.966568
  60.415484 1679.906457
 100.201394 1677.899576
  91.128886 1673.987318
  79.601495 1669.711133
  44.006184 1669.609818
  67.816634 1673.295831
  77.125781 1675.562727
  65.376971 1670.724577
  73.756933 1665.551673
  74.981658 1679.631688
  50.633162 1678.918805
  86.472807 1679.326070
  69.261988 1677.633828
  64.739507 1673.185030
  89.979515 1679.744423
  86.631923 1669.261058
  95.901469 1676.905244
  56.580232 1672.342317
  89.571086 1678.894103
  65.303082 1672.935375
  77.207539 1674.179756
  78.703735 1681.019974
  63.828112 1680.120349
  89.939907 1672.343820
  75.200568 1676.384754
  93.513883 1682.315497
  66.396753 1675.309841
  89.891356 1677.343754
  68.612625 1674.608178
  66.655600 1678.335939
  81.891799 1675.725969
  64.479707 1678.869324
  64.046388 1678.883349
  68.615934 1678.362067
  49.867800 1675.123979
 102.305966 1677.027758
 122.925729 1679.044661
  89.632069 1675.799246
  69.987004 1677.552951
  92.540989 1677.987181
  62.737872 1673.707605
  73.794116 1679.270099
  59.372038 1675.245636
  74.284248 1672.774104
  85.413589 1674.773442
  48.760904 1672.249723
  56.284567 1673.429389
  69.139673 1674.310559
  64.997932 1678.612643
  80.581480 1674.038983
 112.067200 1674.133983
  76.487471 1672.456577
  64.899160 1675.981106
  77.911408 1677.507760
  66.873622 1678.209827
  90.941074 1676.122485
  64.672596 1682.309235
  67.997536 1679.507044
  67.885241 1681.568225
  49.657257 1679.154463
  95.343625 1676.670289
  54.526694 1681.196623
  60.810021 1669.211698
  58.543329 1678.345834
 105.079561 1681.339221
 110.993484 1672.893631
  80.194490 1674.454205
  81.490484 1672.782648
  52.811384 1671.624989
  60.718633 1661.615816
  68.338856 1680.393656
  79.490269 1673.020456
 118.552044 1670.662022
  69.638843 1670.918880
  68.379166 1673.172859
  57.377537 1680.114228
  75.288694 1679.379255
  37.615453 1673.452159
  69.123845 1683.680058
  82.951956 1681.756063
  69.678534 1675.041287
  57.969924 1680.660437
  98.256283 1675.833368
 103.684747 1678.066578
  96.547849 1675.124163
  87.808018 1674.425521
  73.032172 1669.902998
  57.678952 1674.142083
  80.242761 1672.072837
  67.956723 1671.436408
  56.950324 1672.077997
  72.682370 1660.578848
  45.954407 1664.415241
  58.623556 1664.676300
  85.459611 1669.023840
  60.394848 1671.267718
  57.403247 1667.948157
 110.230813 1677.917791
  60.801410 1674.576150
  62.644841 1675.869465
  71.161869 1676.453061
  51.124837 1671.529880
  67.527620 1677.698545
  88.696856 1671.565493
  88.311099 1665.648046
  60.442545 1670.459678
  80.522751 1667.093070
  56.914938 1667.551210
  94.156300 1670.579739
  71.032103 1671.451244
  93.918775 1670.075659
  75.428632 1665.908724
  70.219861 1669.260863
  89.941899 1670.697959
  95.492840 1669.833027
  71.025386 1666.064241
  70.428901 1670.434949
  68.198946 1671.574447
  74.066336 1671.807469
  78.800732 1669.239220
  92.773719 1669.417456
 110.899810 1670.352294
  96.158644 1674.254226
  77.093422 1663.371415
 111.534588 1672.756736
  79.721936 1667.347480
  77.671812 1672.424087
 120.693262 1671.619723
  83.102375 1672.001578
  95.460728 1668.091719
 104.772225 1676.693369
  99.571173 1676.159870
  89.459247 1678.882050
  72.725628 1675.285415
  97.536034 1679.031808
  80.276207 1677.303785
  68.007201 1687.114169
  64.778004 1681.421978
  68.789619 1676.490749
  74.767175 1677.426582
  85.759951 1677.903167
  59.719815 1678.210567
  78.323222 1672.671010
  80.863888 1673.058209
  88.751972 1676.859159
  63.353015 1673.094128
  67.416584 1674.180138
  86.485541 1671.269247
  50.279633 1677.058998
  50.428557 1675.880358
  71.876603 1671.479241
  69.488445 1674.189503
  72.366051 1674.883655
  78.192953 1667.077253
  41.453806 1670.122782
  50.136606 1669.057016
 121.175520 1671.778658
  97.073389 1676.447192
  76.796778 1672.140843
  54.781892 1674.764570
  71.910206 1678.752338
  90.064632 1670.969470
  81.576259 1682.203281
  69.978800 1681.237581
  60.534807 1671.695400
  54.593042 1674.527278
  53.221901 1676.981286
  78.834511 1679.351369
  64.731314 1674.228238
  55.692705 1671.790014
  71.058095 1674.165619
  53.255523 1673.197951
  63.705646 1671.432229
  68.966317 1669.944100
  58.348705 1669.900391
  56.972767 1674.315395
  61.566484 1677.475012
  77.825641 1680.238337
  64.945739 1679.383973
  84.155948 1674.816176
  63.198894 1677.429876
  47.293791 1669.548257
 102.991699 1678.582187
  84.189547 1670.245359
  75.387445 1680.065513
  77.394342 1679.785968
  89.007849 1675.923651
  93.361336 1675.726305
  85.689736 1673.973863
  75.163655 1673.433384
 108.119082 1678.587650
 128.896637 1681.700851
  77.893618 1677.182229
  92.975803 1680.089351
  65.315440 1681.072710
 107.428837 1678.862474
 115.153366 1677.724579
  86.781238 1680.914629
  68.311605 1670.539461
  77.082988 1677.980610
  37.807655 1677.843038
  91.201416 1678.129818
  77.087446 1671.452803
  58.144950 1675.052348
  65.848924 1676.334694
  77.232802 1674.671587
  55.249971 1673.189173
  76.754595 1677.852914
  85.366500 1669.962616
  81.354633 1674.020311
  79.946077 1676.357864
  82.051398 1679.427709
  70.572521 1675.472293
  69.030907 1672.529417
  50.114606 1680.381637
 112.131048 1679.640633
  63.951726 1673.499396
  68.272544 1669.034204
  80.860398 1679.188098
  53.195484 1677.419858
  66.388671 1666.509087
  71.599589 1667.460989
  61.049664 1669.950710
  59.568734 1674.532773
  69.063154 1675.952462
  75.116026 1679.258603
  66.180544 1668.628438
  37.318929 1678.494111
  50.393393 1672.731686
  80.597068 1674.069204
  54.234187 1668.718299
  48.804106 1671.333429
  66.771018 1668.526835
  83.909281 1675.148214
  72.083980 1675.802717
  72.782164 1678.383803
  90.589227 1674.946343
  90.131028 1676.445543
  93.073638 1679.741991
  78.315776 1674.055409
  64.213215 1671.707849
  47.197275 1669.572467
  60.587269 1671.022684
  45.550917 1674.558787
  58.582573 1669.397860
 108.227760 1668.381675
  73.668571 1667.095649
  72.264842 1670.103893
  92.222370 1670.642176
  64.219648 1667.933151
  62.524495 1674.703304
  99.135277 1669.658211
  81.758116 1671.209790
  77.504405 1676.071828
  90.564350 1676.907023
  65.986414 1668.231336
  47.541716 1672.920182
  50.754501 1673.806478
  55.575015 1676.484569
  91.160480 1679.279049
  78.865511 1675.889081
  63.519810 1673.261731
  86.279599 1679.083635
  91.046938 1683.221527
  66.379023 1679.721565
  76.657811 1675.064367
  70.898000 1679.903002
  72.389057 1673.384837
  46.978968 1676.024661
  76.418900 1676.248979
  97.682077 1672.244614
  94.201646 1682.364694
  79.051972 1678.369082
  73.957458 1673.583516
  56.853398 1677.382550
  65.303113 1675.047051
  52.056028 1677.748369
  85.335340 1677.802323
  54.996001 1676.960643
  73.545005 1680.347738
 103.783472 1683.050031
  58.265828 1681.888191
 101.135490 1680.952200
  82.957233 1678.451659
 122.743968 1681.055454
  94.092309 1682.302367
 103.642838 1673.915197
  65.862458 1675.058664
  81.762030 1674.182471
  87.839649 1679.369926
  79.760378 1673.471800
 120.986212 1684.611971
 106.951622 1681.412767
  95.445752 1677.368886
 111.690710 1682.356715
  92.427108 1679.433127
  79.809914 1674.753584
  92.745657 1673.714058
  61.945945 1669.274057
  74.377364 1673.121451
  82.634560 1672.743563
  33.027063 1679.622012
  54.429730 1672.104594
  69.962507 1676.484959
  64.042539 1675.904976
  61.910421 1683.287535
  67.094643 1678.998915
  53.903089 1674.498848
  85.566689 1678.153741
  53.370394 1675.982226
  63.251644 1681.637023
  43.736246 1678.013938
  72.368270 1675.326153
