-0.708412  1.255451
-0.725172  1.792348
-0.546156  3.875361
-0.600919  1.096092
-0.482546  1.239643
-0.614808  1.508393
-0.313087  1.024751
-0.358613  1.116315
-0.158612  1.362255
-0.009166  0.742627
 0.004984  0.706636
 0.014612  0.730884
 0.021565  1.164951
 0.062630  0.956000
 0.253847  1.116711
-0.006452  1.882678
-0.014223  0.883926
-0.071637  1.564865
-0.235561  0.778898
-0.205181  2.940078
-0.049468  1.141859
-0.290861  0.907590
-0.137807  1.775555
-0.260431  1.304858
-0.391668  0.688720
-0.183314  1.612573
-0.147181  1.762621
-0.058154  1.451875
-0.020865  0.996609
-0.124492  1.248263
-0.137867  0.960949
 0.301013  2.399382
 0.168106  1.469289
 0.077206  2.219532
 0.116634  1.118140
-0.011504  1.108989
 0.062581  2.656078
-0.071040  0.967520
-0.313893  1.482492
-0.341285  0.594266
-0.423863  1.684554
-0.222580  1.545958
-0.104283  1.709074
-0.021033  1.139859
-0.077484  0.753339
 0.033449  2.340927
 0.081205  1.113225
-0.100023  1.175949
 0.176482  1.232497
 0.046871  1.444386
-0.144564  1.388917
 0.482732  3.261886
 0.462784  1.250832
 0.135328  1.322793
 0.237382  0.949775
 0.450732  1.146557
 0.502212  0.760407
 0.374980  0.803878
 0.510926  1.131267
 0.303635  1.434645
 0.251428  2.198739
 0.168477  1.399577
 0.172233  1.053408
 0.172882  1.662040
 0.277988  1.146863
 0.078234  1.261916
 0.035812  1.332249
-0.086578  1.071970
-0.118008  1.260103
-0.047299  1.248615
-0.156899  1.711896
-0.186169  1.408802
-0.071848  1.998503
 0.103350  1.720988
 0.189956  1.131861
 0.132445  0.809302
 0.068946  1.425250
 0.319246  1.270394
 0.449004  1.673558
 0.447903  1.201453
 0.415184  1.199240
 0.300514  1.510443
 0.127231  1.049365
 0.219086  0.833021
 0.240653  0.587521
 0.272026  1.000728
 0.405499  0.894617
 0.142876  1.910249
 0.175750  2.052120
 0.150627  0.678986
-0.086727  1.071116
-0.156202  1.297999
-0.263993  1.538763
-0.331475  0.864563
-0.297042  1.394371
 0.120655  1.771454
-0.076609  0.759857
 0.026971  0.763583
 0.197377  0.768270
 0.061927  1.363311
-0.106836  1.679098
-0.203136  1.180312
-0.372834  0.809567
-0.466276  0.770100
-0.474817  0.698881
-0.224989  0.812059
-0.411942  2.058552
-0.451848  0.780914
-0.452826  1.702477
-0.354174  1.329279
-0.500783  1.727774
-0.393966  1.626878
-0.365116  0.939256
-0.231298  1.266337
-0.389930  1.319136
-0.344589  0.901323
-0.437988  0.932528
-0.626924  1.004378
-0.568307  1.421327
-0.724601  1.044961
-0.686130  1.313535
-0.653053  0.867112
-0.541257  0.888335
-0.780660  1.569660
-0.609785  1.377726
-0.763775  1.463797
-0.668283  2.040668
-0.557075  1.339865
-0.538487  2.644617
-0.627846  3.793345
-0.726460  2.596473
-0.880750  1.474028
-0.992698  1.323565
-0.929927  1.267563
-0.765261  2.114483
-0.800852  1.584376
-0.893265  0.977601
-0.706967  0.582981
-0.621097  1.290337
-0.484745  1.171358
-0.542531  2.003029
-0.466236  0.817925
-0.427612  1.462889
-0.247756  1.329746
-0.318376  1.455741
-0.417714  1.525961
-0.554412  1.454691
-0.316383  0.603579
-0.406729  1.324197
-0.396596  1.024658
-0.307587  0.658316
-0.462496  1.424806
-0.421984  1.647736
-0.515315  1.080111
-0.544175  0.831377
-0.500247  1.178486
-0.336789  0.903529
-0.315199  0.953436
-0.591262  1.347401
-0.577758  1.419447
-0.590769  1.253328
-0.503133  1.547315
-0.425081  0.655934
-0.319261  1.136095
-0.261540  1.063794
-0.325987  1.253913
-0.259195  1.605921
 0.109810  2.923721
-0.000616  2.878168
-0.017255  1.780862
-0.065030  0.967722
-0.040539  0.763345
-0.066220  1.306172
-0.140964  0.937044
-0.106728  0.972755
-0.247009  0.930029
-0.426133  1.297443
-0.553741  1.988494
-0.287371  0.886035
-0.212011  0.767289
-0.512770  1.971970
-0.494266  0.979136
-0.407703  1.362821
-0.430335  0.458020
-0.592723  1.240734
-0.374519  1.253730
-0.407189  0.898184
-0.215426  1.105714
-0.338466  1.398452
-0.173444  3.270534
-0.037743  0.916667
 0.133061  0.652252
 0.553699  1.537176
 0.285506  1.092117
-0.076358  1.106320
-0.262669  2.199385
-0.240237  1.067941
-0.161327  1.144812
-0.290313  2.043824
-0.267651  0.599856
-0.084529  1.570814
-0.127196  1.007514
-0.219892  1.122536
-0.447488  0.821281
-0.131239  1.105532
-0.096285  1.391257
-0.053380  1.357529
-0.084417  0.870344
 0.020348  0.914104
 0.068711  1.412075
 0.123011  0.883881
 0.031139  0.893053
 0.178643  1.072224
 0.149273  1.638014
 0.133719  0.825205
 0.208696  1.157335
 0.248011  1.619528
 0.128853  1.011551
 0.471812  1.411435
 0.469789  1.437627
 0.225065  0.690282
 0.193328  1.694618
-0.038626  0.923791
-0.072235  1.538914
-0.018562  1.031020
-0.363548  0.531663
-0.429716  1.087609
-0.638051  1.506022
-0.442381  2.332795
-0.075862  1.554874
 0.040405  0.864554
 0.224469  1.034820
 0.127837  1.845008
 0.126845  0.912721
 0.163941  0.969023
 0.091802  1.201288
-0.074950  1.074283
-0.052695  1.825180
 0.076741  1.435809
 0.164677  1.022277
 0.155470  2.789373
-0.066181  1.459888
-0.335731  1.076548
-0.311945  0.937053
-0.386614  1.120378
-0.364484  1.115580
-0.531844  0.767406
-0.483741  1.651515
-0.423960  1.123096
-0.385183  0.952846
-0.294714  0.776994
-0.208888  1.008376
-0.141341  0.710280
 0.095574  1.591081
 0.162354  0.990035
-0.113881  0.827034
-0.266775  1.503989
-0.501812  1.496692
-0.563673  2.364247
-0.614347  1.012960
-0.786517  1.214682
-0.793386  1.582362
-0.613115  1.658030
-0.676653  1.165099
-0.634052  0.636223
-0.665428  1.462477
-0.719241  0.842569
-0.497559  0.948016
-0.577434  2.088899
-0.592357  0.934871
-0.521009  0.912451
-0.426343  1.130012
-0.381620  1.644986
-0.318346  1.003612
-0.315028  1.392723
-0.129813  1.878036
-0.006019  0.652470
-0.046097  1.096374
-0.165526  1.257929
-0.291660  1.757590
-0.243221  1.492324
-0.051691  1.893159
-0.120640  1.130919
-0.392571  1.449252
-0.596919  2.443541
-0.620358  1.817109
-0.649660  0.886880
-0.499936  3.005782
-0.553986  1.122154
-0.568527  1.024067
-0.477296  1.705471
-0.438407  2.085829
-0.375444  2.201136
-0.521205  1.687132
-0.526981  1.499200
-0.503333  0.839474
-0.385330  2.003299
-0.405213  1.511920
-0.214161  1.711624
-0.269611  2.182705
 0.000263  0.603241
-0.108236  1.884679
 0.048611  0.804081
-0.217879  0.915718
-0.021107  1.364514
-0.048776  1.446300
 0.042188  1.013366
-0.062617  1.174282
-0.020070  0.666008
 0.015642  0.871766
-0.031562  1.360054
-0.028736  0.850035
-0.009944  1.269517
 0.070967  1.375775
 0.145786  0.949800
 0.212767  1.448745
 0.362572  0.834340
 0.298893  0.748390
 0.055455  1.702061
 0.095953  0.912461
-0.046306  0.930196
-0.102050  0.640581
-0.181017  0.837489
-0.071569  1.089559
-0.312625  0.938162
-0.782400  1.486117
-0.490953  1.880171
-0.292961  1.259075
-0.380520  1.807201
-0.375114  1.195807
-0.228955  0.763185
-0.662605  1.646629
-0.582373  2.334798
-0.655374  1.040714
-0.674037  3.432303
-0.680919  0.637555
-0.513076  1.145195
-0.796751  0.955720
-0.594800  1.670715
-0.657626  1.202550
-0.604510  0.966395
-0.432291  1.090165
-0.521179  2.258733
-0.387739  1.085604
-0.363050  0.809068
-0.224395  2.260420
-0.327913  0.706802
-0.302470  1.629247
-0.445845  1.565108
-0.465038  1.534180
-0.799597  0.833001
-0.731194  1.612772
-0.535194  1.026118
-0.590708  1.664556
-0.502650  1.541069
-0.607612  0.816363
-0.737320  2.525968
-0.528662  1.305795
-0.711042  0.752052
-0.473013  3.059020
-0.371557  1.279471
-0.364670  1.567350
-0.483978  1.889868
-0.207845  1.729140
-0.069556  1.194544
 0.035564  1.228023
-0.026783  1.748429
-0.062342  1.014265
 0.165218  1.699677
 0.355749  1.456004
 0.351687  1.149862
-0.011037  1.190787
-0.291338  2.144043
-0.228875  0.929850
-0.070534  1.071851
 0.050773  0.941541
-0.268879  1.222896
-0.174739  0.943274
-0.559801  1.853223
-0.507459  1.449802
-0.280472  0.620646
-0.669381  1.439794
-0.586434  1.445887
-0.564211  1.239392
-0.568160  0.849759
-0.333141  0.978692
-0.333592  2.454873
-0.340901  1.963306
-0.507356  1.111517
-0.370645  1.114656
-0.490115  0.888453
-0.241112  0.914544
-0.014140  1.642943
-0.220764  1.286661
-0.178357  0.780782
-0.243594  1.365772
-0.099799  0.387862
-0.134321  1.027480
-0.162394  0.999644
-0.014410  0.888505
-0.033373  1.224298
-0.242020  1.027046
-0.216933  1.000513
-0.182770  0.682664
-0.292706  1.248783
-0.364187  1.267855
-0.152539  1.229358
-0.321049  1.232405
-0.320642  1.422203
-0.385666  1.173075
-0.331705  0.880823
-0.200547  2.604106
-0.190245  0.712763
-0.306380  0.843504
-0.492623  1.481160
-0.106243  1.979164
-0.028508  0.751198
-0.134066  1.278962
-0.168732  0.792606
-0.454894  1.047321
-0.381918  0.881743
-0.476092  0.865884
-0.596431  0.998244
-0.828488  0.917961
-0.616366  1.182807
-0.615492  0.914941
-0.593700  0.625002
-0.344778  0.984910
-0.169038  1.325526
 0.222706  1.385756
 0.063143  1.277984
-0.037963  0.921188
-0.296530  1.427660
-0.287908  1.716295
-0.167622  0.998107
-0.293177  1.559511
-0.447791  1.181642
-0.346281  0.920833
-0.316682  0.967270
-0.213637  1.285275
-0.328422  1.416626
-0.399455  0.779115
-0.481347  0.991056
-0.442097  0.771817
-0.270761  1.776338
-0.209991  0.976737
-0.193028  0.861506
-0.178457  1.665734
-0.060210  1.002973
-0.009290  0.973120
 0.067844  1.179080
-0.207374  1.084245
 0.019523  1.814733
-0.161719  2.123975
-0.177436  1.280299
-0.360243  2.023736
-0.151935  1.029391
-0.035652  0.850835
 0.356110  1.504646
 0.288980  1.128930
 0.635706  0.868383
 0.298584  1.371136
 0.174258  0.904116
 0.051982  1.286434
-0.042351  0.966497
-0.206044  1.046762
-0.206247  1.100539
-0.238038  1.414424
-0.235459  2.563713
-0.325084  1.000607
-0.096472  1.287172
-0.362529  0.722752
-0.293932  1.162914
-0.230935  1.047068
-0.291147  1.065899
-0.205409  0.737146
-0.276035  0.955166
-0.265656  1.150429
-0.432363  0.872861
-0.373833  1.557090
-0.318017  1.709749
-0.364944  1.576908
-0.132963  0.979703
-0.144624  1.539055
-0.346511  0.707822
-0.301723  1.069261
-0.336373  1.171264
-0.255846  1.192643
-0.355614  1.403136
-0.459243  2.374333
-0.362485  0.802498
-0.200179  0.774211
-0.056129  0.917855
-0.010949  0.970979
-0.138665  0.980349
 0.077536  1.243720
 0.065706  1.006985
 0.078708  1.062127
 0.281801  1.558143
 0.018116  1.193107
 0.191457  0.892678
 0.081292  1.170317
 0.058034  0.894752
 0.128448  1.108712
-0.036581  0.898430
 0.058726  1.497560
-0.012846  1.364104
-0.041911  0.943678
-0.219745  1.051691
-0.100987  1.507464
-0.182774  1.847157
-0.109631  0.881115
-0.222738  0.545952
-0.184038  0.735807
-0.258073  1.394991
 0.016580  1.524334
-0.057107  0.799194
-0.243863  1.153605
 0.049192  0.959537
-0.156674  1.100048
-0.364934  0.577732
-0.122738  1.160266
-0.107694  1.249962
-0.370835  0.788765
-0.157104  1.673274
-0.078582  1.093918
-0.261499  1.038855
-0.086177  1.571833
-0.375795  1.874241
-0.433946  1.338554
-0.507312  0.619021
-0.433060  1.731919
-0.594937  1.241496
-0.484318  1.968283
-0.473938  1.502781
-0.500952  2.138710
-0.414836  1.548640
-0.309288  1.107645
-0.455123  1.085238
-0.224271  1.265889
-0.178247  1.149485
-0.149289  1.129474
 0.096470  1.403154
 0.020210  1.199012
-0.015887  0.882674
 0.037073  1.168000
 0.191172  1.235129
-0.054171  2.858712
 0.014438  1.285293
-0.103198  1.707882
-0.172235  1.857789
-0.300189  1.123557
-0.086009  0.944520
-0.116767  1.822800
 0.018873  0.772179
-0.200806  1.256589
-0.216279  0.785658
-0.233395  1.246679
-0.257604  1.324653
-0.330368  1.645012
-0.342012  2.225278
-0.316511  1.560522
-0.241538  0.585799
-0.208253  2.132484
-0.221009  0.878570
-0.316061  1.199386
-0.104221  1.541905
-0.527862  1.067979
-0.460057  1.204555
-0.490808  1.748894
-0.475619  1.001295
-0.377131  1.028211
-0.233760  0.999725
-0.205509  1.329631
 0.055493  1.093018
 0.202325  1.161769
 0.204162  1.026103
 0.232499  1.427409
 0.331121  0.840857
 0.162225  0.568117
 0.154844  1.119774
 0.036797  1.473311
 0.030374  0.660827
 0.061509  0.738673
-0.028981  1.310115
 0.167159  0.908819
 0.035789  2.561479
 0.002743  1.719619
-0.011889  1.394693
-0.164412  0.787973
-0.172371  0.664724
-0.088663  0.659032
-0.005716  1.244931
 0.026553  0.894038
-0.060316  0.779433
-0.216707  1.458443
-0.057888  1.819076
-0.021685  1.868217
-0.012611  1.442752
-0.194582  1.476908
-0.342044  2.382189
-0.398844  1.222313
-0.318520  0.799083
-0.053308  0.967636
 0.131402  1.008317
 0.017972  1.224181
-0.072458  0.725094
-0.165513  1.444890
-0.190244  0.891270
-0.193291  1.324727
-0.134459  0.825638
-0.160454  1.154546
-0.083252  1.953953
-0.134949  1.228754
 0.025866  0.949596
 0.049814  1.005468
 0.013513  2.551120
 0.089052  0.988845
-0.254007  1.219784
-0.262118  1.370023
-0.089331  1.148264
-0.216688  1.751515
-0.265808  1.413262
-0.428707  0.762268
-0.375898  1.067517
-0.333174  0.932787
-0.314611  1.034059
-0.057256  1.459662
-0.362497  1.556812
-0.221988  1.506359
-0.385993  1.003501
-0.362558  1.828884
-0.385198  1.357813
-0.243850  1.132645
-0.106171  1.007917
-0.121520  1.181020
-0.118959  1.283514
 0.059595  2.307724
 0.175675  1.384646
 0.065950  1.893548
 0.065754  1.304182
 0.054034  1.543966
 0.045295  0.961803
-0.178254  1.992040
-0.295867  1.633769
-0.332563  1.726822
-0.324288  1.887051
-0.612837  0.987689
-0.501299  1.008327
-0.513874  1.013158
-0.532515  0.999441
-0.626490  1.403536
-0.607845  0.872143
-0.615133  1.250164
-0.563242  1.168290
-0.576123  1.231645
-0.549875  1.183384
-0.450951  1.338652
-0.604707  1.150257
-0.556144  0.875178
-0.614213  1.811201
-0.522911  2.373343
-0.457425  1.319501
-0.248371  0.984845
-0.171235  1.196119
-0.213504  1.277631
-0.133621  1.588917
-0.285402  0.893405
-0.267797  1.669915
-0.223617  1.554677
-0.248677  0.922370
-0.174177  1.047141
 0.087637  1.860431
 0.093462  0.953061
-0.193571  1.482052
-0.041380  0.933953
-0.184258  1.463598
 0.089413  0.888071
-0.075816  0.806566
 0.011839  2.289797
 0.007556  1.399699
 0.023411  1.202759
 0.063604  1.345021
-0.026958  1.520600
 0.037442  1.373508
-0.137658  1.827256
-0.385372  0.712240
-0.496678  1.630012
-0.701491  1.558396
-0.448204  1.202131
-0.334773  0.973887
-0.459050  0.612132
-0.311966  1.240769
-0.447564  1.498126
-0.577365  1.007443
-0.669211  1.941990
-0.627022  1.124496
-0.655231  1.644831
-0.505924  0.909974
-0.311639  0.955825
-0.443211  1.229361
-0.354183  1.277069
-0.317731  0.929377
-0.310855  1.861008
-0.513673  0.992547
-0.735906  0.792674
-0.604297  1.032075
-0.598551  1.971395
-0.685914  0.857942
-0.452786  1.270906
-0.275539  1.416660
-0.138529  0.917654
-0.256200  0.962871
-0.139920  0.991683
-0.357167  1.083323
-0.301133  1.111903
-0.437563  0.953606
-0.243900  0.907803
-0.345978  1.265081
-0.141188  1.449902
-0.104258  1.025626
-0.245201  0.906629
-0.235924  1.525355
-0.187086  1.358664
-0.083542  0.732520
-0.087739  1.340564
-0.339587  1.021925
-0.265391  1.674127
-0.215640  1.339171
 0.042636  1.184804
-0.374751  1.076505
-0.292189  1.709190
-0.205920  0.837330
-0.084033  1.037132
 0.068800  1.608640
-0.102852  1.164021
 0.035110  0.606021
 0.247595  1.544263
 0.039114  0.495944
 0.158272  1.118213
 0.234265  0.888406
 0.011655  0.636403
 0.008601  1.124269
 0.215413  0.385162
 0.245982  1.760737
 0.138836  2.144348
 0.055996  1.130209
 0.012232  1.338288
-0.086456  2.054077
 0.050009  1.356188
-0.083989  2.161785
-0.160620  2.096583
 0.028250  2.560273
 0.259823  1.662769
 0.397611  1.570441
 0.249009  0.988223
 0.271077  2.503318
 0.149266  1.286682
 0.318184  1.266023
 0.203495  1.193148
 0.166133  1.640366
-0.054237  2.125718
 0.137038  1.248787
 0.081990  0.939503
 0.067086  0.992549
-0.150495  0.746970
 0.096658  0.680055
 0.263136  1.727500
 0.229932  0.997349
 0.165844  1.200891
 0.002799  2.259215
-0.141328  1.087138
-0.202664  1.161103
-0.055586  0.876548
-0.037400  1.082033
-0.089004  1.504180
 0.117486  1.013805
 0.238740  1.774289
 0.303296  0.996284
 0.147471  2.236056
 0.078783  0.774133
-0.052121  2.054614
-0.089775  0.995888
-0.083918  0.968496
-0.016771  2.030656
-0.031628  1.105097
 0.192691  0.762357
 0.078717  1.327087
 0.081608  1.169463
 0.194541  1.588239
 0.075544  1.237062
-0.091382  1.462135
-0.017394  1.441402
-0.327525  1.265691
-0.266673  1.917530
-0.331568  0.873875
-0.234845  3.264991
-0.093619  1.150725
-0.146113  1.015287
-0.144196  0.922116
-0.304767  1.135913
-0.152410  1.318612
-0.064707  1.417221
-0.053411  1.606985
-0.141079  1.300838
-0.129874  1.654809
-0.127923  1.277414
 0.112428  1.137032
-0.198182  2.067664
-0.251958  1.631399
-0.250033  1.471248
-0.163232  1.032191
-0.224329  1.774683
-0.396889  1.066713
-0.567926  1.751449
-0.520617  1.231694
-0.253168  1.451739
-0.334260  0.760680
-0.337587  1.911674
-0.619405  1.294977
-0.583499  1.806662
-0.782385  0.859815
-0.626595  1.247008
-0.794826  1.179531
-0.631295  0.721825
-0.665666  3.230246
-0.569498  0.953684
-0.209306  1.330259
-0.204843  1.704861
 0.155117  1.209210
 0.233607  0.642599
 0.197227  0.781617
 0.228494  0.666478
 0.108246  1.888349
 0.256267  1.977829
 0.276850  3.501352
 0.165194  1.899204
-0.130585  1.414047
-0.216077  1.250726
-0.203411  1.302156
-0.170562  1.019937
-0.393498  1.287074
-0.664549  1.673476
-0.647478  1.508621
-0.708821  1.616506
-0.693256  0.732739
-0.498858  1.409165
-0.558148  1.416611
-0.601133  0.782218
-0.456040  0.976983
-0.536055  1.980210
-0.701048  2.125485
-0.725279  1.448182
-0.672745  2.234526
-0.476317  1.781645
-0.601887  0.920150
-0.559571  0.822032
-0.669952  1.447383
-0.536276  1.578153
-0.381063  1.541851
-0.364294  1.464128
-0.265471  1.845011
-0.288570  0.485352
-0.355786  1.265645
-0.125010  0.945374
-0.436483  1.527594
-0.764381  1.189476
-0.642642  0.594384
-0.792664  1.369163
-0.642179  3.646316
-0.449070  1.105484
-0.393058  1.451528
-0.505943  1.579064
-0.583217  1.643996
-0.754735  2.215675
-0.837153  1.245360
-0.624253  0.803693
-0.662092  1.834591
-0.407658  1.183534
-0.561474  1.191656
-0.552324  1.157155
-0.467814  1.075648
-0.411776  1.643730
-0.434291  0.938137
-0.415453  1.118980
-0.629111  1.978450
-0.443212  1.173459
-0.339341  1.004326
-0.252837  1.015739
-0.156961  0.720936
-0.225449  1.237288
-0.393752  0.708643
-0.450097  0.828776
-0.133450  1.592733
-0.255128  1.950355
-0.240202  1.063279
-0.169236  1.355094
-0.224108  0.779091
-0.245592  0.665033
 0.016668  1.639799
-0.194260  0.957708
-0.192883  0.832145
-0.246799  1.364749
-0.202017  1.546504
-0.450415  1.749379
-0.417831  1.143250
-0.357007  0.872809
-0.300154  1.481061
-0.251709  2.120511
-0.392228  1.121349
-0.518655  0.543686
-0.546575  0.826281
-0.488741  2.015628
-0.682388  2.032793
-0.686452  0.841454
-0.786668  1.710089
-0.735729  1.899806
-0.672260  1.181781
-0.439089  1.040319
-0.461721  0.659922
-0.551522  1.173721
-0.480624  1.534508
-0.598349  2.452943
-0.504995  0.901729
-0.587873  1.728596
-0.606183  1.272779
-0.731469  1.430355
-0.624843  2.226224
-0.648652  1.519849
-0.511668  1.524786
-0.452459  0.885558
-0.482128  0.929380
-0.447118  1.289936
-0.494616  1.699877
-0.551922  2.736394
-0.568038  2.362138
-0.610654  1.114069
-0.740612  1.425225
-0.701146  2.329179
-0.859713  1.382566
-0.729112  0.861830
-0.776829  1.263682
-0.275470  0.990142
-0.192488  0.634066
-0.233705  1.020160
-0.079696  1.263149
-0.120699  0.648848
-0.269803  1.068485
-0.242248  1.336205
-0.361360  0.828120
-0.316605  1.197836
-0.258902  0.953202
-0.219286  1.754554
-0.280361  1.088764
-0.327315  0.992587
-0.384878  0.969427
-0.358843  2.132215
-0.280357  1.149958
-0.188241  1.285351
-0.083483  0.903881
-0.072965  1.361743
-0.375133  1.722517
-0.295149  1.261478
-0.127481  0.988767
-0.084125  1.090626
 0.055682  1.190556
 0.299653  2.770791
 0.147497  1.834888
-0.044340  1.671739
 0.015176  1.895184
 0.059878  1.685893
 0.094299  1.999936
 0.238802  1.490934
 0.218932  0.910365
 0.383377  1.500532
 0.148728  1.301037
 0.045858  0.970053
-0.296161  1.247802
-0.387667  1.207290
-0.366768  0.933792
-0.421563  1.065498
-0.571993  1.294273
-0.343804  1.705501
-0.158662  0.987644
-0.051610  0.961235
 0.051366  2.171461
-0.101719  1.173036
 0.014419  2.265928
 0.300029  2.194337
 0.383646  1.836400
 0.253039  1.578263
 0.294193  0.714167
 0.330360  0.846589
 0.383986  1.412080
 0.518188  1.036087
 0.426793  0.841213
 0.534517  1.280367
 0.552632  0.943567
-0.032285  1.642058
-0.144059  1.260986
-0.009630  2.395413
-0.170346  0.951528
-0.100202  0.726384
 0.189251  0.793346
 0.071254  1.157056
-0.071959  1.123912
-0.502293  1.470952
-0.655426  1.826539
-0.418127  0.859397
-0.523968  1.524991
-0.590248  1.326748
-0.750208  1.595519
-0.922086  0.928967
-0.785142  0.759302
-0.586312  0.976786
-0.276984  1.038005
-0.341661  1.676203
-0.356988  1.088889
-0.062065  0.818496
-0.061774  1.057022
-0.125283  1.254819
 0.161206  1.274896
 0.030835  0.849717
-0.235425  0.769615
 0.078727  1.378863
 0.222838  0.695780
-0.014204  0.749017
-0.219041  1.661581
-0.176368  1.663244
 0.174880  1.686004
 0.092406  1.433537
 0.173917  0.944899
 0.160294  0.929092
 0.206718  0.894843
 0.252349  1.224615
 0.421264  0.973948
 0.530852  1.019328
 0.538363  1.558154
 0.463020  1.556645
 0.768491  0.694246
 0.756160  1.438778
 0.398785  2.388056
 0.226195  1.060095
 0.087135  0.614774
 0.142340  1.157343
-0.006228  1.064674
 0.150117  1.030846
 0.181993  1.062396
 0.135424  1.743406
 0.103199  1.155582
 0.335743  0.909409
 0.264202  0.949358
 0.099579  1.199337
 0.386623  1.265712
 0.306629  1.331999
 0.100305  1.484754
-0.043517  1.303147
-0.114043  2.040160
-0.165070  1.332937
-0.181033  0.967811
-0.061597  1.499264
-0.036565  1.005452
-0.251276  0.704976
-0.273431  2.020603
-0.475347  0.629120
-0.391287  1.553869
-0.327068  1.540808
-0.319668  0.776555
-0.368370  1.418124
-0.632120  1.813840
-0.583475  0.991760
-0.418336  1.436728
-0.444178  2.025483
-0.626361  1.904794
-0.584594  0.959629
-0.485237  0.784549
-0.445144  0.882370
-0.562851  3.205709
-0.752823  1.056458
-0.724566  1.138445
-0.567887  1.357105
-0.556080  1.121589
-0.470813  1.244521
-0.528667  1.531980
-0.547190  1.582702
-0.584840  2.508456
-0.531457  1.209639
-0.334505  2.483566
-0.142408  1.701078
-0.280514  1.495062
-0.011968  1.490844
 0.084020  2.081738
 0.179690  1.402463
 0.390388  2.101742
 0.345702  1.906565
 0.334708  0.979337
 0.304076  0.878787
 0.299859  2.715576
 0.288384  1.566635
 0.317891  0.734644
 0.348819  1.811040
 0.419540  1.166031
 0.195316  2.191390
 0.297072  1.271365
 0.263210  0.527029
 0.088661  1.584367
-0.159312  0.929418
-0.510407  1.833863
-0.616688  0.926119
-0.621202  0.631097
-0.537329  1.202054
-0.456961  0.732589
-0.399762  2.427524
-0.495422  1.548617
-0.562639  2.038764
-0.390043  0.837751
-0.246865  1.360189
-0.191305  1.640669
-0.435045  1.665238
-0.278869  1.190604
-0.350793  1.606655
-0.252844  1.078291
-0.395147  0.759093
-0.491638  1.287211
-0.275000  1.697133
-0.178206  1.604083
-0.146680  3.200884
-0.020561  1.576988
-0.225235  2.389102
-0.247177  1.355911
-0.314118  0.875558
-0.691006  1.188886
-0.739392  1.463521
-0.651464  1.326865
-0.716562  1.699163
-0.643162  3.195731
-0.663216  1.069638
-0.641132  1.012219
-0.596356  1.187925
-0.501182  1.612714
-0.411909  1.513043
-0.545491  1.744093
-0.533670  1.671645
-0.526709  1.218828
-0.551772  1.791715
-0.416840  1.370304
-0.444022  2.485548
-0.482117  2.059854
-0.522022  0.604638
-0.288477  1.325752
-0.283059  1.104702
-0.143534  1.441570
-0.082965  0.917993
 0.032990  3.164979
-0.079684  1.134680
-0.318114  2.098023
-0.279943  1.627524
-0.571057  1.900215
-0.317433  1.255673
-0.185506  1.077538
-0.296018  2.042321
-0.373405  1.359438
-0.149914  0.465602
-0.316647  1.395584
-0.456027  1.095125
-0.267227  1.098473
-0.349048  1.720701
-0.605601  1.635463
-0.495953  1.264280
-0.548370  1.208856
-0.573701  1.180081
-0.528498  1.028965
-0.385715  1.038831
-0.429722  1.012407
-0.489620  0.728699
-0.407406  0.951978
-0.432634  0.977062
-0.380653  1.655215
-0.262605  0.993187
-0.427834  1.237657
-0.278776  1.476207
-0.549031  2.175567
-0.593016  1.945502
-0.563571  1.054577
-0.707267  1.251677
-0.532065  1.075633
-0.612358  1.777135
-0.577090  1.284903
-0.474532  1.233741
-0.746203  1.619802
-0.673135  0.735359
-0.616930  1.033336
-0.437498  0.858979
-0.439526  0.883461
-0.503710  0.738299
-0.416991  0.969375
-0.197868  0.872571
-0.121338  0.996471
-0.014324  1.413556
-0.118995  0.948401
-0.109298  0.942056
 0.046645  1.516537
-0.118171  1.554558
-0.216459  1.708555
-0.195227  0.746354
-0.281963  1.546252
-0.195070  1.102417
-0.138866  0.851044
-0.264054  1.605427
-0.506093  0.816881
-0.692632  1.407650
-0.540167  1.137001
-0.497819  0.844074
-0.560569  0.769893
-0.514294  1.554972
-0.459235  1.293942
-0.429132  1.980814
-0.633820  1.279511
-0.447353  1.554990
-0.276053  0.905493
-0.266379  1.793584
-0.370025  0.829928
-0.396834  1.192016
-0.512417  1.929855
-0.554790  1.097312
-0.579187  0.938407
-0.434708  0.718102
-0.456564  1.153799
-0.480072  0.698182
-0.627470  1.760856
-0.462121  1.024610
-0.415705  0.645933
-0.201069  0.906855
-0.014810  0.967641
-0.194370  0.973114
 0.156420  1.786457
 0.002444  0.546049
 0.074243  1.415985
-0.021852  1.291917
-0.343126  1.072972
-0.265648  1.368179
-0.478885  0.948551
-0.341468  1.713274
-0.140586  0.883598
-0.243932  0.838620
-0.234390  1.303289
-0.442321  1.464867
-0.681474  1.205143
-0.307119  1.037216
-0.497961  0.778358
-0.432665  1.287800
-0.418070  0.832704
-0.347976  2.537344
-0.625389  0.836856
-0.607412  1.714857
-0.200698  2.926312
-0.431471  1.290240
-0.386195  1.190440
-0.376267  0.848152
-0.364256  1.016724
-0.137944  1.101842
 0.080853  1.374703
-0.030458  0.971327
-0.112131  1.330145
-0.057395  0.898941
-0.185355  1.144803
 0.120853  1.724595
 0.399819  0.711934
 0.442734  1.197058
 0.272650  1.126223
 0.017489  1.123163
-0.030184  1.399204
-0.092512  3.164276
-0.007149  1.179572
 0.150661  0.939235
-0.095464  1.070179
 0.118680  1.787596
 0.209358  1.329285
 0.028892  1.186877
-0.340805  2.278966
-0.382414  1.517059
-0.260807  0.986367
-0.234167  1.282409
-0.198476  1.051388
-0.101987  3.575936
-0.087144  1.673960
-0.278892  2.130700
-0.440353  1.880741
-0.425589  0.513608
-0.246846  1.579701
-0.585434  1.080861
-0.571881  2.700226
-0.512842  4.914577
-0.659664  1.434506
-0.641791  1.940664
-0.587497  1.108372
-0.683729  1.698649
-0.536822  2.930921
-0.635610  1.379191
-0.344525  2.247382
-0.388624  3.879533
-0.188919  0.740738
-0.359961  1.072104
-0.308874  1.267591
-0.280302  1.523967
-0.311215  2.186614
-0.320461  1.972447
-0.057180  1.684710
-0.054530  1.060788
 0.085470  0.979807
-0.059969  1.339478
-0.078613  0.810757
 0.116836  0.959713
 0.008617  1.081834
-0.055431  1.297424
-0.037481  1.426391
 0.027412  2.243516
-0.107305  1.905844
-0.118656  1.521178
-0.199366  1.239582
-0.190239  0.877506
-0.259719  0.974197
-0.362200  1.021620
-0.209587  1.586701
-0.125961  1.014510
 0.130443  1.244002
-0.000592  2.030987
-0.247211  0.963163
-0.049302  0.711602
-0.100536  1.043876
-0.102113  0.899273
-0.123283  2.007619
-0.094812  1.013337
-0.283335  1.139562
 0.103192  1.657543
 0.070020  1.117160
 0.054968  0.920895
 0.150481  1.596278
 0.041444  1.322627
-0.234160  1.888947
-0.197945  1.281349
-0.190583  0.860432
-0.099808  1.192167
-0.080756  1.439524
-0.133975  1.447593
-0.329862  2.346139
-0.221407  1.740952
-0.134509  1.271570
-0.394895  1.452584
-0.113124  1.084982
 0.095207  1.367074
 0.327661  1.041059
 0.133303  1.769263
 0.251960  1.484854
 0.292268  1.397297
 0.225532  1.492313
 0.088068  1.033900
 0.178307  0.978971
-0.023301  1.156078
 0.141395  0.812057
 0.010944  0.873024
-0.005818  0.925437
 0.373413  0.834127
 0.302889  2.200751
 0.177569  1.437950
 0.268271  2.375241
 0.254109  0.831942
 0.000302  0.931891
-0.091422  1.677947
 0.026892  0.688148
-0.018292  1.072615
-0.108324  1.088907
-0.301442  1.012567
-0.274790  1.027677
-0.163224  0.887960
-0.357847  0.963620
-0.677935  1.106775
-0.611076  1.019046
-0.548524  1.020042
-0.525479  1.426010
-0.432726  1.209875
-0.553450  0.970771
-0.358579  0.640872
-0.180244  1.912693
-0.360096  1.242341
-0.301052  1.686352
-0.230205  1.196454
-0.522406  0.846587
-0.509443  1.465258
-0.515507  1.107513
-0.425633  0.911098
 0.013014  0.964880
 0.182278  1.396925
 0.053615  0.567456
 0.166116  1.008503
 0.315523  2.569655
 0.015335  0.826361
 0.263429  1.802316
 0.360950  1.390943
 0.230358  2.757862
 0.101168  0.848381
 0.011077  0.743126
-0.162038  0.897800
-0.206006  1.163426
-0.355681  0.944385
-0.266866  1.688338
-0.116156  1.746459
-0.126995  0.894153
-0.264607  1.712777
-0.253699  0.994750
-0.229823  0.616748
-0.431125  0.524851
-0.374365  0.778611
-0.202489  1.158196
-0.290584  1.599215
-0.270794  0.815068
-0.123793  1.485690
-0.096663  1.109403
 0.051417  1.016829
-0.187127  0.944871
-0.210058  1.824313
-0.122561  1.126074
-0.055235  1.455529
-0.132487  0.704578
-0.360973  0.904575
-0.613421  0.969755
-0.677014  0.692996
-0.708411  1.815741
-0.617711  1.591029
-0.681375  1.677116
-0.490835  1.740906
-0.308395  1.154887
 0.050178  0.953787
 0.042525  1.186181
 0.065685  0.994185
 0.126195  0.977583
-0.006443  0.962346
-0.115738  1.102632
-0.309916  1.126500
-0.274832  0.972956
-0.212402  1.429626
-0.314220  1.127856
-0.112775  1.165183
-0.114062  1.396109
 0.052264  1.307516
-0.094085  1.048523
 0.129184  0.730828
 0.092571  1.493617
-0.007076  0.797674
-0.015511  1.936283
-0.082641  1.051501
-0.089548  2.332042
-0.030797  1.894851
-0.027161  2.099709
 0.032049  1.754511
 0.240745  1.658162
 0.210615  1.307199
 0.327714  1.558999
 0.118321  0.692816
-0.022006  1.264826
 0.089305  1.615498
 0.049096  1.100123
-0.090867  0.979332
-0.103285  0.765232
-0.130859  1.304737
-0.253411  1.968187
-0.049124  1.494591
 0.097193  0.708411
 0.032896  1.547330
-0.085627  0.686651
-0.062880  0.869173
-0.159335  0.691428
-0.367327  1.493195
-0.425927  0.960018
-0.343374  1.706865
-0.377958  2.076529
-0.359016  1.020657
-0.406884  2.163278
-0.110084  1.597380
 0.041509  0.723543
-0.171443  1.097523
-0.309503  1.141451
-0.436369  0.859081
-0.166345  1.008310
-0.038932  0.991938
 0.010741  1.981119
-0.038403  1.128664
-0.125290  0.974611
-0.028455  1.092969
-0.166372  0.962289
-0.177815  0.680658
-0.173747  1.475743
-0.206869  0.815069
-0.122292  0.900658
-0.124381  1.655931
-0.152434  0.710571
-0.229714  0.937379
-0.232262  1.054662
-0.092109  1.197954
