  0.121192 616.634191
  0.129544 585.166514
  0.122734 644.311974
  0.108967 683.445552
  0.109232 655.175228
  0.111123 552.069388
  0.121146 599.486895
  0.118617 582.462557
  0.108369 608.754375
  0.111592 562.599431
  0.117597 540.429302
  0.120688 583.324449
  0.118934 579.784324
  0.114884 596.143001
  0.118144 539.734083
  0.126082 571.979104
  0.113093 586.899829
  0.115895 634.603236
  0.113574 545.728608
  0.112023 622.876663
  0.106394 586.608849
  0.102952 613.425270
  0.109176 527.157224
  0.109017 663.844292
  0.113321 626.995163
  0.114853 619.205337
  0.113596 670.892765
  0.126926 579.348736
  0.120587 614.074394
  0.117966 597.276915
  0.125187 594.570124
  0.126586 553.907206
  0.124054 575.593354
  0.124341 589.261554
  0.123965 641.506033
  0.115823 622.092603
  0.114355 627.868522
  0.125805 559.234590
  0.119774 595.356284
  0.127987 596.152919
  0.128166 585.141698
  0.123500 622.831706
  0.125668 615.955362
  0.121064 580.390877
  0.113843 545.522038
  0.111839 623.038844
  0.114095 608.713380
  0.116649 689.407518
  0.114130 631.403162
  0.115906 630.398560
  0.117095 573.046048
  0.122208 567.141764
  0.122574 570.811397
  0.119565 564.779527
  0.118114 659.219315
  0.119175 608.702802
  0.118548 663.544537
  0.124921 574.225786
  0.126966 655.390225
  0.112101 640.036120
  0.112846 587.674636
  0.114074 600.679916
  0.110897 560.677500
  0.117642 606.838491
  0.116924 673.871317
  0.112513 612.863694
  0.119202 663.684191
  0.127183 610.501257
  0.125506 590.002366
  0.127037 601.709054
  0.111726 632.145642
  0.107813 561.907660
  0.105782 603.155686
  0.105354 602.393960
  0.106319 604.385797
  0.112366 639.079192
  0.105155 620.065182
  0.103713 654.108063
  0.106276 528.889878
  0.102499 588.098559
  0.107691 634.228702
  0.108212 567.946181
  0.119863 527.413874
  0.125864 590.475960
  0.126780 585.945651
  0.127386 539.559650
  0.127371 509.078607
  0.119620 593.799558
  0.126536 619.231786
  0.120100 582.420799
  0.115391 646.038257
  0.109753 628.168686
  0.111432 613.587322
  0.109938 571.831359
  0.107804 634.948512
  0.107858 601.340366
  0.109874 636.511637
  0.104236 553.652097
  0.105204 580.440685
  0.105716 592.686397
  0.107757 547.496594
  0.109453 610.260911
  0.104863 597.156590
  0.103562 577.780316
  0.107664 562.320445
  0.104893 586.293786
  0.104485 583.213838
  0.102047 634.240478
  0.106464 644.583222
  0.113738 570.950518
  0.116697 607.295182
  0.115345 610.733354
  0.128484 628.878466
  0.128070 635.602744
  0.125009 634.993793
  0.121308 584.930411
  0.127376 674.778272
  0.121482 604.263332
  0.120182 528.411286
  0.114112 631.601510
  0.113803 568.606576
  0.113960 578.008685
  0.115538 534.235235
  0.120129 559.502972
  0.115852 638.705327
  0.114636 591.351737
  0.118719 645.872867
  0.115548 616.418416
  0.117679 621.344685
  0.122400 603.727108
  0.118402 576.040493
  0.119849 571.663682
  0.104133 573.562896
  0.100827 566.804673
  0.111968 674.581371
  0.120403 567.988732
  0.118835 560.304577
  0.119235 616.535757
  0.104853 650.135230
  0.106705 557.138486
  0.103556 684.110881
  0.106595 619.705212
  0.116528 569.836434
  0.109846 576.644837
  0.114186 576.719972
  0.107335 635.304220
  0.112005 577.732005
  0.115289 585.911579
  0.119010 625.465985
  0.110567 588.053242
  0.118105 586.918488
  0.122242 602.620342
  0.122843 616.959251
  0.123529 570.839566
  0.124232 605.790481
  0.118923 542.091435
  0.127365 555.996933
  0.120022 596.666667
  0.109714 600.833602
  0.124531 582.039152
  0.125611 553.970434
  0.122626 584.204002
  0.126066 602.285386
  0.117094 615.845765
  0.118466 603.423973
  0.124389 624.345085
  0.121146 635.826281
  0.121517 633.501331
  0.127036 569.013729
  0.122170 620.986535
  0.122530 650.347034
  0.126854 639.559821
  0.122541 549.772587
  0.121599 679.417813
  0.125298 550.366337
  0.124497 616.832519
  0.120416 583.748657
  0.125599 656.327558
  0.119566 580.910391
  0.119862 640.340902
  0.119682 599.407589
  0.109623 632.728187
  0.109127 557.858349
  0.109450 621.580800
  0.106484 610.738888
  0.115591 532.615444
  0.114927 595.270444
  0.113923 589.324763
  0.108042 627.624449
  0.110679 620.629218
  0.115377 673.505335
  0.117725 556.957296
  0.119681 610.807093
  0.114452 591.102975
  0.119655 546.358672
  0.114247 547.603315
  0.124121 582.678935
  0.124374 551.492035
  0.117177 660.635126
  0.126209 522.874289
  0.124099 624.382070
  0.120227 617.556655
  0.122806 606.571536
  0.127009 549.515985
  0.130581 575.575770
  0.125779 548.242326
  0.123862 579.378073
  0.118321 628.677633
  0.114491 658.859431
  0.121512 606.342920
  0.112581 615.423417
  0.121206 556.351395
  0.127924 583.194548
  0.123425 634.080252
  0.116489 594.522507
  0.116918 609.544830
  0.119328 600.177240
  0.105897 587.328473
  0.107485 605.662523
  0.113930 578.249129
  0.116056 660.808882
  0.110303 556.232375
  0.105798 526.874042
  0.110246 616.106100
  0.113739 619.650747
  0.113442 560.954621
  0.117578 545.684133
  0.119877 574.039140
  0.115528 568.283205
  0.114743 584.714927
  0.123713 638.603240
  0.126237 583.200087
  0.116606 692.547928
  0.111348 564.227892
  0.118492 591.914634
  0.113623 558.050355
  0.113796 602.641000
  0.110341 506.671520
  0.112461 567.431508
  0.120258 616.603600
  0.122046 659.908358
  0.123736 626.587264
  0.118754 648.903303
  0.122558 562.411822
  0.115780 613.238697
  0.119805 567.717553
  0.125507 566.586624
  0.125368 617.117577
  0.127685 652.197461
  0.122868 603.097392
  0.121451 580.924863
  0.115093 571.864799
  0.120494 588.190747
  0.116819 597.117036
  0.124631 660.750389
  0.120875 603.246830
  0.122505 606.607454
  0.109413 626.912332
  0.111166 556.521320
  0.110473 573.938731
  0.109137 610.981113
  0.108177 666.188670
  0.109628 497.914386
  0.109262 622.314778
  0.110629 592.615108
  0.114268 564.200652
  0.117994 577.342280
  0.124351 608.522902
  0.121365 585.685090
  0.122683 612.442521
  0.124151 577.468854
  0.133650 566.780466
  0.119820 583.243358
  0.110721 619.846796
  0.119293 628.968136
  0.115850 612.612282
  0.123482 578.536251
  0.124090 643.864093
  0.126559 611.634516
  0.129634 615.746228
  0.126735 684.509609
  0.129520 605.141412
  0.126624 606.710647
  0.117199 647.491458
  0.114236 626.684228
  0.122534 638.483178
  0.119469 573.777277
  0.115459 574.169575
  0.114876 624.589502
  0.115161 598.219890
  0.117209 553.384772
  0.114795 579.312077
  0.114284 576.444147
  0.127546 621.261831
  0.121099 611.598829
  0.125150 605.865981
  0.120639 616.166237
  0.112276 624.319827
  0.105134 598.440970
  0.106617 537.547602
  0.103437 575.740774
  0.109946 596.087867
  0.109872 590.866269
  0.106676 627.841356
  0.107221 629.881590
  0.104555 594.686863
  0.110248 557.515092
  0.104509 593.051028
  0.108807 621.123356
  0.118088 648.002439
  0.120893 592.264910
  0.124511 583.210536
  0.118535 579.723456
  0.127835 615.164470
  0.118691 571.967751
  0.120605 537.428733
  0.122258 610.696021
  0.119057 593.391675
  0.123086 546.703920
  0.126319 578.102133
  0.122817 544.750756
  0.113472 624.417643
  0.120744 576.019479
  0.126399 536.689565
  0.124099 623.386460
  0.123857 616.115947
  0.123472 663.082041
  0.106301 590.655233
  0.105738 581.563375
  0.107425 587.075216
  0.105988 601.862593
  0.109351 614.128032
  0.117167 554.124596
  0.121058 663.333537
  0.116140 577.755819
  0.107607 634.572152
  0.122637 595.764888
  0.113527 668.221128
  0.109086 617.446139
  0.105445 635.406780
  0.101314 620.327374
  0.108099 604.560387
  0.112285 669.278784
  0.114215 579.030389
  0.119638 580.844472
  0.121954 590.738681
  0.121128 602.818833
  0.127398 603.607052
  0.118645 538.537513
  0.130832 620.265888
  0.126150 610.649746
  0.125023 609.230012
  0.126439 523.125919
  0.124710 541.111539
  0.120052 531.129774
  0.112144 593.650593
  0.115643 577.659652
  0.118922 578.721623
  0.120326 663.161124
  0.120549 600.313883
  0.120641 644.307782
  0.115733 575.290978
  0.113048 565.368062
  0.117326 643.414065
  0.117641 560.292717
  0.116320 560.676416
  0.122731 621.965367
  0.123420 571.939905
  0.122785 596.529078
  0.121204 576.459395
  0.123263 591.431571
  0.121458 518.447752
  0.116627 613.763241
  0.120458 607.589063
  0.120600 582.733452
  0.128608 566.980974
  0.123735 592.851155
  0.129964 609.103630
  0.122455 540.869605
  0.125130 581.307128
  0.123138 572.651653
  0.124710 549.708212
  0.115700 551.069452
  0.119746 608.054683
  0.105576 609.713094
  0.119826 607.111407
  0.116867 633.321872
  0.110083 654.115292
  0.119124 574.199590
  0.117783 633.804712
  0.117126 633.068980
  0.125223 587.798303
  0.121002 675.305423
  0.115007 566.051462
  0.125594 647.302711
  0.122134 649.757348
  0.118537 580.746394
  0.124759 586.827556
  0.121887 674.739422
  0.126263 578.733971
  0.125814 587.083344
  0.124680 663.613188
  0.119223 581.434587
  0.105632 630.834397
  0.103369 558.393820
  0.104530 600.084070
  0.107768 570.332851
  0.110492 554.938859
  0.123693 587.666928
  0.127293 556.416877
  0.126164 589.915117
  0.124686 554.793824
  0.129493 560.325600
  0.125242 581.005337
  0.124654 616.032651
  0.124293 591.343657
  0.121034 553.058826
  0.120836 558.396420
  0.116676 548.850134
  0.114561 564.038638
  0.120194 646.542632
  0.127445 623.831657
  0.118135 609.452378
  0.105655 549.913498
  0.113145 615.734478
  0.112748 574.006936
  0.114338 565.930513
  0.114396 554.913207
  0.106522 619.880153
  0.108216 606.255796
  0.111500 622.256629
  0.113063 617.328138
  0.108775 592.855969
  0.111682 629.485753
  0.115395 621.857436
  0.111280 634.122611
  0.108241 621.717229
  0.107933 540.587568
  0.108785 574.601424
  0.109504 603.657693
  0.104001 635.338015
  0.110246 575.218549
  0.107067 582.196105
  0.109478 628.537398
  0.115224 576.152525
  0.108113 599.409570
  0.105542 585.485592
  0.103885 662.992021
  0.101457 583.073315
  0.112651 566.008343
  0.109417 544.245399
  0.112378 609.638185
  0.116300 556.463115
  0.108792 654.450009
  0.107972 600.246705
  0.106929 569.462308
  0.113546 562.949903
  0.119952 569.853200
  0.116085 570.623853
  0.124644 599.671925
  0.126311 537.471548
  0.117774 581.854938
  0.123384 618.484611
  0.111420 597.920528
  0.109687 628.242924
  0.115597 604.185498
  0.117197 603.751351
  0.124830 626.904278
  0.112096 588.229604
  0.112512 614.800483
  0.117392 613.276281
  0.121771 598.411446
  0.115754 587.342774
  0.126800 555.127300
  0.123675 561.629443
  0.115315 632.337896
  0.116138 585.042058
  0.126015 592.935746
  0.125723 554.486562
  0.123945 562.249112
  0.128474 572.493091
  0.120861 590.556824
  0.122445 555.910556
  0.124577 600.686146
  0.122807 560.007266
  0.119686 584.671814
  0.120787 628.907580
  0.117785 567.973862
  0.113799 622.066573
  0.108918 616.831631
  0.111392 684.076748
  0.103311 625.522591
  0.105968 553.324199
  0.106321 584.649984
  0.108535 610.492342
  0.113017 599.732742
  0.114577 636.181389
  0.116295 636.214121
  0.126374 560.548622
  0.123167 562.885567
  0.112747 590.560422
  0.106121 565.281870
  0.113571 636.919985
  0.109073 581.389221
  0.109605 622.305684
  0.116556 648.447718
  0.123065 599.949838
  0.114694 551.412908
  0.120339 602.058626
  0.120405 568.376575
  0.124068 572.406009
  0.122315 605.822846
  0.114612 604.191496
  0.119816 529.012372
  0.122492 654.348494
  0.126459 613.950922
  0.125660 581.479198
  0.116720 562.902791
  0.128562 607.472488
  0.122109 577.905275
  0.120761 587.808117
  0.124455 557.000601
  0.125377 595.447709
  0.121873 623.609562
  0.111993 582.109923
  0.115121 696.738510
  0.120123 530.438996
  0.109679 601.488756
  0.113505 631.672094
  0.108549 595.302299
  0.105088 608.317786
  0.104770 587.442842
  0.111464 597.643390
  0.116982 621.817587
  0.118232 614.939889
  0.121412 576.984154
  0.117875 559.234821
  0.111781 636.335866
  0.107143 653.256387
  0.105634 627.323566
  0.107620 601.996376
  0.116347 578.695774
  0.120109 523.602042
  0.114452 531.547905
  0.107102 622.912812
  0.114170 632.482725
  0.114804 590.553035
  0.120829 639.250848
  0.120594 627.463999
  0.120630 631.556278
  0.121182 547.933176
  0.114634 625.409915
  0.122388 536.617064
  0.115283 588.054887
  0.110300 614.001025
  0.117154 648.729354
  0.114236 560.019269
  0.110682 607.434039
  0.112679 645.072804
  0.110490 556.119423
  0.110075 605.854540
  0.114880 614.319260
  0.121804 585.261527
  0.128965 531.347598
  0.118430 569.579878
  0.112843 539.630587
  0.111854 637.472639
  0.106876 617.746114
  0.115520 562.776433
  0.116099 625.139306
  0.118366 598.806579
  0.113684 596.305801
  0.105936 558.627266
  0.106948 594.350117
  0.110388 584.642751
  0.114306 660.618762
  0.115949 666.848669
  0.118561 585.314288
  0.121212 634.700003
  0.113460 586.478997
  0.112268 629.404945
  0.111572 535.307775
  0.111763 555.125195
  0.112177 620.499437
  0.114545 629.381769
  0.116461 543.550762
  0.116398 593.082923
  0.125883 622.078129
  0.118615 660.236664
  0.112601 601.598212
  0.110653 643.200461
  0.108463 616.574886
  0.106167 558.048081
  0.108503 652.160082
  0.107178 588.814354
  0.107256 584.730009
  0.110927 604.298408
  0.110021 600.306273
  0.108394 601.393697
  0.107186 589.913527
  0.116020 613.578148
  0.120025 515.376703
  0.124339 671.978991
  0.108213 591.280160
  0.113294 646.970941
  0.115131 565.909074
  0.112774 574.207483
  0.118816 638.366736
  0.116804 597.791675
  0.114568 556.283013
  0.125561 571.951407
  0.128170 596.828636
  0.128901 565.762431
  0.119509 557.837684
  0.123943 599.790064
  0.127210 600.545616
  0.124880 527.355417
  0.125577 582.795303
  0.114746 665.597697
  0.108705 581.721099
  0.110703 660.200089
  0.106228 562.828772
  0.106774 558.144260
  0.109487 584.139794
  0.119395 603.389099
  0.129507 575.739732
  0.130160 624.162277
  0.127778 613.243154
  0.125416 587.188266
  0.126321 612.742245
  0.125982 619.238891
  0.115859 628.285237
  0.107893 552.554378
  0.108264 615.772463
  0.107164 580.621117
  0.105436 644.136806
  0.106534 625.847494
  0.104273 588.548473
  0.105190 594.859695
  0.111187 582.827056
  0.117828 615.604983
  0.116661 665.959553
  0.116313 568.425166
  0.124133 547.189769
  0.126386 590.262960
  0.116946 629.434757
  0.111684 596.510724
  0.105210 554.391221
  0.106534 628.368065
  0.112808 581.076082
  0.111865 624.145359
  0.107960 598.487911
  0.107846 620.307021
  0.110040 541.179335
  0.109859 560.567446
  0.114560 557.092555
  0.113524 632.289310
  0.111610 588.375669
  0.117282 584.378565
  0.115611 680.473716
  0.110142 581.242192
  0.118049 693.461105
  0.121659 580.422168
  0.128332 655.576957
  0.120151 608.217937
  0.125102 631.497486
  0.121982 624.003222
  0.110654 628.011487
  0.113273 629.611099
  0.110888 617.008616
  0.112311 596.426906
  0.113414 591.419052
  0.112566 613.071511
  0.109177 598.623268
  0.109465 597.293579
  0.108528 604.181227
  0.109326 570.601316
  0.108011 590.294854
  0.111326 610.449211
  0.114174 561.756397
  0.115550 559.659741
  0.112143 554.005776
  0.118853 609.250776
  0.108398 608.196673
  0.101083 640.058778
  0.106579 620.900901
  0.106678 657.873274
  0.110528 590.401400
  0.111966 583.769884
  0.110494 613.295753
  0.118310 540.328074
  0.114406 550.873124
  0.119867 636.183920
  0.114992 581.884474
  0.124253 675.438715
  0.122230 614.493993
  0.120985 635.606191
  0.119606 531.053234
  0.113868 622.834926
  0.117489 577.691465
  0.117658 601.979454
  0.118255 659.750128
  0.117490 577.800857
  0.109368 606.313480
  0.112408 638.215485
  0.109056 629.599057
  0.109088 585.619037
  0.109104 524.791817
  0.106905 623.359546
  0.114274 610.365165
  0.117622 665.762657
  0.116011 610.241098
  0.114934 566.587726
  0.107071 617.377698
  0.103319 611.220495
  0.103990 611.937660
  0.105586 553.280097
  0.111495 604.279901
  0.106662 616.493587
  0.106562 675.705798
  0.105159 568.639265
  0.108199 602.261860
  0.107138 638.647150
  0.106428 611.376446
  0.110191 599.631412
  0.115239 606.804638
  0.111693 595.253844
  0.115929 618.081920
  0.114390 585.012386
  0.110210 596.196672
  0.105624 575.359608
  0.100995 591.099332
  0.109216 598.910422
  0.106030 626.194523
  0.106442 581.793444
  0.111208 616.004256
  0.103813 575.548943
  0.109954 601.980868
  0.104740 557.190104
  0.106876 562.313477
  0.108821 590.234909
  0.106673 579.180525
  0.111256 590.774000
  0.117412 601.805964
  0.122533 597.829415
  0.121598 653.071165
  0.129191 533.352478
  0.128281 626.429198
  0.114739 616.459078
  0.113199 594.895173
  0.115044 578.511993
  0.112722 528.586776
  0.114259 658.217714
  0.120711 547.436057
  0.122656 590.144354
  0.120365 618.811693
  0.113909 580.022384
  0.110434 648.719415
  0.128414 659.160538
  0.115101 624.020191
  0.118450 630.005552
  0.113703 600.108349
  0.114594 603.317758
  0.109022 542.585321
  0.108643 557.061669
  0.109258 617.533869
  0.106281 641.733996
  0.112876 574.603328
  0.110864 583.313134
  0.110629 571.373995
  0.111303 558.016586
  0.105471 588.688273
  0.106607 586.817543
  0.103671 624.791363
  0.106517 579.457840
  0.109074 625.051458
  0.107671 622.641471
  0.108222 572.942077
  0.109491 600.815300
  0.113497 582.842723
  0.114136 551.360756
  0.116682 648.865448
  0.108908 610.271176
  0.107555 571.521854
  0.103663 606.303934
  0.106457 535.053231
  0.113269 557.012299
  0.124058 555.574598
  0.114890 560.540121
  0.116394 636.438342
  0.109040 630.546398
  0.109297 618.772337
  0.110183 609.601603
  0.111028 565.981179
  0.109799 627.274317
  0.108547 610.651616
  0.106102 592.802101
  0.110325 630.571691
  0.114747 624.482747
  0.115715 580.330889
  0.124284 596.237343
  0.129373 585.549633
  0.125880 638.871122
  0.126957 633.869561
  0.131236 662.629909
  0.122645 583.238090
  0.123224 608.830263
  0.124868 586.422893
  0.120032 573.343872
  0.116612 596.054176
  0.122654 587.768553
  0.119851 592.535927
  0.117438 611.626091
  0.118207 526.293846
  0.113620 592.893200
  0.109697 601.806344
  0.108181 547.454870
  0.104388 612.658826
  0.115218 626.801861
  0.108781 628.861945
  0.113254 611.120133
  0.111319 642.695540
  0.112160 587.085232
  0.112608 564.261988
  0.119101 594.458482
  0.115079 603.149864
  0.120269 580.883565
  0.123763 609.467474
  0.115832 617.292640
  0.121407 588.436620
  0.119945 620.185677
  0.116784 601.344856
  0.114205 587.033158
  0.110596 657.455543
  0.109480 640.476681
  0.110027 621.832746
  0.112756 616.315240
  0.109663 600.021471
  0.116503 599.737197
  0.121900 610.339205
  0.126996 644.487843
  0.123414 635.974539
  0.119868 549.752815
  0.111158 592.864330
  0.108038 596.416251
  0.108773 631.639689
  0.120133 667.290254
  0.127028 627.063693
  0.123165 647.860775
  0.127296 586.755719
  0.123416 577.039156
  0.126449 614.916152
  0.122080 582.042618
  0.123790 621.944275
  0.128671 569.867342
  0.124442 580.026037
  0.130907 631.233347
  0.121480 692.169436
  0.123216 636.160535
  0.120159 578.827023
  0.113783 605.323490
  0.112486 597.869993
  0.115804 586.505171
  0.111798 663.086877
  0.106818 610.144117
  0.105485 583.580977
  0.104759 619.107889
  0.101921 577.079501
  0.112479 565.600634
  0.123117 567.064197
  0.109009 532.638893
  0.116959 542.111285
  0.117333 632.830517
  0.121085 577.738680
  0.117901 579.723511
  0.114357 571.974238
  0.113683 639.442995
  0.119746 637.794047
  0.123160 583.299575
  0.125622 604.140687
  0.124907 642.415481
  0.123953 514.774734
  0.118091 607.051568
  0.125212 631.583268
  0.123347 630.130723
  0.113783 571.806163
  0.120180 569.656111
  0.122960 578.676882
  0.124392 554.611614
  0.117397 542.451014
  0.114505 593.625320
  0.110192 642.800753
  0.114943 560.975815
  0.125554 546.824321
  0.127238 626.293071
  0.117567 573.691770
  0.116853 600.564867
  0.112743 566.435014
  0.114576 631.234737
  0.117979 550.754347
  0.118153 630.793485
  0.111020 595.032215
  0.127087 603.109679
  0.124846 563.409023
  0.126750 584.842966
  0.125527 644.885812
  0.123794 648.462889
  0.125943 517.479923
  0.126370 653.865751
  0.122802 659.285835
  0.121069 572.563922
  0.124822 574.698888
  0.125568 576.512536
  0.128106 571.606824
  0.122321 650.239766
  0.123046 564.986070
  0.125792 636.033089
  0.117305 577.379289
  0.118277 582.812774
  0.118697 605.956789
  0.122218 564.080776
  0.125813 651.663297
  0.123921 611.411938
  0.127769 634.613060
  0.121952 566.118009
  0.113395 567.188942
  0.112769 617.804805
  0.113385 588.243377
  0.114825 543.650455
  0.111812 610.716130
  0.129477 607.907516
  0.123441 613.835161
  0.120512 604.049416
  0.124843 678.702141
  0.125248 605.210007
  0.124054 598.777401
  0.124194 627.316466
  0.117910 552.489581
  0.122678 577.702310
  0.117732 526.752957
  0.117533 610.230349
  0.112504 609.713096
  0.112215 604.036131
  0.124851 633.260587
  0.123393 629.150184
  0.117332 629.878678
  0.116775 578.067091
  0.121541 596.479071
  0.118170 568.189589
  0.115293 621.769616
  0.107686 618.200332
  0.105572 564.925339
  0.113567 642.627141
  0.108867 576.352838
  0.118584 568.502698
  0.115537 582.609155
  0.114952 595.812844
  0.112793 594.287836
  0.119117 592.215754
  0.126975 561.359812
  0.119783 559.796593
  0.118563 620.130590
  0.115240 556.372908
  0.126322 549.881664
  0.127310 581.155747
  0.121148 664.018069
  0.113154 599.623116
  0.110853 623.033779
  0.113945 600.976331
  0.110714 621.649876
  0.104639 565.687327
  0.123680 610.340352
  0.126567 613.015627
  0.123637 668.480862
  0.129560 652.239499
  0.118208 619.340011
  0.117309 572.896383
  0.118781 601.174686
  0.125427 558.534854
  0.125391 642.855552
  0.127770 600.254658
  0.120741 578.678984
  0.127187 576.853451
  0.122376 523.210877
  0.119582 642.303460
  0.113625 657.730961
  0.113142 585.517005
  0.119900 602.597462
  0.113721 595.631271
  0.108770 615.844604
  0.109852 595.217916
  0.113911 657.712251
  0.120462 582.451245
  0.123213 579.234939
  0.114093 645.596152
  0.116730 626.134837
  0.116809 571.009857
  0.108322 595.541021
  0.107399 572.099827
  0.108926 603.942806
  0.115222 652.407900
  0.117866 589.384589
  0.118637 628.773435
  0.119727 568.707985
  0.117785 620.268838
  0.114817 594.155088
  0.107615 647.473560
  0.112181 626.665366
  0.110741 630.514709
  0.108552 653.194524
  0.101452 645.120419
  0.105167 636.209636
  0.107814 594.776453
  0.105718 620.022182
  0.105764 630.660861
  0.106887 601.859724
  0.109072 619.139297
  0.105751 577.006521
  0.104782 584.850401
  0.106178 542.352287
  0.108257 575.857580
  0.108673 652.290558
  0.115046 582.663489
  0.116089 608.183255
  0.115632 594.794214
  0.112651 634.203396
  0.125775 564.220828
  0.117863 609.481989
  0.114392 614.699197
  0.114961 590.328368
  0.114169 600.273527
  0.120524 594.331166
  0.111601 604.570968
  0.111540 559.722205
  0.124171 636.373864
  0.125358 619.413520
  0.121672 595.995309
  0.125381 585.702990
  0.124498 593.674215
  0.125171 570.041271
  0.112337 574.527106
  0.112304 574.926934
  0.116628 640.706415
  0.127002 614.192863
  0.123993 566.205549
  0.121896 615.497515
  0.125974 640.197726
  0.121265 602.936689
  0.117854 628.480842
  0.110873 603.763154
  0.112983 568.863740
  0.121543 625.558793
  0.123323 610.483733
  0.123752 586.493899
  0.112278 540.903180
  0.105669 619.826539
  0.106814 521.306268
  0.110786 688.677784
  0.109612 540.104210
  0.113095 591.412176
  0.114641 640.344574
  0.115863 665.498391
  0.115767 604.715524
  0.120755 598.118245
  0.119115 591.042364
  0.121690 649.675142
  0.124800 602.739643
  0.119404 636.613894
  0.118490 617.282352
  0.119838 627.355504
  0.122694 598.852952
  0.121849 618.098521
  0.114584 626.941335
  0.110372 597.979500
  0.106330 571.350850
  0.106707 575.859228
  0.109017 626.694904
  0.111525 577.145706
  0.111854 649.310162
  0.112168 601.827065
  0.122140 682.701536
  0.129161 588.728977
  0.118715 592.019861
  0.112789 586.539197
  0.113231 535.594664
  0.113247 622.883266
  0.105350 665.720059
  0.114331 554.805636
  0.113881 650.478179
  0.115792 565.553594
  0.117461 603.314100
  0.118061 585.954748
  0.113091 563.654555
  0.124539 596.237543
  0.124413 555.920172
  0.128282 555.170230
  0.116988 545.022416
  0.115654 569.632470
  0.114503 575.771614
  0.108584 651.239861
  0.110841 534.279964
  0.118232 650.652182
  0.125467 643.021118
  0.117989 513.493424
  0.118302 622.145451
  0.107912 547.276016
  0.108051 638.229345
  0.119000 639.194905
  0.114551 650.161905
  0.118665 580.947888
  0.119880 604.422776
  0.110905 626.447855
  0.119397 569.931613
  0.116233 574.396672
  0.110226 623.398954
  0.113602 565.327429
  0.111394 592.349452
  0.120644 632.127282
  0.121202 657.242509
  0.123763 618.567119
  0.132456 548.231312
  0.130239 614.021931
  0.127731 593.469521
  0.124181 595.997278
  0.125315 584.978228
  0.123785 593.645997
  0.116789 698.251314
  0.104750 606.486323
  0.113309 612.419381
  0.109416 629.932964
  0.105681 595.654653
  0.104512 563.088189
  0.110540 589.787855
  0.115185 608.513196
  0.114483 608.539814
  0.121156 615.359947
  0.115480 639.991210
  0.110963 629.189516
  0.122182 553.670039
  0.124511 607.431131
  0.122954 578.550148
  0.122898 612.159877
  0.122652 550.463089
  0.109697 642.893998
  0.118968 615.269817
  0.120005 522.691980
  0.117154 631.766027
  0.114375 589.797046
  0.108369 648.168949
  0.109121 544.008229
  0.111627 643.586688
  0.122888 560.046808
  0.122436 665.395923
  0.118759 597.378146
  0.126708 623.766649
  0.114704 564.295729
  0.109757 596.269639
  0.111498 593.074063
  0.118046 637.223315
  0.118069 570.927017
  0.120901 574.637415
  0.118127 631.119170
  0.120639 578.873096
  0.123901 547.943094
  0.118142 599.493876
  0.123647 648.598101
  0.124761 586.037342
  0.114025 561.194198
  0.117060 515.183243
  0.118751 562.582572
  0.122938 554.721080
  0.117160 557.294205
  0.117454 578.283422
  0.118715 596.641058
  0.119184 540.053060
  0.117455 585.061080
  0.126794 604.289118
  0.127206 556.976592
  0.123374 560.990851
  0.125376 544.477889
  0.133841 568.108349
  0.110816 644.713301
  0.107820 600.889480
  0.103966 637.914132
  0.107885 614.340854
  0.107410 605.706655
  0.109019 607.149217
  0.107469 539.072561
  0.105080 640.066270
  0.107831 635.148932
  0.113523 556.116955
  0.121752 662.290784
  0.122811 681.774831
  0.128350 543.381796
  0.118187 653.237942
  0.123389 572.098582
  0.130623 610.572226
  0.121485 602.267742
  0.117074 576.934081
  0.119953 650.862859
  0.111254 584.762369
  0.110522 606.861310
  0.108052 621.358672
  0.109578 625.956461
  0.107158 600.066945
  0.104704 583.596149
  0.109274 554.873424
  0.118882 591.433709
  0.120990 612.615553
  0.127627 594.837774
  0.127633 669.125461
  0.128324 596.591393
  0.127197 625.888691
  0.118839 558.345969
  0.119724 588.551571
  0.118487 593.617515
  0.104480 564.054363
  0.112251 588.587554
  0.110638 643.704930
  0.112571 530.608874
  0.114177 654.149833
  0.113185 601.987234
  0.115173 634.311195
  0.112953 566.165386
  0.113155 603.065613
  0.113676 663.221114
  0.119325 640.703226
  0.122222 616.183733
  0.122796 573.909299
  0.120165 548.545674
  0.116886 602.145132
  0.118024 561.795255
  0.115420 632.703810
  0.110261 595.604262
  0.109913 617.949855
  0.116899 581.894684
  0.114249 556.114087
  0.121411 675.005034
  0.125974 561.388249
  0.121737 634.348782
  0.121179 587.639590
  0.117516 638.725434
  0.108279 567.461752
  0.114128 601.136394
  0.117024 601.223428
  0.116093 592.699998
  0.118566 575.546417
  0.115939 592.366729
  0.120660 626.248634
  0.121280 565.695123
  0.123094 609.686342
  0.129940 613.077223
  0.125510 545.109131
  0.116832 688.023427
  0.125491 591.989995
  0.130710 604.746487
  0.124396 619.419739
  0.129371 617.298605
  0.128931 645.850059
  0.131184 549.955219
  0.125049 629.829519
  0.126377 569.758256
  0.122397 591.266340
  0.118954 656.309002
  0.111798 611.541941
  0.116646 615.716793
  0.118110 683.493982
  0.123633 608.570867
  0.130783 565.982174
  0.126168 640.284687
  0.126709 647.086015
  0.120526 579.834444
  0.125328 599.851984
  0.114593 611.374637
  0.118260 578.776807
  0.119211 606.551772
  0.119635 600.616597
  0.104033 558.434615
  0.106967 617.531311
  0.104266 518.976042
  0.111566 545.759724
  0.115173 576.127729
  0.122803 556.623920
  0.116404 572.516674
  0.111015 671.227696
  0.113801 625.539703
  0.109293 589.251878
  0.103970 571.487454
  0.109261 633.792662
  0.114205 595.655828
  0.112274 622.124266
  0.115385 600.427550
  0.112985 604.429665
  0.121249 556.704142
  0.127647 559.900617
  0.128997 593.111764
  0.121688 618.734095
  0.111841 628.462358
  0.111532 582.796817
  0.106289 557.952918
  0.107069 542.215593
  0.110814 594.212108
  0.108249 558.510628
  0.103892 599.300704
  0.107469 536.222311
  0.110660 573.992509
  0.109768 569.566466
  0.107783 612.213200
  0.104903 604.689916
  0.115038 545.286797
  0.104994 560.656506
  0.103396 612.434927
  0.107988 626.760549
  0.108812 581.962961
  0.113439 552.799957
  0.114712 595.399677
  0.115178 513.880696
  0.113726 539.234323
  0.120500 572.833188
  0.119213 581.185801
  0.116720 634.270250
  0.116930 603.006319
  0.116130 590.681921
  0.114198 539.393734
  0.110242 594.678585
  0.107824 637.544772
  0.108115 562.117255
  0.115788 554.814614
  0.118442 628.116383
  0.128548 532.591314
  0.122026 550.282761
  0.116438 609.451306
  0.116387 644.563555
  0.115897 631.972611
  0.126359 609.867868
  0.126146 619.501143
  0.115284 672.397974
  0.120866 568.075708
  0.116188 584.187249
  0.105683 495.556999
  0.113350 567.346035
  0.122354 604.617955
  0.119274 627.522639
  0.116514 565.036706
  0.120667 567.026804
  0.116114 613.782814
  0.121613 574.922019
  0.118798 556.169292
  0.111862 629.540436
  0.116966 610.939833
  0.117388 546.093064
  0.117194 563.254101
  0.128584 599.659845
  0.123435 559.433473
  0.128609 574.122580
  0.122577 615.799969
  0.110513 530.521727
  0.111178 607.235287
  0.115618 578.998573
  0.113722 562.227004
  0.122617 561.258018
  0.110263 553.069799
  0.123941 571.758952
  0.119082 630.674251
  0.120732 581.911672
  0.131562 547.782537
  0.129934 584.281544
  0.121842 607.462439
  0.121284 594.169432
  0.124362 530.378069
  0.116497 605.223526
  0.115793 661.917378
  0.108314 597.795144
  0.107392 630.433352
  0.104886 564.201993
  0.114189 589.809801
  0.110447 602.940724
  0.107979 615.630108
  0.109095 594.797859
  0.115454 552.259414
  0.117090 596.134961
  0.124582 644.284519
  0.120152 564.698580
  0.128895 565.264736
  0.123271 643.693950
  0.120474 590.772951
  0.125205 626.641940
  0.128450 638.307548
  0.131499 632.492139
  0.125358 590.711883
  0.122457 566.759228
  0.124734 605.821604
  0.126416 597.192467
  0.125400 563.366199
  0.120622 601.426530
  0.124986 586.697281
  0.121658 635.846215
  0.122018 634.998359
  0.118924 547.272008
  0.121731 563.239286
  0.124640 630.469860
  0.124485 605.932772
  0.122736 556.292353
  0.115693 597.300814
  0.111357 624.828813
  0.109924 632.283271
  0.113075 555.493711
  0.114714 601.613963
  0.114723 593.660648
  0.124670 603.116448
  0.128859 615.272968
  0.129766 591.258566
  0.129099 588.370867
  0.127365 599.238847
  0.120610 555.809857
  0.122898 613.483359
  0.127027 560.162713
  0.122516 553.704071
  0.125500 605.603735
  0.120310 675.981768
  0.122128 555.501904
  0.120854 524.869107
  0.120882 588.585326
  0.125742 574.697933
  0.120792 666.276524
  0.109805 662.096511
  0.117592 573.063169
  0.106733 599.138585
  0.112378 568.586958
  0.107350 545.015490
  0.105689 605.590686
  0.109713 660.416996
  0.108709 642.165787
  0.105725 620.583960
  0.102538 549.340164
  0.100745 530.383335
  0.103716 647.534482
  0.105350 577.161665
  0.114407 536.521244
  0.120432 632.076976
  0.121712 622.762547
  0.119504 636.249197
  0.124409 672.432323
  0.127184 545.842578
  0.117575 637.277059
  0.118658 588.168113
  0.118163 570.541787
  0.126054 528.809405
  0.118303 625.801116
  0.116751 616.882088
  0.116526 670.409626
  0.105523 582.486524
  0.102348 610.181294
  0.106261 602.386798
  0.103433 623.302988
  0.111731 637.458209
  0.106882 578.982914
  0.107029 595.426807
  0.105469 598.585318
  0.114733 571.147272
  0.122637 621.301169
  0.126644 629.901729
  0.126745 592.420871
  0.125310 592.912038
  0.121579 657.169499
  0.121988 617.541752
  0.118450 597.874585
  0.118778 596.259169
  0.116095 633.687067
  0.108968 546.798011
  0.112887 647.591715
  0.109273 625.719879
  0.110542 685.364147
  0.118092 571.465509
  0.120472 588.313583
  0.121790 613.035190
  0.118319 529.693313
  0.122617 654.320663
  0.118788 611.932003
  0.123024 603.270321
  0.114983 552.578584
  0.117122 586.984897
  0.108101 597.832017
  0.108761 631.298659
  0.103713 541.337391
  0.104710 557.938356
  0.110715 618.326524
  0.118957 596.152993
  0.110874 597.398216
  0.112799 621.938419
  0.114852 645.361073
  0.118339 580.089079
  0.114933 583.615239
  0.119710 604.771741
  0.121783 591.845329
  0.120051 556.261320
  0.108107 568.141668
  0.108846 627.915486
  0.113599 604.258545
