0.000000 0.021825
0.000000 0.039833
0.000000 0.044492
0.000000 0.012740
0.000000 0.041508
0.000000 0.040903
0.000000 0.011991
0.000000 0.024560
0.000000 0.053597
0.000000 0.020909
0.000000 0.021015
0.000000 0.021464
0.000000 0.023976
0.000000 0.028595
0.000000 0.017544
0.000000 0.030903
0.000000 0.020200
0.000000 0.015419
0.000000 0.037072
0.000000 0.031323
0.000000 0.019847
0.000000 0.017144
0.000000 0.017168
0.000000 0.021166
0.000000 0.027607
0.000000 0.026388
0.000000 0.030122
0.000000 0.036169
0.000000 0.054057
0.000000 0.073695
0.000000 0.033420
0.000000 0.018189
0.000000 0.026219
0.000000 0.025186
0.000000 0.013965
0.000000 0.020960
0.000000 0.034926
0.000000 0.034176
0.000000 0.061114
0.000000 0.026003
0.000000 0.014337
0.000000 0.021848
0.000000 0.018406
0.000000 0.028927
0.000000 0.017714
0.000000 0.026580
0.000000 0.020422
0.000000 0.021001
0.000000 0.009824
0.000000 0.022598
0.000000 0.019554
0.000000 0.023328
0.000000 0.040181
0.000000 0.021247
0.000000 0.016274
0.000000 0.013234
0.000000 0.022055
0.000000 0.043466
0.000000 0.057482
0.000000 0.025640
0.000000 0.027888
0.000000 0.013086
0.000000 0.024676
0.000000 0.026002
0.000000 0.021617
0.000000 0.022493
0.000000 0.040627
0.000000 0.070234
0.000000 0.041550
0.000000 0.024468
0.000000 0.016266
0.000000 0.029912
0.000000 0.024589
0.000000 0.032152
0.000000 0.022137
0.000000 0.042972
0.000000 0.030005
0.000000 0.028349
0.000000 0.031469
0.000000 0.027461
0.000000 0.017173
0.000000 0.015690
0.000000 0.035439
0.000000 0.014112
0.000000 0.032938
0.000000 0.039366
0.000000 0.029089
0.000000 0.015272
0.000000 0.022013
0.000000 0.023589
0.000000 0.024626
0.000000 0.040118
0.000000 0.030037
0.000000 0.033952
0.000000 0.019496
0.000000 0.041167
0.000000 0.021418
0.000000 0.027999
0.000000 0.011961
0.000000 0.025435
0.000000 0.036830
0.000000 0.016652
0.000000 0.033719
0.000000 0.024218
0.000000 0.020030
0.000000 0.019692
0.000000 0.022332
0.000000 0.017392
0.000000 0.017129
0.000000 0.055400
0.000000 0.023578
0.000000 0.020364
0.000000 0.037710
0.000000 0.035934
0.000000 0.036609
0.000000 0.017695
0.000000 0.056582
0.000000 0.029493
0.000000 0.025141
0.000000 0.018611
0.000000 0.018776
0.000000 0.025074
0.000000 0.041178
0.000000 0.023337
0.000000 0.017343
0.000000 0.016427
0.000000 0.039854
0.000000 0.039131
0.000000 0.013898
0.000000 0.033983
0.000000 0.028532
0.000000 0.021055
0.000000 0.014660
0.000000 0.015603
0.000000 0.025792
0.000000 0.021387
0.000000 0.026961
0.000000 0.035220
0.000000 0.036402
0.000000 0.027562
0.000000 0.020760
0.000000 0.022858
0.000000 0.015553
0.000000 0.016612
0.000000 0.009940
0.000000 0.031883
0.000000 0.014956
0.000000 0.045319
0.000000 0.038645
0.000000 0.021878
0.000000 0.022245
0.000000 0.042314
0.000000 0.029831
0.000000 0.027399
0.000000 0.019566
0.000000 0.038654
0.000000 0.028938
0.000000 0.033043
0.000000 0.047754
0.000000 0.013030
0.000000 0.019025
0.000000 0.020197
0.000000 0.020059
0.000000 0.016476
0.000000 0.017241
0.000000 0.020235
0.000000 0.019304
0.000000 0.024270
0.000000 0.018293
0.000000 0.016449
0.000000 0.020084
0.000000 0.022845
0.000000 0.032056
0.000000 0.021249
0.000000 0.043844
0.000000 0.017485
0.000000 0.019724
0.000000 0.020826
0.000000 0.028435
0.000000 0.017273
0.000000 0.020271
0.000000 0.015819
0.000000 0.012351
0.000000 0.015742
0.000000 0.031070
0.000000 0.018879
0.000000 0.026754
0.000000 0.029671
0.000000 0.017692
0.000000 0.020471
0.000000 0.022912
0.000000 0.022357
0.000000 0.026181
0.000000 0.035959
0.000000 0.026538
0.000000 0.031563
0.000000 0.019638
0.000000 0.033891
0.000000 0.032321
0.000000 0.030124
0.000000 0.024825
0.000000 0.017401
0.000000 0.017062
0.000000 0.041151
0.000000 0.020219
0.000000 0.030828
0.000000 0.020807
0.000000 0.014590
0.000000 0.015196
0.000000 0.013439
0.000000 0.022024
0.000000 0.013503
0.000000 0.018680
0.000000 0.034460
0.000000 0.020701
0.000000 0.025369
0.000000 0.023469
0.000000 0.017005
0.000000 0.031605
0.000000 0.049738
0.000000 0.014688
0.000000 0.051741
0.000000 0.020835
0.000000 0.017166
0.000000 0.018417
0.000000 0.015374
0.000000 0.012494
0.000000 0.022405
0.000000 0.021897
0.000000 0.016487
0.000000 0.015924
0.000000 0.013994
0.000000 0.064193
0.000000 0.033816
0.000000 0.021737
0.000000 0.033436
0.000000 0.025267
0.000000 0.011159
0.000000 0.022521
0.000000 0.030553
0.000000 0.026605
0.000000 0.036149
0.000000 0.016302
0.000000 0.043349
0.000000 0.014342
0.000000 0.014014
0.000000 0.015870
0.000000 0.011809
0.000000 0.026787
0.000000 0.058824
0.000000 0.066072
0.000000 0.021567
0.000000 0.024329
0.000000 0.013767
0.000000 0.018755
0.000000 0.024248
0.000000 0.017345
0.000000 0.026168
0.000000 0.040768
0.000000 0.023136
0.000000 0.021770
0.000000 0.014191
0.000000 0.019523
0.000000 0.019762
0.000000 0.029319
0.000000 0.089712
0.000000 0.122567
0.000000 0.035341
0.000000 0.053155
0.000000 0.035975
0.000000 0.016215
0.000000 0.045098
0.000000 0.015582
0.000000 0.016433
0.000000 0.020319
0.000000 0.027586
0.000000 0.025888
0.000000 0.027383
0.000000 0.023292
0.000000 0.065835
0.000000 0.031119
0.000000 0.023296
0.000000 0.019988
0.000000 0.031238
0.000000 0.026968
0.000000 0.026112
0.000000 0.035742
0.000000 0.018931
0.000000 0.015922
0.000000 0.020189
0.000000 0.016654
0.000000 0.046468
0.000000 0.020506
0.000000 0.041321
0.000000 0.019889
0.000000 0.010192
0.000000 0.015495
0.000000 0.016627
0.000000 0.033310
0.000000 0.020603
0.000000 0.053270
0.000000 0.012927
0.000000 0.044653
0.000000 0.042290
0.000000 0.022315
0.000000 0.024812
0.000000 0.027565
0.000000 0.025452
0.000000 0.033724
0.000000 0.016121
0.000000 0.015471
0.000000 0.021948
0.000000 0.023775
0.000000 0.020324
0.000000 0.027051
0.000000 0.021270
0.000000 0.016296
0.000000 0.015420
0.000000 0.024000
0.000000 0.037281
0.000000 0.018404
0.000000 0.021024
0.000000 0.029570
0.000000 0.011765
0.000000 0.030348
0.000000 0.037149
0.000000 0.017866
0.000000 0.034157
0.000000 0.020868
0.000000 0.020380
0.000000 0.022530
0.000000 0.025056
0.000000 0.032642
0.000000 0.025232
0.000000 0.040620
0.000000 0.033930
0.000000 0.042431
0.000000 0.017555
0.000000 0.035620
0.000000 0.028577
0.000000 0.076725
0.000000 0.030711
0.000000 0.020758
0.000000 0.037700
0.000000 0.026014
0.000000 0.056291
0.000000 0.015982
0.000000 0.016806
0.000000 0.014421
0.000000 0.027419
0.000000 0.023992
0.000000 0.040202
0.000000 0.145984
0.000000 0.022765
0.000000 0.029005
0.000000 0.016209
0.000000 0.013002
0.000000 0.023694
0.000000 0.023569
0.000000 0.040051
0.000000 0.031013
0.000000 0.024819
0.000000 0.014951
0.000000 0.028946
0.000000 0.018241
0.000000 0.033240
0.000000 0.025036
0.000000 0.042547
0.000000 0.029507
0.000000 0.024076
0.000000 0.027596
0.000000 0.025484
0.000000 0.025080
0.000000 0.037772
0.000000 0.022753
0.000000 0.016699
0.000000 0.019515
0.000000 0.037030
0.000000 0.015169
0.000000 0.042188
0.000000 0.024380
0.000000 0.034288
0.000000 0.012426
0.000000 0.018901
0.000000 0.016339
0.000000 0.017176
0.000000 0.029976
0.000000 0.036128
0.000000 0.027326
0.000000 0.022248
0.000000 0.012869
0.000000 0.012934
0.000000 0.030129
0.000000 0.023646
0.000000 0.027103
0.000000 0.025022
0.000000 0.025219
0.000000 0.013576
0.000000 0.022322
0.000000 0.020107
0.000000 0.038732
0.000000 0.038861
0.000000 0.037973
0.000000 0.030181
0.000000 0.025846
0.000000 0.019665
0.000000 0.027726
0.000000 0.017909
0.000000 0.021994
0.000000 0.026068
0.000000 0.019591
0.000000 0.013694
0.000000 0.016868
0.000000 0.031115
0.000000 0.011022
0.000000 0.030522
0.000000 0.024985
0.000000 0.024166
0.000000 0.033611
0.000000 0.161012
0.000000 0.020631
0.000000 0.010191
0.000000 0.024668
0.000000 0.025558
0.000000 0.046012
0.000000 0.043540
0.000000 0.030871
0.000000 0.037220
0.000000 0.023877
0.000000 0.017009
0.000000 0.018553
0.000000 0.027940
0.000000 0.053511
0.000000 0.028397
0.000000 0.044410
0.000000 0.034653
0.000000 0.016210
0.000000 0.036757
0.000000 0.021042
0.000000 0.071827
0.000000 0.019578
0.000000 0.025174
0.000000 0.016642
0.000000 0.023280
0.000000 0.058262
0.000000 0.033773
0.000000 0.022841
0.000000 0.025623
0.000000 0.024420
0.000000 0.037341
0.000000 0.023368
0.000000 0.014161
0.000000 0.018740
0.000000 0.020982
0.000000 0.015639
0.000000 0.019922
0.000000 0.020623
0.000000 0.017734
0.000000 0.016912
0.000000 0.015065
0.000000 0.018914
0.000000 0.051770
0.000000 0.024987
0.000000 0.023036
0.000000 0.043203
0.000000 0.015213
0.000000 0.031921
0.000000 0.056938
0.000000 0.027820
0.000000 0.051932
0.000000 0.023112
0.000000 0.038757
0.000000 0.022965
0.000000 0.026652
0.000000 0.029789
0.000000 0.024352
0.000000 0.035595
0.000000 0.024837
0.000000 0.015105
0.000000 0.020806
0.000000 0.027484
0.000000 0.027791
0.000000 0.024462
0.000000 0.029190
0.000000 0.017821
0.000000 0.017428
0.000000 0.018119
0.000000 0.025609
0.000000 0.031119
0.000000 0.016153
0.000000 0.016788
0.000000 0.030272
0.000000 0.028653
0.000000 0.028648
0.000000 0.015193
0.000000 0.032018
0.000000 0.013530
0.000000 0.017907
0.000000 0.016709
0.000000 0.026461
0.000000 0.016514
0.000000 0.087107
0.000000 0.070597
0.000000 0.013114
0.000000 0.017441
0.000000 0.026255
0.000000 0.028180
0.000000 0.070564
0.000000 0.038222
0.000000 0.014616
0.000000 0.053770
0.000000 0.033373
0.000000 0.075087
0.000000 0.049231
0.000000 0.015578
0.000000 0.028130
0.000000 0.027138
0.000000 0.021988
0.000000 0.025044
0.000000 0.061438
0.000000 0.023887
0.000000 0.153597
0.000000 0.014707
0.000000 0.018107
0.000000 0.026757
0.000000 0.018188
0.000000 0.017999
0.000000 0.021376
0.000000 0.014239
0.000000 0.026698
0.000000 0.023097
0.000000 0.025411
0.000000 0.017322
0.000000 0.025419
0.000000 0.026955
0.000000 0.057114
0.000000 0.017421
0.000000 0.031088
0.000000 0.021612
0.000000 0.066946
0.000000 0.014478
0.000000 0.026573
0.000000 0.031160
0.000000 0.034930
0.000000 0.019314
0.000000 0.017064
0.000000 0.019530
0.000000 0.023428
0.000000 0.022871
0.000000 0.030148
0.000000 0.037562
0.000000 0.089483
0.000000 0.022301
0.000000 0.034020
0.000000 0.020378
0.000000 0.024730
0.000000 0.040208
0.000000 0.046853
0.000000 0.050807
0.000000 0.026188
0.000000 0.017107
0.000000 0.019090
0.000000 0.016494
0.000000 0.034428
0.000000 0.020769
0.000000 0.013888
0.000000 0.018230
0.000000 0.013609
0.000000 0.026218
0.000000 0.027826
0.000000 0.029877
0.000000 0.090352
0.000000 0.016147
0.000000 0.024960
0.000000 0.019697
0.000000 0.036088
0.000000 0.030239
0.000000 0.016718
0.000000 0.028284
0.000000 0.019616
0.000000 0.023370
0.000000 0.024158
0.000000 0.024828
0.000000 0.016479
0.000000 0.015134
0.000000 0.021347
0.000000 0.035623
0.000000 0.027113
0.000000 0.017372
0.000000 0.013400
0.000000 0.022716
0.000000 0.020085
0.000000 0.027371
0.000000 0.022174
0.000000 0.020789
0.000000 0.031457
0.000000 0.020426
0.000000 0.013753
0.000000 0.029886
0.000000 0.017702
0.000000 0.017213
0.000000 0.065278
0.000000 0.028822
0.000000 0.026254
0.000000 0.025497
0.000000 0.037771
0.000000 0.020903
0.000000 0.029096
0.000000 0.029316
0.000000 0.046109
0.000000 0.023793
0.000000 0.113280
0.000000 0.041865
0.000000 0.045132
0.000000 0.020169
0.000000 0.027509
0.000000 0.024352
0.000000 0.015287
0.000000 0.014185
0.000000 0.017622
0.000000 0.030610
0.000000 0.031563
0.000000 0.030576
0.000000 0.052361
0.000000 0.012440
0.000000 0.017298
0.000000 0.013255
0.000000 0.016925
0.000000 0.017050
0.000000 0.014106
0.000000 0.017264
0.000000 0.065751
0.000000 0.029860
0.000000 0.033061
0.000000 0.035341
0.000000 0.021677
0.000000 0.020627
0.000000 0.019263
0.000000 0.039554
0.000000 0.025005
0.000000 0.051803
0.000000 0.034349
0.000000 0.025098
0.000000 0.027691
0.000000 0.024938
0.000000 0.021255
0.000000 0.015623
0.000000 0.013488
0.000000 0.015660
0.000000 0.040264
0.000000 0.049263
0.000000 0.032538
0.000000 0.032998
0.000000 0.018095
0.000000 0.033199
0.000000 0.034751
0.000000 0.016149
0.000000 0.024057
0.000000 0.092534
0.000000 0.022030
0.000000 0.031960
0.000000 0.021149
0.000000 0.029582
0.000000 0.014028
0.000000 0.041053
0.000000 0.020550
0.000000 0.022290
0.000000 0.017690
0.000000 0.019086
0.000000 0.025961
0.000000 0.015146
0.000000 0.019504
0.000000 0.016535
0.000000 0.027720
0.000000 0.015809
0.000000 0.019474
0.000000 0.019024
0.000000 0.014127
0.000000 0.018741
0.000000 0.018454
0.000000 0.039016
0.000000 0.039491
0.000000 0.074901
0.000000 0.071291
0.000000 0.012688
0.000000 0.057099
0.000000 0.045102
0.000000 0.027787
0.000000 0.024713
0.000000 0.015089
0.000000 0.045900
0.000000 0.021341
0.000000 0.021380
0.000000 0.020977
0.000000 0.044214
0.000000 0.017499
0.000000 0.034608
0.000000 0.053084
0.000000 0.041594
0.000000 0.017247
0.000000 0.014758
0.000000 0.057261
0.000000 0.019845
0.000000 0.021897
0.000000 0.098605
0.000000 0.097446
0.000000 0.025169
0.000000 0.018458
0.000000 0.034189
0.000000 0.018574
0.000000 0.037803
0.000000 0.038566
0.000000 0.025145
0.000000 0.038983
0.000000 0.028692
0.000000 0.033549
0.000000 0.062706
0.000000 0.024936
0.000000 0.016455
0.000000 0.029623
0.000000 0.024755
0.000000 0.048217
0.000000 0.023000
0.000000 0.010041
0.000000 0.016654
0.000000 0.025343
0.000000 0.012328
0.000000 0.027940
0.000000 0.014716
0.000000 0.028107
0.000000 0.014895
0.000000 0.032912
0.000000 0.016938
0.000000 0.019393
0.000000 0.012460
0.000000 0.027980
0.000000 0.058126
0.000000 0.021505
0.000000 0.030645
0.000000 0.025960
0.000000 0.025342
0.000000 0.015180
0.000000 0.022566
0.000000 0.036772
0.000000 0.024605
0.000000 0.082762
0.000000 0.075806
0.000000 0.027850
0.000000 0.028871
0.000000 0.016899
0.000000 0.033390
0.000000 0.015025
0.000000 0.019047
0.000000 0.024491
0.000000 0.042195
0.000000 0.044855
0.000000 0.024896
0.000000 0.017404
0.000000 0.022734
0.000000 0.024053
0.000000 0.024316
0.000000 0.025948
0.000000 0.021749
0.000000 0.023389
0.000000 0.023289
0.000000 0.021602
0.000000 0.041812
0.000000 0.022448
0.000000 0.017286
0.000000 0.015714
0.000000 0.015388
0.000000 0.016218
0.000000 0.011819
0.000000 0.029773
0.000000 0.025698
0.000000 0.014900
0.000000 0.018259
0.000000 0.019743
0.000000 0.017082
0.000000 0.075883
0.000000 0.012783
0.000000 0.026789
0.000000 0.024247
0.000000 0.025098
0.000000 0.040931
0.000000 0.036645
0.000000 0.037166
0.000000 0.040609
0.000000 0.112140
0.000000 0.014295
0.000000 0.026366
0.000000 0.032146
0.000000 0.012687
0.000000 0.032466
0.000000 0.015449
0.000000 0.017119
0.000000 0.026929
0.000000 0.016957
0.000000 0.059117
0.000000 0.024248
0.000000 0.031416
0.000000 0.015599
0.000000 0.013943
0.000000 0.032270
0.000000 0.025429
0.000000 0.015879
0.000000 0.020098
0.000000 0.017181
0.000000 0.031990
0.000000 0.027014
0.000000 0.041845
0.000000 0.040455
0.000000 0.018586
0.000000 0.020948
0.000000 0.022831
0.000000 0.011359
0.000000 0.043616
0.000000 0.026886
0.000000 0.014707
0.000000 0.039424
0.000000 0.024199
0.000000 0.015290
0.000000 0.018432
0.000000 0.031718
0.000000 0.062273
0.000000 0.028415
0.000000 0.052558
0.000000 0.026660
0.000000 0.022941
0.000000 0.030243
0.000000 0.018111
0.000000 0.025613
0.000000 0.015027
0.000000 0.021612
0.000000 0.017651
0.000000 0.032176
0.000000 0.019705
0.000000 0.018383
0.000000 0.017289
0.000000 0.016922
0.000000 0.041595
0.000000 0.032192
0.000000 0.025208
0.000000 0.025501
0.000000 0.028565
0.000000 0.021469
0.000000 0.027522
0.000000 0.028190
0.000000 0.020248
0.000000 0.046951
0.000000 0.022052
0.000000 0.024959
0.000000 0.040307
0.000000 0.025634
0.000000 0.010913
0.000000 0.018233
0.000000 0.019148
0.000000 0.052951
0.000000 0.203745
0.000000 0.011364
0.000000 0.012796
0.000000 0.010987
0.000000 0.022726
0.000000 0.020823
0.000000 0.034266
0.000000 0.030715
0.000000 0.027027
0.000000 0.016382
0.000000 0.033195
0.000000 0.030215
0.000000 0.014323
0.000000 0.028959
0.000000 0.015913
0.000000 0.026373
0.000000 0.021191
0.000000 0.019426
0.000000 0.027475
0.000000 0.028902
0.000000 0.015378
0.000000 0.023481
0.000000 0.031622
0.000000 0.015303
0.000000 0.024206
0.000000 0.017948
0.000000 0.017022
0.000000 0.029764
0.000000 0.015191
0.000000 0.045072
0.000000 0.028894
0.000000 0.021376
0.000000 0.027685
0.000000 0.015885
0.000000 0.024089
0.000000 0.035037
0.000000 0.036355
0.000000 0.014866
0.000000 0.019566
0.000000 0.012258
0.000000 0.026176
0.000000 0.032318
0.000000 0.027350
0.000000 0.010490
0.000000 0.024964
0.000000 0.018347
0.000000 0.042108
0.000000 0.027687
0.000000 0.014366
0.000000 0.021849
0.000000 0.032712
0.000000 0.018479
0.000000 0.013956
0.000000 0.037222
0.000000 0.028791
0.000000 0.020548
0.000000 0.027389
0.000000 0.023155
0.000000 0.011928
0.000000 0.014384
0.000000 0.024740
0.000000 0.018886
0.000000 0.021272
0.000000 0.026135
0.000000 0.020556
0.000000 0.015279
0.000000 0.017814
0.000000 0.014699
0.000000 0.028864
0.000000 0.029804
0.000000 0.030876
0.000000 0.039129
0.000000 0.023601
0.000000 0.022422
0.000000 0.019252
0.000000 0.012878
0.000000 0.040738
0.000000 0.026944
0.000000 0.018823
0.000000 0.047507
0.000000 0.016961
0.000000 0.054005
0.000000 0.016744
0.000000 0.022792
0.000000 0.027978
0.000000 0.025889
0.000000 0.022908
0.000000 0.011410
0.000000 0.030731
0.000000 0.059405
0.000000 0.039036
0.000000 0.019612
0.000000 0.032325
0.000000 0.022571
0.000000 0.036801
0.000000 0.038835
0.000000 0.017927
0.000000 0.023365
0.000000 0.023497
0.000000 0.030134
0.000000 0.020703
0.000000 0.015996
0.000000 0.039849
0.000000 0.013057
0.000000 0.020036
0.000000 0.016806
0.000000 0.029260
0.000000 0.021309
0.000000 0.026485
0.000000 0.029344
0.000000 0.015180
0.000000 0.020881
0.000000 0.016357
0.000000 0.054545
0.000000 0.013591
0.000000 0.019261
0.000000 0.018023
0.000000 0.022951
0.000000 0.018227
0.000000 0.026145
0.000000 0.027396
0.000000 0.081640
0.000000 0.028024
0.000000 0.075662
0.000000 0.033708
0.000000 0.036034
0.000000 0.032553
0.000000 0.020468
0.000000 0.021368
0.000000 0.020913
0.000000 0.021292
0.000000 0.015125
0.000000 0.030807
0.000000 0.024720
0.000000 0.081268
0.000000 0.019868
0.000000 0.044165
0.000000 0.033693
0.000000 0.015800
0.000000 0.017915
0.000000 0.009726
0.000000 0.020093
0.000000 0.043498
0.000000 0.033370
0.000000 0.050974
0.000000 0.049273
0.000000 0.020338
0.000000 0.027241
0.000000 0.021602
0.000000 0.017978
0.000000 0.018221
0.000000 0.026446
0.000000 0.024183
0.000000 0.021739
0.000000 0.015497
0.000000 0.019728
0.000000 0.031258
0.000000 0.016068
0.000000 0.009858
0.000000 0.020648
0.000000 0.053354
0.000000 0.016042
0.000000 0.027468
0.000000 0.025236
0.000000 0.017326
0.000000 0.022450
0.000000 0.022402
0.000000 0.083446
0.000000 0.014634
0.000000 0.015124
0.000000 0.012773
0.000000 0.020186
0.000000 0.034168
0.000000 0.034658
0.000000 0.018251
0.000000 0.015146
0.000000 0.051834
0.000000 0.011544
0.000000 0.018185
0.000000 0.037804
0.000000 0.034476
0.000000 0.040143
0.000000 0.024424
0.000000 0.015914
0.000000 0.040448
0.000000 0.053239
0.000000 0.033879
0.000000 0.014575
0.000000 0.022843
0.000000 0.015530
0.000000 0.016169
0.000000 0.023905
0.000000 0.017427
0.000000 0.018830
0.000000 0.021868
0.000000 0.026694
0.000000 0.020697
0.000000 0.015924
0.000000 0.015745
0.000000 0.023235
0.000000 0.017041
0.000000 0.025605
0.000000 0.020517
0.000000 0.017668
0.000000 0.023330
0.000000 0.034647
0.000000 0.014062
0.000000 0.036795
0.000000 0.026305
0.000000 0.019493
0.000000 0.018485
0.000000 0.017500
0.000000 0.013709
0.000000 0.026612
0.000000 0.020003
0.000000 0.015597
0.000000 0.024119
0.000000 0.018747
0.000000 0.014762
0.000000 0.015696
0.000000 0.024173
0.000000 0.020878
0.000000 0.045755
0.000000 0.021511
0.000000 0.018179
0.000000 0.031897
0.000000 0.019745
0.000000 0.019206
0.000000 0.043911
0.000000 0.023780
0.000000 0.036439
0.000000 0.071015
0.000000 0.042810
0.000000 0.022525
0.000000 0.018818
0.000000 0.015118
0.000000 0.009629
0.000000 0.029855
0.000000 0.019823
0.000000 0.034400
0.000000 0.031421
0.000000 0.028829
0.000000 0.017478
0.000000 0.018208
0.000000 0.022139
0.000000 0.041205
0.000000 0.016346
0.000000 0.022045
0.000000 0.036253
0.000000 0.029936
0.000000 0.016267
0.000000 0.018721
0.000000 0.022851
0.000000 0.026737
0.000000 0.031051
0.000000 0.019614
0.000000 0.015178
0.000000 0.016944
0.000000 0.022452
0.000000 0.027030
0.000000 0.029910
0.000000 0.049056
0.000000 0.025620
0.000000 0.059608
0.000000 0.018208
0.000000 0.054574
0.000000 0.026209
0.000000 0.027710
0.000000 0.015842
0.000000 0.095253
0.000000 0.051385
0.000000 0.015605
0.000000 0.020177
0.000000 0.020170
0.000000 0.024487
0.000000 0.026423
0.000000 0.021766
0.000000 0.044653
0.000000 0.024563
0.000000 0.025375
0.000000 0.025414
0.000000 0.026025
0.000000 0.048924
0.000000 0.038498
0.000000 0.093898
0.000000 0.041486
0.000000 0.031990
0.000000 0.026115
0.000000 0.024886
0.000000 0.015862
0.000000 0.031036
0.000000 0.028985
0.000000 0.014603
0.000000 0.024259
0.000000 0.026752
0.000000 0.016789
0.000000 0.020006
0.000000 0.020700
0.000000 0.029107
0.000000 0.019726
0.000000 0.009236
0.000000 0.021881
0.000000 0.061661
0.000000 0.016126
0.000000 0.030476
0.000000 0.036931
0.000000 0.046967
0.000000 0.029935
0.000000 0.020925
0.000000 0.013001
0.000000 0.015368
0.000000 0.053450
0.000000 0.022906
0.000000 0.018056
0.000000 0.010339
0.000000 0.021702
0.000000 0.022819
0.000000 0.013951
0.000000 0.018170
0.000000 0.016970
0.000000 0.029477
0.000000 0.046855
0.000000 0.019523
0.000000 0.025176
0.000000 0.054439
0.000000 0.021436
0.000000 0.022160
0.000000 0.039896
0.000000 0.062999
0.000000 0.014523
0.000000 0.016025
0.000000 0.030476
0.000000 0.044185
0.000000 0.067882
0.000000 0.021904
0.000000 0.053647
0.000000 0.027579
0.000000 0.018841
0.000000 0.054970
0.000000 0.021966
0.000000 0.025837
0.000000 0.025799
0.000000 0.020832
0.000000 0.015309
0.000000 0.023589
0.000000 0.044673
0.000000 0.018752
0.000000 0.021095
0.000000 0.018464
0.000000 0.016544
0.000000 0.049555
0.000000 0.023622
0.000000 0.022057
0.000000 0.025385
0.000000 0.014552
0.000000 0.021528
0.000000 0.037322
0.000000 0.018278
0.000000 0.037043
0.000000 0.022469
0.000000 0.024269
0.000000 0.015711
0.000000 0.097249
0.000000 0.012436
0.000000 0.015806
0.000000 0.040016
0.000000 0.037399
0.000000 0.022138
0.000000 0.022427
0.000000 0.017009
0.000000 0.031559
0.000000 0.028481
0.000000 0.015359
0.000000 0.116774
0.000000 0.038981
0.000000 0.013445
0.000000 0.034195
0.000000 0.030412
0.000000 0.008211
0.000000 0.031905
0.000000 0.036297
0.000000 0.016041
0.000000 0.044447
0.000000 0.025587
0.000000 0.019913
0.000000 0.034337
0.000000 0.030515
0.000000 0.038805
0.000000 0.013085
0.000000 0.037394
0.000000 0.033845
0.000000 0.033495
0.000000 0.025894
0.000000 0.015574
0.000000 0.020396
0.000000 0.015134
0.000000 0.077114
0.000000 0.058869
0.000000 0.030181
0.000000 0.030155
0.000000 0.018484
0.000000 0.038333
0.000000 0.024846
0.000000 0.020141
0.000000 0.018760
0.000000 0.029700
0.000000 0.037240
0.000000 0.023998
0.000000 0.031037
0.000000 0.033839
0.000000 0.017421
0.000000 0.023260
0.000000 0.021000
0.000000 0.019924
0.000000 0.018549
0.000000 0.024058
0.000000 0.031025
0.000000 0.036865
0.000000 0.024017
0.000000 0.023754
0.000000 0.023755
0.000000 0.030473
0.000000 0.017653
0.000000 0.023605
0.000000 0.053693
0.000000 0.010045
0.000000 0.030460
0.000000 0.014500
0.000000 0.021388
0.000000 0.042518
0.000000 0.020284
0.000000 0.027842
0.000000 0.028257
0.000000 0.019155
0.000000 0.023735
0.000000 0.021589
0.000000 0.018202
0.000000 0.044819
0.000000 0.020516
0.000000 0.014839
0.000000 0.014167
0.000000 0.027668
0.000000 0.025032
0.000000 0.025777
0.000000 0.018688
0.000000 0.050659
0.000000 0.018680
0.000000 0.022950
0.000000 0.038402
0.000000 0.018416
0.000000 0.024305
0.000000 0.022906
0.000000 0.015180
0.000000 0.026085
0.000000 0.034989
0.000000 0.015096
0.000000 0.017990
0.000000 0.024980
0.000000 0.017506
0.000000 0.019113
0.000000 0.023837
0.000000 0.017296
0.000000 0.012399
0.000000 0.033719
0.000000 0.029286
0.000000 0.018539
0.000000 0.019698
0.000000 0.014219
0.000000 0.016662
0.000000 0.013723
0.000000 0.015988
0.000000 0.020639
0.000000 0.044115
0.000000 0.017256
0.000000 0.026685
0.000000 0.025799
0.000000 0.031987
0.000000 0.024682
0.000000 0.044389
0.000000 0.018715
0.000000 0.049990
0.000000 0.023905
0.000000 0.105816
0.000000 0.020696
0.000000 0.025934
0.000000 0.020421
0.000000 0.020065
0.000000 0.017281
0.000000 0.033295
0.000000 0.016455
0.000000 0.017980
0.000000 0.026126
0.000000 0.052324
0.000000 0.026876
0.000000 0.036690
0.000000 0.033671
0.000000 0.021034
0.000000 0.078789
0.000000 0.033184
0.000000 0.087260
0.000000 0.017763
0.000000 0.028200
0.000000 0.047031
0.000000 0.039444
0.000000 0.015947
0.000000 0.015337
0.000000 0.035239
0.000000 0.040355
0.000000 0.013280
0.000000 0.082446
0.000000 0.014771
0.000000 0.032857
0.000000 0.022117
0.000000 0.017997
0.000000 0.022052
0.000000 0.017469
0.000000 0.027238
0.000000 0.024309
0.000000 0.014292
0.000000 0.015004
0.000000 0.031966
0.000000 0.020556
0.000000 0.021979
0.000000 0.017312
0.000000 0.019879
0.000000 0.016739
0.000000 0.028852
0.000000 0.022548
0.000000 0.029849
0.000000 0.012399
0.000000 0.023193
0.000000 0.039197
0.000000 0.048094
0.000000 0.015940
0.000000 0.024534
0.000000 0.024994
0.000000 0.020285
0.000000 0.028455
0.000000 0.016680
0.000000 0.014931
0.000000 0.051066
0.000000 0.019053
0.000000 0.029111
0.000000 0.016887
0.000000 0.021103
0.000000 0.022341
0.000000 0.018512
0.000000 0.027226
0.000000 0.036236
0.000000 0.021846
0.000000 0.040238
0.000000 0.022120
0.000000 0.040357
0.000000 0.024506
0.000000 0.030585
0.000000 0.058188
0.000000 0.028349
0.000000 0.017782
0.000000 0.038855
0.000000 0.022572
0.000000 0.026052
0.000000 0.018820
0.000000 0.028782
0.000000 0.012527
0.000000 0.017617
0.000000 0.022494
0.000000 0.011159
0.000000 0.029188
0.000000 0.035401
0.000000 0.020861
0.000000 0.036024
0.000000 0.033094
0.000000 0.032486
0.000000 0.017565
0.000000 0.016398
0.000000 0.022048
0.000000 0.018665
0.000000 0.015403
0.000000 0.035121
0.000000 0.016758
0.000000 0.020936
0.000000 0.013463
0.000000 0.026953
0.000000 0.021459
0.000000 0.064452
0.000000 0.023375
0.000000 0.035603
0.000000 0.017253
0.000000 0.028430
0.000000 0.070268
0.000000 0.027379
0.000000 0.020542
0.000000 0.029182
0.000000 0.050360
0.000000 0.020500
0.000000 0.042728
0.000000 0.086791
0.000000 0.013442
0.000000 0.027771
0.000000 0.025761
0.000000 0.018744
0.000000 0.013782
0.000000 0.085108
0.000000 0.024192
0.000000 0.031731
0.000000 0.025858
0.000000 0.032677
0.000000 0.025861
0.000000 0.011398
0.000000 0.025805
0.000000 0.015284
0.000000 0.018333
0.000000 0.009960
0.000000 0.025289
0.000000 0.022179
0.000000 0.049962
0.000000 0.024445
0.000000 0.013338
0.000000 0.016750
0.000000 0.014933
0.000000 0.013999
0.000000 0.018517
0.000000 0.012371
0.000000 0.014526
0.000000 0.048585
0.000000 0.031148
0.000000 0.023748
0.000000 0.017582
0.000000 0.020677
0.000000 0.102370
0.000000 0.020613
0.000000 0.023549
0.000000 0.019212
0.000000 0.020444
0.000000 0.020593
0.000000 0.034571
0.000000 0.032936
0.000000 0.048323
0.000000 0.023755
0.000000 0.121322
0.000000 0.020704
