-14108342.818101
-13777448.985113
-13736406.252562
-13746330.509866
-14453043.340160
-13771106.216404
-13736400.571875
-13758873.233118
-13749170.791544
-13739441.836764
-13758869.571225
-13771108.334227
-14457181.042509
-13749171.507636
-13746324.064202
-13777450.238274
-13746546.648689
-13754584.085277
-13746326.466463
-13755044.122405
-14202511.107629
-13758498.587754
-13759563.584394
-13777448.405379
-13755044.660915
-13754584.032813
-13764961.237016
-13771105.883238
-14407406.049966
-14023189.359072
-13746546.326891
-13749171.433068
-13758869.976090
-13771105.856788
-13739442.843693
-13745572.876667
-13764960.688471
-14382119.331741
-13746551.631111
-13752322.008748
-13759560.931057
-13745572.268253
-13750389.996234
-13736403.495730
