-13059571.014357
-13198203.324900
-13406067.797901
-13059570.379558
-13147000.355843
-13038346.334433
-13330355.158516
-14123142.742299
-13374957.172177
-13038633.295261
-13406828.309648
-13038634.073666
-13086222.148872
-13368646.229737
-13443336.829648
-13697344.571105
-13355960.896606
-13351978.133786
-13196660.970187
-13373302.898565
-13369680.662522
-13114802.155424
-13339747.440660
-13038347.004718
-13038633.909433
-13101009.597066
-13320214.008609
-13282619.075317
-13318548.247603
-13032105.196010
-13118900.053789
-13340076.000394
-13086222.404099
-13032102.580098
-13320126.103523
-13114801.765332
-13797630.958657
-13131532.373961
-13032102.235071
