-12652882.547506
-12620508.604562
-12582186.394932
-12667714.282823
-12860498.480791
-12633999.576931
-12669732.765189
-12678026.116691
-12723637.129048
-12884780.276269
-12685398.464174
-12665190.198273
-12669407.884469
-12921562.103508
-12691880.087601
-13135103.136758
-13014221.111725
-12561290.159366
-12604663.011762
-12621977.029426
-12790302.717908
-12682319.844242
-12644515.389384
-12672154.864177
-12700909.878255
-12730006.566348
-12758359.297659
-12734537.641629
-12917990.973951
-12652000.738218
-12625331.015020
-12803258.824780
-12752624.322466
-12861976.090368
-12650830.602151
-12924489.308738
-12638259.629816
-12786258.332020
-12868898.075273
-12892573.960335
-12691723.253293
-12781742.115483
-12844457.941487
-13101840.220904
-13015185.580628
-12697972.184105
-12638110.707131
-12671860.783603
-12726040.888943
-12973092.067808
-12748655.778175
-12607530.863470
-12609747.730067
-12706023.396097
-12723348.628403
-13058163.844455
-12818825.105612
-12692685.541268
-12766702.710490
-12732603.809481
-12689487.172929
-12667405.318864
-13095107.223833
-12725310.628701
-12794878.189952
-12662139.045174
-12641259.664411
-12856067.086450
-12708924.819644
-12601730.583432
-12594086.566197
-12694553.997154
-12765944.973911
-12776847.122506
-12621732.479345
-12603101.400441
-12697216.753465
-12636739.225248
-12855292.780756
-13001422.733101
-12899572.651621
-12603104.398949
-12689094.073476
-12623518.111313
-12710143.754140
-12713840.012312
-12745435.391593
-12692915.414468
-12727150.068778
-12638115.104398
-12634534.076606
-12828719.194370
-12695920.624012
-13076335.842843
-12673104.829262
-12605380.647749
-12620619.960282
-12791053.268342
-12652328.936484
-12702569.884604
