-12317333.224017
-12212629.471467
-12370530.147647
-12382582.888503
-12214552.923814
-12374103.090515
-12353655.283889
-12142302.714993
-12395354.574788
-12368304.907737
-12133680.516856
-12216207.648696
-12358542.781804
-12352389.191274
-12400763.402971
-12211270.206778
-12193277.938227
-12271001.843942
-12307036.189302
-12491296.098805
-12249228.794726
-12246341.130920
-12268533.149046
-12286538.517040
-12134225.309444
-12354403.355532
-12345790.708738
-12274929.552042
-12161185.892496
-12280580.878833
-12254236.548067
-12309725.366576
-12236870.281926
-12485818.606374
-12142923.538858
-12603540.857508
-12449760.742921
-12369596.171770
-12165935.484591
-12389564.393669
-12309356.279995
-12245710.057792
-12435815.779410
-12298786.787082
-12373764.626915
-12236372.252872
-12186583.775088
-12197898.414544
-12402934.337226
-12358062.344174
-12318132.529784
-12336041.613145
-12546004.746785
-12437500.356426
-12288178.888990
-12268345.621782
-12189323.029329
-12312353.676497
-12290897.644146
-12205623.646130
-12360048.346716
-12438713.138830
-12331279.665242
-12250548.478097
-12276698.450345
-12283897.000571
-12327446.555300
-12232919.760699
-12355780.509115
-12306948.521875
-12302612.124530
-12316633.423296
-12150811.781962
-12277831.426021
-12437626.760715
-12427620.523946
-12547930.938104
-12219625.130064
-12219146.226444
-12248659.476603
-12210546.419833
-12381244.904153
-12466581.568828
-12808956.782428
-12208426.506565
-12311835.237746
-12232280.856908
-12335677.409713
-12234745.325319
-12340036.817534
-12200639.596121
-12277859.571994
-12179043.594462
-12310155.159282
-12175169.908154
-12294911.696973
-12354348.579916
-12455146.644820
-12427293.352356
-12134620.596170
