-12180630.743825
-11943438.182495
-11833923.290932
-11844949.869762
-12012079.865211
-11919649.933285
-12021140.004200
-11959102.966766
-11969953.067116
-11950584.571990
-12032866.917458
-11884414.883931
-12035022.883343
-11945051.990904
-11905753.001935
-12007188.434329
-11821998.181678
-11862544.812674
-11913395.284028
-11916276.387392
-11943232.252106
-11899654.470399
-11921392.499480
-11942907.215354
-11805157.213198
-11915567.278762
-11872579.699309
-12097441.220888
-11820900.994387
-11871988.996126
-11936435.639027
-12112954.734420
-11803563.033241
-11828920.012262
-11951274.797102
-12033899.655776
-11822583.240588
-11885277.613962
-12027449.426244
-11857477.788887
-11856986.460247
-11881728.017998
-12123965.606840
-11965366.768086
-11838346.325509
-11798252.033248
-11930319.219783
-12299767.152069
-11862733.704099
-11920418.009398
-11830493.960455
-11895354.779000
-12028007.638296
-12016563.441345
-11992474.572661
-11852342.829557
-11873610.008328
-11872134.025501
-11826396.148991
-11824744.505860
-11848852.897694
-11999624.700130
-12072778.721025
-12000924.659983
-11939388.100535
-11912799.317666
-11898755.415792
-12287745.065686
-11841064.964326
-11829385.956781
-11799297.838718
-12044213.991209
-12315398.930266
-11949353.743786
-11940439.721071
-11987498.029716
-11858807.762726
-11937947.256204
-11882461.154417
-12031683.865126
-11914658.966226
-12057002.384615
-12023772.831581
-12198174.370292
-12092098.536032
-11997116.008366
-11882651.935750
-11813735.625436
-11968119.436717
-11850719.385362
-12032990.601696
-12097169.096962
-11880032.237614
-11997879.520943
-11778827.349666
-11823545.366569
-11805432.698899
-11756345.348637
-12182795.091644
-12114905.938935
