-11573134.880638
-11617937.285041
-11382788.725547
-11449609.556268
-11730473.298254
-11758553.054401
-11668588.778089
-11666533.664726
-11586679.945526
-11518255.442830
-11527285.276710
-11535845.561577
-11551016.416523
-11763508.640587
-11463056.350276
-11623846.229988
-11600200.215063
-11518329.263256
-11501142.919500
-11550090.322549
-11645312.218332
-11682542.779927
-11598567.092720
-11520959.822609
-11715452.102339
-11725409.298512
-11567082.129644
-11561187.009862
-11537058.440547
-11363646.317344
-11422802.029697
-11637739.203774
-11580162.315552
-11735198.958123
-11572279.142871
-11551148.216046
-11643540.596572
-11603365.665105
-11711759.346527
-11497350.317403
-11521120.747363
-11608543.529479
-11526445.689436
-11675142.519064
-11621459.661202
-11555829.717603
-11588242.650209
-11442445.712807
-11522714.652554
-11689312.339078
-11693045.624708
-11607440.631836
-11532353.372412
-11460305.780302
-11567122.485955
-11666017.478038
-11388769.725309
-11443329.713690
-11463206.158489
-11612121.551090
-11490866.096832
-11532953.089941
-11635669.694992
-11507093.136099
-11402088.959913
-11560058.295579
-11618042.055343
-11455978.056461
-11739526.108764
-11458210.442477
-11541842.940367
-11393644.755428
-11433091.416230
-11698183.954812
-11521688.513359
-11682864.970649
-11629036.965075
-11728425.776673
-11520841.222973
-11461736.014716
-11448103.429737
-11537582.807289
-11452204.213459
-11580912.574754
-11579242.212124
-11559827.324719
-11552990.602759
-11555049.265317
-11479267.141637
-11682607.582619
-11781460.680665
-11719037.977951
-11465294.199537
-11540088.910635
-11524432.070304
-11663197.202817
-11639179.324685
-11454534.916461
-11508351.362824
-11555485.742176
