-11130471.558737
-11184887.486156
-11163426.611711
-11331294.872896
-11065225.087266
-11061285.056252
-11147599.052285
-11254048.548253
-11243470.248608
-11348145.215057
-11067527.561146
-11152622.268317
-11099120.211160
-11302133.928236
-11108980.488419
-11273579.296578
-11210040.876212
-11193499.237485
-11312324.129561
-11183258.685325
-11261467.468457
-11290119.934219
-11197826.230726
-11109406.450321
-11245296.854987
-11078007.350605
-11020300.493121
-11286336.567427
-11283450.052796
-11257067.818567
-11143760.188746
-11137376.027668
-11243825.616802
-11262520.660560
-11232084.957783
-11185957.406631
-11073335.813249
-11066838.060604
-11060967.094605
-11239750.955004
-11231929.100818
-11270833.099194
-11159918.902398
-11097529.547252
-11199306.345567
-11379447.039222
-11134590.666465
-11108325.315317
-11593936.559376
-11248796.158006
-11228926.574207
-11038939.980223
-11262926.819985
-11134434.057106
-11226645.857568
-11159902.345545
-11111968.816120
-11361068.101628
-11130407.870573
-11318987.320764
-11277443.386009
-11273095.725913
-11143527.208268
-11411751.372708
-11233990.908218
-11245651.137530
-11338890.525472
-11104759.770278
-11216744.547369
-11182512.828886
-11175632.874201
-11389190.974052
-11167708.769681
-11201888.755438
-11167759.264254
-11226964.459897
-11213767.744313
-11592626.562671
-11367497.492051
-11279018.277675
-11365515.201307
-11165767.992602
-11224690.465955
-11423704.252976
-11204971.317187
-11214224.990108
-11249016.474433
-11306893.408931
-11141430.795278
-11085813.016727
-11309605.164976
-11097120.063504
-11253006.925112
-11286740.870373
-11128117.731824
-11254046.748977
-11358096.441511
-11239456.781731
-11083894.793567
-11034275.269041
