-38795624.617776
-38837523.602715
-38757778.291189
-38774515.717788
-38784656.055392
-38762586.716121
-38774516.629334
-38775442.234103
-38788921.796513
-38776265.192763
-38774515.769641
-38757778.505598
-38840107.090812
-38762587.623693
-38795624.788293
-38804314.975603
-38756636.417406
-38816397.599948
-38757040.123861
-38781493.424505
-38773774.395882
-38755942.740583
-38803403.836864
-38788610.567926
-38784895.113344
-38783967.010392
-38775442.481097
-38757042.251650
-38801017.853262
-38868401.219204
-38774515.674856
-38765325.128993
-38803945.106776
-38757040.330176
-38765965.454027
-38757040.127963
-38781479.621242
-38848352.410617
-38757039.778433
-38757778.589939
-38803403.392551
-38757779.179405
-38783966.518976
-38757040.686803
-38775559.401537
-38765324.732162
-38775443.021562
-38788645.225403
-38837658.203827
-38757006.972567
-38786593.968346
-38794424.963020
-38787360.056943
-38775560.122763
-38763482.963850
-38813417.653980
-38766447.235556
-38757778.642843
-38774515.388391
-38856771.247047
-38838974.623191
-38765129.175130
-38763044.898867
-38863339.706620
-38838086.720484
-38765128.240506
-38788611.600153
-38765130.054094
-38763481.737224
-38775560.348086
-38833707.738586
-38757040.015025
-38757778.436949
-38757780.122161
-38833063.147588
-38757779.706987
-38837437.123922
-38783172.364926
-38784674.341320
-38859472.348629
-38810647.271260
-38764815.276153
-38757779.222766
-38845533.645484
-38763532.247228
-38757778.891617
-38803645.428230
-38781481.664714
-38788645.746928
-38788656.556841
-38775442.049905
-38756636.486257
-38765129.560774
-38757780.291027
-38775443.029526
-38757041.189457
-38757778.828439
-38757040.781177
-38789998.148754
-38775442.112019
