-38354232.084377
-38360071.895786
-38369305.081575
-38365792.714237
-38388388.633348
-38371888.082837
-38418298.394140
-38379900.346011
-38356376.029730
-38369716.999959
-38370483.299231
-38476409.437175
-38426626.269193
-38403886.054934
-38360072.001805
-38393702.957561
-38390668.671546
-38370484.062834
-38381110.205469
-38435863.722754
-38444219.499719
-38358931.553714
-38358931.939987
-38360586.622601
-38458054.805734
-38358931.705258
-38455856.126620
-38368176.777273
-38365794.251239
-38356141.292363
-38371886.982914
-38360072.605213
-38359560.423412
-38439476.972826
-38369978.994585
-38360072.191626
-38422667.729614
-38386893.073823
-38360588.003996
-38464613.753974
-38422448.726099
-38358090.676642
-38358090.761668
-38430541.371444
-38360586.110648
-38526489.746930
-38417791.002670
-38453198.890461
-38438710.665278
-38354231.232051
-38418298.525996
-38414527.130321
-38386892.138545
-38360586.200658
-38370562.520432
-38358090.784866
-38457934.288424
-38435215.290547
-38370562.068286
-38416447.667355
-38356140.027702
-38392986.796529
-38360586.593672
-38368675.824493
-38465863.297908
-38358931.512595
-38359969.093530
-38423006.361741
-38360071.215789
-38366917.377161
-38477035.950214
-38369716.649737
-38352943.412879
-38351159.068335
-38404547.838618
-38354231.464254
-38512703.451003
-38397488.493658
-38368194.187704
-38416465.143261
-38463523.494353
-38462379.994625
-38360071.721962
-38360588.254161
-38358089.834293
-38453891.972021
-38395379.320277
-38438618.075219
-38449165.449576
-38358091.303860
-38358932.105237
-38404837.043286
-38369717.169001
-38370564.585826
-38447136.218343
-38360586.487122
-38456650.922564
-38366021.229519
-38422926.372865
-38445199.027171
