-77480224.048426
-77851369.130598
-77526391.796563
-77513897.443656
-77410793.265054
-77517618.180454
-77555523.643438
-77445975.979294
-77415821.627894
-77438618.942523
-77440892.695080
-77550509.703029
-77438171.050988
-77574236.773959
-77426395.186520
-77555803.321712
-77467027.766497
-77413074.850758
-77506532.590146
-77549815.420630
-77443542.367871
-77433066.780193
-77566359.451503
-77440766.936942
-77438043.461443
-77480230.747732
-77429649.994999
-77436754.771560
-77444647.342320
-77550509.648024
-77891978.968771
-77416232.373659
-77458872.531214
-77916342.344801
-77508863.053251
-77423472.278060
-77485246.002637
-77480235.733313
-77442334.655842
-77485236.030548
-77563652.506731
-77489065.898325
-77500113.265156
-77409377.113990
-77487788.471554
-77440129.475517
-77452560.613089
-77540553.273680
-77416220.109042
-77847333.012844
-77438729.290216
-77437610.118430
-77550511.246884
-77453841.380675
-77513828.861530
-77523917.959144
-77475461.720967
-77525618.031538
-77863860.551467
-77555870.687970
-77423829.111847
-77509287.069639
-77438366.407678
-77553532.191109
-77442331.588458
-77512971.434791
-77458071.398671
-77436835.200685
-77472863.565492
-77485234.951646
-77471826.674614
-77455610.148909
-77423067.967922
-77441368.991116
-77452781.980680
-77524777.915858
-77996281.502636
-77847669.427196
-77441569.829221
-77506676.592189
-77550510.237269
-77505827.355099
-77548099.118993
-77533476.212051
-77441395.315944
-77407536.352803
-77518534.030570
-77432289.143690
-77496701.946765
-77842533.677557
-77528047.371041
-77441625.862127
-77444652.486039
-77424238.323345
-77441365.923818
-77883416.530329
-77551696.418184
-77506836.044896
-77442328.326582
-77502139.553116
