-76469371.693473
-76497186.980778
-76404803.618207
-76522585.247145
-76434001.412742
-76587969.203216
-76423399.803570
-76365988.747454
-76511601.565867
-76400930.423315
-76412363.487050
-76627571.638488
-76515338.304485
-76428039.941504
-76360947.845311
-76415399.862995
-76525846.843950
-76509055.589931
-76447831.532766
-76433643.841675
-76604328.571246
-76411634.879865
-76417967.150169
-76372297.634062
-76509844.054479
-76588819.713064
-76423874.375167
-76516006.463498
-76414985.363474
-76357292.698034
-76367017.447883
-76578555.463196
-76413522.058871
-76500672.154546
-76447320.437553
-76406719.937451
-76361346.301654
-76375015.310720
-76477061.860612
-76519317.796951
-76397003.549972
-76453333.261492
-76428035.719971
-76608101.638984
-76390744.652172
-76381340.259660
-76386883.501219
-76836849.835101
-76465275.932901
-76424659.893061
-76490775.306446
-76434339.296498
-76370792.852794
-76464318.004209
-76508567.225991
-76489834.129650
-76433284.920154
-76879071.738008
-76402112.614514
-76375198.154926
-76526761.039205
-76417440.809181
-76519557.765608
-76402592.505912
-76444961.385480
-76500988.246815
-76413433.812513
-76475282.143215
-76603018.684427
-76454444.483811
-76416803.416349
-76542658.481019
-76383789.698550
-76520903.562715
-76418494.762416
-76568172.157857
-76472939.045564
-76445034.830983
-76401658.028541
-76510372.533120
-76385637.484816
-76476866.685258
-76543820.782849
-76474699.927609
-76395463.357032
-76470283.080255
-76536814.867812
-76397497.489870
-76358067.333012
-76399872.164274
-76430110.763267
-76493411.926500
-76449417.407172
-76379458.378418
-76353687.488369
-76876667.083187
-76500450.702748
-76434883.118321
-76397429.595725
-76391108.691145
