-75617993.510335
-75453579.792265
-75577118.024360
-75335445.461095
-75665252.080431
-75326931.985286
-75231019.517996
-75445234.294615
-75287752.319164
-75370058.116425
-75351264.542325
-75463662.182940
-75470710.552209
-75465238.995914
-75534291.225958
-75492631.932984
-75347633.945468
-75398345.498278
-75334657.071574
-75389063.177978
-75457262.783933
-75411572.194466
-75358917.971350
-75387701.716579
-75329095.058428
-75488590.752865
-75457544.096765
-75447710.349016
-75405349.843175
-75513007.167618
-75472770.477259
-75610275.699244
-75359167.343003
-75405018.483070
-75514853.899780
-75359404.502480
-75359827.386476
-75500878.566509
-75564108.208184
-75514626.757147
-75416973.495851
-75526809.768863
-75347857.435030
-75464016.450711
-75566553.744682
-75448214.140850
-75264819.110024
-75414796.232570
-75321771.036036
-75588691.120625
-75316845.841228
-75506112.821146
-75404656.066487
-75425357.090904
-75513270.928942
-75538880.199073
-75503055.676501
-75373361.177535
-75466677.699774
-75354728.694759
-75347256.808099
-75384168.171592
-75307698.313646
-75533987.572350
-75482809.416158
-75422252.071899
-75458582.499093
-75346667.452734
-75629520.709839
-75513818.730582
-75353247.698337
-75431488.286254
-75414362.539460
-75490193.255606
-75401399.147710
-75434869.845082
-75509606.970057
-75423432.395083
-75551162.359368
-75545136.193967
-75442875.624586
-75443938.190190
-75424888.146047
-75421496.646682
-75498439.039704
-75362653.637487
-75417797.751952
-75418432.779645
-75420558.239533
-75358516.195209
-75464363.547805
-75555051.261075
-75682560.244823
-75470833.116078
-75371402.946926
-75421372.356603
-75474660.922971
-75313540.606435
-75394169.469374
-75445076.060395
