-6057507.269823
-6044999.309604
-6047327.811997
-6053984.845880
-6051391.361527
-6044369.862685
-6044962.162243
-6046725.329469
-6046745.785797
-6064622.980908
-6055147.869944
-6072938.662067
-6044902.003598
-6050978.047697
-6044830.533876
-6043502.241366
-6067781.837607
-6053290.098854
-6047931.724065
-6053943.381875
-6054022.368293
-6054810.047385
-6050863.701839
-6043518.301227
-6045887.253587
-6050581.735164
-6050339.470326
-6044696.567875
-6047364.562661
-6071546.358846
-6075235.279836
-6057181.246268
-6050895.239802
-6050895.228657
-6044723.575354
-6050250.990994
-6045778.993676
-6052083.785035
-6049492.390738
-6077768.813613
-6043475.445818
-6048441.769181
-6052611.830618
-6055130.663610
-6051376.315463
-6045516.369831
-6050863.762843
-6051839.190528
-6067638.290524
-6068512.568378
-6046705.319389
-6051952.768166
-6053760.768226
-6048949.999165
-6044547.239416
-6063757.214594
-6053827.219072
-6048733.301544
-6045743.271138
-6047876.900824
-6045933.317524
-6047748.363691
-6050068.708854
-6055544.660331
-6046666.691050
-6045660.789562
-6048489.719043
-6054316.768896
-6069554.023245
-6047646.341277
-6047961.307111
-6050863.912157
-6051048.963323
-6043898.108064
-6053905.694535
-6046163.558125
-6043804.182637
-6045590.843568
-6045813.202035
-6072623.836625
-6047652.401490
-6060226.161944
-6044123.380015
-6056023.565327
-6052397.394122
-6044164.165426
-6045434.852733
-6045187.414725
-6052175.615638
-6050864.986334
-6045267.556337
-6048494.963443
-6051027.789389
-6049568.879549
-6044533.588667
-6049391.111560
-6046746.558852
-6045280.208536
-6050979.037365
-6044059.003861
