-5987864.031997
-5982493.456466
-5975793.863675
-5976923.002401
-5979915.033785
-5988213.132738
-5980903.163576
-5982107.472741
-5985291.613509
-5988332.366492
-5977589.303716
-5970570.759698
-5982772.963633
-5972888.179044
-5991217.967043
-5989532.604324
-5979715.102834
-5979399.996136
-5976130.593314
-5988654.439139
-5983619.365529
-5976746.140057
-5983243.815757
-5980308.107317
-5992630.403943
-5982021.191382
-5982472.792619
-5979667.803624
-5981695.609835
-5980296.152103
-5977654.096636
-5981541.795734
-5978684.431142
-5984028.514621
-5972214.755447
-5986050.412852
-6000713.972722
-5980275.818433
-5972666.426444
-5985333.401284
-5979008.326348
-5977208.659377
-5980589.346778
-5987452.895579
-5984981.681442
-5985364.620708
-5978334.521845
-5979111.430403
-5982121.740564
-5975624.364059
-5987406.472935
-5981757.332496
-5975517.902415
-5976269.249283
-5979241.348464
-5981129.148705
-5982065.850848
-5976150.809975
-5977852.970667
-5985456.678508
-5975432.655385
-5974793.888839
-5976775.785199
-5987906.073295
-5981540.860477
-5971380.397450
-5981590.653919
-5974083.730206
-5984421.522693
-5975328.347606
-5970959.431652
-5988797.931904
-5975711.149971
-5974552.574290
-5982614.800695
-5989917.986325
-5983370.133254
-5984301.798058
-5981043.048255
-5987620.293450
-5974630.114128
-5981215.305864
-5976853.485708
-5991634.155720
-5978424.883785
-5984798.726790
-5972961.550499
-5980266.783977
-5988087.068873
-5979319.929855
-5976636.346907
-5988412.401955
-5976580.282054
-5981500.668534
-5972720.325127
-5982388.398675
-5988373.265513
-5980186.098069
-5987602.614871
-5978133.837695
