-44776290.757060
-44805999.499504
-44806002.375471
-44805998.541128
-44805998.675270
-44806000.123258
-44808969.050330
-44805998.551207
-44806004.081597
-44806002.104055
-44808975.607279
-44796033.223778
-44796034.650645
-44808970.798662
-44796032.832478
-44805999.443269
-44805999.053605
-44796033.192760
-44808972.802711
-44806001.491044
-44806002.312992
-44808970.982406
-44806004.791989
-44796033.645746
-44806000.051659
-44806001.773365
-44806000.579037
-44806006.354287
-44805999.718051
-44806000.448657
-44805999.048968
-44807326.081516
-44796032.814813
-44805999.969145
-44808968.525074
-44806000.807905
-44806003.327565
-44807325.465381
-44978215.750159
-44806001.646258
-44806001.546475
-44796032.903046
-44796036.064699
-44805998.985579
-44808971.063568
-44806000.019935
-44805999.263426
-44806003.255274
-44805999.474364
-44808969.106212
-44805999.990274
-44806000.638762
-44806003.958917
-44796037.100703
-44808968.362944
-44808968.767980
-44806000.389239
-44805999.253265
-44805999.916076
-44806000.561769
-44805998.624962
-44805999.497930
-44796035.563319
-44808974.381447
-44806002.272017
-44805999.287979
-44808977.327683
-44805999.844998
-44806004.831784
-44807328.174824
-44806002.302628
-44805998.623032
-44805999.178704
-44806000.105415
-44806000.626656
-44807330.119499
-44806001.504024
-44806001.176458
-44806001.463916
-44805999.969180
-44806000.966596
-44806004.265999
-44776292.246155
-44806002.690921
-44796032.957616
-44808970.058598
-44806002.484755
-44806001.282245
-44808972.552541
-44806001.954776
-44796032.386098
-44806000.505961
-44808971.801967
-44805999.127163
-44806000.197195
-44805998.476897
-44796032.224092
-44806001.968539
-44805998.782416
-44808968.974725
