-42610575.672445
-42720525.937346
-42802495.823897
-42569056.266171
-42569006.439170
-42572884.510861
-42626440.119175
-42560610.541936
-42560514.463182
-42565813.910385
-42563090.515444
-42563093.689286
-42564054.929722
-42569414.931361
-42590456.241530
-42559808.665411
-42838228.907227
-42569741.116442
-42582217.305397
-42573823.659269
-42856870.297188
-42813088.052351
-42786299.665968
-42856232.340985
-42865719.798721
-42807531.447026
-42515361.375698
-42576796.002528
-42563944.082120
-42780845.545970
-42749553.888681
-42729147.113674
-42582319.174000
-42776774.778422
-42561979.942949
-42567033.919313
-42869238.660131
-42553057.374495
-42574313.637626
-42732094.022937
-42809991.325334
-42580047.202786
-42566173.390106
-42816775.236814
-42563937.160896
-42774347.754277
-42795669.934687
-42566841.721008
-42814386.109236
-42577233.901931
-42557200.555926
-42849070.335983
-42559494.734008
-42562913.907239
-42573919.918308
-42568132.963716
-42802836.843682
-42557501.906317
-42560122.508904
-42566648.784960
-42561695.041662
-42567028.895981
-42568087.229835
-42788063.132392
-42560512.957369
-42570669.907118
-42823647.926078
-42560121.478904
-42565874.877832
-42858817.820772
-42660791.560290
-42735455.680492
-42668668.393856
-42803371.781336
-42779068.366538
-42833598.417086
-42810496.025706
-42741965.479594
-42804563.454871
-42576838.442053
-42858411.115206
-42821491.213695
-42568070.885942
-42540127.756898
-42572238.527206
-42648763.709003
-42611015.434269
-42553057.102832
-42689505.464596
-42572598.909878
-42725985.285401
-42789973.289448
-42579896.406132
-42739732.956104
-42576843.382153
-42573246.321068
-42576842.261666
-42566959.363515
-42576426.752548
-42671414.906894
