-42314065.845417
-41957140.638224
-42021159.743574
-41954736.715429
-42251882.570455
-42204035.339775
-42016247.481679
-41990797.444073
-42039639.333858
-42055618.643176
-42042253.093612
-41955350.469209
-42279478.852685
-41957420.275262
-42037630.255342
-41951802.351875
-42045909.281746
-41939786.682672
-42076210.918174
-42155019.108225
-42052546.533307
-42019749.922066
-42143081.194619
-42182475.613772
-41919627.322876
-41976396.697586
-42002428.909102
-42184323.890002
-41907164.546038
-42000333.017107
-42334969.295004
-42013157.611954
-41962623.141527
-41910565.698872
-42174275.842518
-41922691.870568
-41938317.914467
-42033152.642013
-41912668.813417
-41984868.563742
-42218049.211830
-41899577.408529
-42317853.986841
-42145750.314573
-41975034.475081
-42168594.210833
-41936664.456384
-41996588.143507
-41919400.081112
-42026477.321906
-42026098.080086
-41906982.698940
-41947654.906283
-42254933.472012
-42398666.105967
-42046058.941858
-42012741.702940
-41998040.602770
-41970755.481494
-41969264.620025
-42155744.376438
-41972076.220863
-41995829.377353
-42029454.755561
-42149440.349760
-42295211.050531
-42014890.823372
-41987464.021516
-41950403.373568
-42117271.214266
-42291495.742377
-42307016.007212
-41986086.633373
-42275347.592917
-41971451.690850
-41987445.762621
-42277645.736230
-42005809.628885
-42186263.213060
-41982895.379634
-42006523.206275
-41949383.430125
-42029748.629620
-41989278.393249
-42003124.268465
-42274095.861301
-41989642.749676
-42116137.770616
-41918089.951167
-41916886.464800
-42252507.316650
-42026498.215406
-41896334.887224
-42248102.689315
-42184073.975732
-41989361.039310
-42020985.780444
-42006760.939338
-42166336.439330
-41894598.040158
