0852    -3.268754   36.420793
0853    -3.268754   36.420793
0854    -3.268754   36.420793
0973    6.986769    40.748996
0974    6.986769    40.748996
0976    6.986769    40.748996
0977    -0.228236   41.767652
0978    -0.228236   41.767652
0980    -0.228236   41.767652
0981    -0.228236   41.767652
0982    -0.228236   41.767652
0983    1.843661    34.608332
0984    1.843661    34.608332
0985    1.843661    34.608332
0986    1.843661    34.608332
0784    -3.347420   36.199100
0785    -3.347420   36.199100
0786    -3.271281   36.522916
0787    -3.347420   36.199100      
0789    -3.271281   36.522916
0790    -3.347420   36.199100
0793    -3.347420   36.199100
0794    -3.347420   36.199100
0795    -3.347420   36.199100
0798    -7.296067   34.039024
0801    -3.347420   36.199100
0804    -3.271281   36.522916
0805    -3.271281   36.522916
0806    -3.271281   36.522916
0807    -3.271281   36.522916
0808    -3.271281   36.522916
0810    -3.347420   36.199100
0811    -2.859038   38.067869
0812    -2.251802   38.317633
0813    -1.582405   40.612124
0814    -1.524674   40.595065
0815    -2.251802   38.317633
0816    -2.251802   38.317633
0817    0.638931    37.830068
0860    9.081248    41.477404
0861    9.081248    41.477404
0862    9.081248    41.477404
0820    -6.844481   38.621371