-46674617.093821
-46694068.716633
-46684340.939617
-46739718.683540
-46968987.191682
-46671359.363359
-46674620.600327
-46685431.170798
-46615989.568998
-46691988.296531
-46684531.118973
-46849028.233911
-46972859.292651
-47007048.253186
-46807737.295238
-46685107.829040
-46613151.363920
-46724262.683482
-46800178.468279
-46674580.743957
-46683327.024796
-46779045.762150
-46926847.320529
-46971352.898873
-46946282.188082
-46913981.426040
-46934982.995682
-46804216.486923
-46683257.941617
-46902864.369321
-46718628.986517
-46674573.187507
-46680187.898248
-46689182.964485
-46723677.200144
-46704970.242587
-46657953.232535
-46742488.114447
-46674005.412762
-46683046.469755
-46912797.744379
-46741488.269051
-46689139.582854
-46999877.732002
-46665329.459418
-46621998.935130
-46683756.363159
-46988437.010392
-46772763.011378
-46687644.914725
-46677932.135059
-46949341.473020
-46683258.447836
-46965043.932363
-46621018.685159
-46684539.746554
-46619179.007780
-46716567.854723
-46669635.290026
-46685957.454556
-46687867.855372
-46993890.883977
-46956111.848248
-46714034.432287
-46656973.472635
-46984697.597074
-46947045.452683
-46681823.344450
-46689085.328516
-46669261.457117
-46685102.100035
-47151600.206779
-46680156.782811
-46686906.009513
-46939068.643501
-46683205.187685
-46728732.676133
-46902112.894302
-46947883.595002
-46998343.767611
-46688289.109182
-46615994.170073
-46683267.121870
-46766900.469568
-46618445.928525
-46719003.744606
-46983015.482724
-46620155.499599
-46731804.213575
-46680643.065205
-46674575.885191
-46866057.975327
-46714961.429863
-46968975.809003
-46997557.386599
-46683066.028198
-46683072.512398
-46687857.440903
-46738083.481552
-46712408.677736
