-32681755.858975
-32717000.842364
-32694828.232210
-32695001.370408
-32715706.950787
-32703223.673980
-32687777.773450
-32717000.842364
-32691105.697908
-32745128.978406
-32706686.464001
-32695001.370409
-32704813.961005
-32678076.966582
-32706686.464003
-32706686.464004
-32706686.464001
-32704813.961005
-32702171.773794
-32701026.384298
-32673940.667420
-32665984.240552
-32695949.798094
-32665984.240552
-32706686.464001
-32717000.842364
-32717000.842368
-32683630.686462
-32685370.090570
-32665984.240552
