-31238579.548965
-31279739.847846
-31259860.072734
-31227795.637910
-31272815.527281
-31202513.109147
-31219326.134486
-31236766.039820
-31874315.853131
-31482286.385744
-31263518.780322
-31230510.021010
-31236845.082516
-31556646.737972
-31235355.176141
-31261073.086634
-31256836.432685
-31471585.706241
-31284625.446928
-31270233.784646
-31288397.570227
-31547618.199220
-31226592.288756
-31398916.556803
-31221383.903658
-31238544.387361
-31537087.248681
-31218727.765198
-31238557.181023
-31587495.759638
-31194135.015436
-31443733.139268
-31223724.296400
-31242625.758772
-31211342.595529
-31228102.696675
-31232152.569177
-31231678.754830
-31219118.900441
-31267691.172083
-31221891.387834
-31228690.644260
-31374269.663465
-31216263.201446
-31452062.360651
-31229654.730195
-31585681.105094
-31905386.607823
-31245817.951894
-31230138.811468
-31569262.137433
-31337803.710475
-31260720.060493
-31957668.982773
-31867937.311942
-31971447.110329
-31228692.146357
-31377741.216897
-31306269.377238
-31209170.864150
-31231128.812513
-31230830.800154
-31729452.018223
-31272852.351298
-31517829.108428
-31201295.004525
-31479406.354522
-31645851.229841
-31449663.449661
-31576550.107401
-31226809.337567
-31241631.984195
-31240159.717578
-31245603.041695
-31217860.008261
-31566456.584359
-31236823.800965
-31206599.211843
-31224415.424086
-31246850.279257
-31492050.036415
-31264823.041788
-31432543.477080
-31633711.746718
-31253079.817526
-31254778.485354
-31230861.581763
-31472879.386067
-31207268.776586
-31453866.377681
-31253123.561645
-31222186.959710
-31544236.047190
-31209441.152702
-31247760.403399
-31297546.030201
-31270338.907448
-31405502.638207
-31227529.897879
-31547922.512288
