-30009156.753897
-30293447.068291
-30037579.946483
-30418589.878676
-30443725.987878
-30017955.557011
-30331848.446082
-30170600.441204
-30124931.560159
-30521858.041627
-30585078.085273
-30253039.315581
-30577266.052879
-30644090.192898
-30087782.961372
-30036500.618647
-30142086.242263
-30041302.907510
-30049103.788687
-30664743.157656
-30004458.020709
-30451490.486026
-30602467.820369
-30076264.164538
-30094131.421022
-30466402.909717
-30433936.555726
-30142687.984386
-30097353.257255
-30630144.246749
-30316445.231154
-30431118.900597
-30517098.450038
-30462945.124195
-30081361.298823
-30112755.843252
-30380974.936012
-30087720.479338
-30895017.916561
-30251574.501317
-30590504.022246
-30280796.239269
-30596200.167110
-30659360.094523
-30094266.797197
-30344381.891065
-30126406.762913
-30420208.342010
-30219432.403191
-30157598.819302
-30693835.641243
-30435294.116033
-30183579.709067
-30308774.234802
-30172225.753663
-30556863.756821
-30584675.167243
-30351746.120203
-30309883.875097
-30149717.776241
-30140777.060905
-30505908.167815
-30466374.456483
-30100434.068632
-30074584.742402
-30686013.039205
-30685134.311169
-30203433.132752
-30649790.517068
-30115410.541587
-30095566.615234
-30139573.406750
-30464528.070339
-30429413.639749
-30386186.019428
-30483029.952427
-30062609.539285
-30480854.831434
-30340723.177526
-30158823.875180
-30283012.941053
-30033335.577742
-30063451.558206
-30111871.744378
-30466840.148740
-30089149.437078
-30214459.465892
-30135198.699336
-30495806.215522
-30426619.212167
-30121561.008581
-30112317.992571
-30152706.158581
-30707737.602595
-30162013.463127
-30178251.713399
-30607611.275328
-30673857.027278
-30580720.815427
-30466748.819229
