-29214934.366366
-29412905.526085
-29858476.494860
-29582002.925275
-29292845.500743
-29391618.578705
-29392954.227551
-29487186.379099
-29584074.423841
-29542231.110572
-29457575.791691
-29415586.245052
-29894988.474628
-29925349.534097
-29423336.464199
-29274490.234929
-29904295.688434
-29294364.861778
-29412992.035079
-29968803.028994
-29545330.430672
-29544822.808792
-29346002.336704
-29297904.372421
-29895336.958921
-29379684.325749
-29956158.350264
-29408405.599581
-29445761.186211
-29372468.509241
-29570114.571889
-29417637.503454
-29733502.659038
-29532203.620007
-29301589.401607
-29330144.339869
-29424021.217856
-29604174.094686
-29436885.009800
-29440488.085535
-29702297.377728
-29555604.850788
-29262762.428762
-29626875.229659
-29576360.511850
-29440494.731452
-30022973.882038
-29977581.118479
-29632355.236119
-29924499.910428
-29316310.545597
-29362667.132929
-29603185.143932
-29503623.712157
-29275382.010378
-29713726.171825
-29528093.083805
-29932527.158769
-29396949.396921
-29536714.702825
-29427911.127234
-29373218.252828
-29556651.415389
-29477212.929714
-29473688.811140
-29916311.380424
-29470500.293316
-29493041.469767
-29476796.661552
-29656433.059419
-29227849.147473
-29882223.758440
-29714166.087159
-29347814.567223
-29940657.392515
-29300258.208002
-29349431.478697
-29763339.316687
-29404813.890507
-29410949.578732
-29544688.464672
-29912265.074218
-29439811.340841
-29348065.838944
-29565998.176330
-29820886.658999
-29399101.570385
-29312393.535897
-29529505.670266
-29880411.725916
-29468636.755611
-29763440.204561
-29329073.779063
-29279546.715168
-29832238.557870
-29267994.500516
-29418819.288234
-29256119.317608
-29611885.976178
-29633118.502916
