-28806461.488988
-28686092.449669
-28418901.501798
-28628410.342542
-28659105.849840
-28722941.423359
-28656251.332863
-28634943.102159
-28928950.839072
-28577261.681055
-28855149.780426
-28598081.887660
-28734555.331193
-28815444.873608
-28652316.396003
-28678797.492482
-28802766.302516
-28667833.799179
-28539485.910247
-28465609.750383
-28690074.925965
-28501088.819617
-29198130.702357
-29264872.757521
-28797057.445408
-28792979.343145
-29288157.957255
-28825085.055822
-28862291.176855
-28665990.917052
-28598857.612178
-28642600.689709
-28664806.484113
-28537845.624327
-28536076.736909
-28709167.670038
-28759141.335957
-28509727.324236
-28784169.311945
-28937525.728344
-28926930.244699
-28477013.452659
-28537790.983180
-28651496.672356
-28568175.789705
-28745800.896182
-28532342.643487
-28995707.146554
-28741366.407616
-28812356.687287
-28641254.582048
-28761297.254610
-28715614.790281
-28688293.530551
-28897087.820324
-28407663.472557
-28520926.741419
-28549490.057495
-28597185.347954
-28900392.009593
-28658649.803804
-28996657.150148
-28683104.330169
-28727770.262712
-28914036.081484
-28765405.810920
-28584981.942277
-28484515.590114
-28640292.111387
-28922564.066278
-28872169.444727
-28629413.251202
-28889069.766782
-28673997.850144
-28661842.980147
-28819058.188067
-28654524.159449
-28670558.758019
-28827819.775676
-28873277.099651
-28788345.900443
-28647625.494090
-28873722.602149
-28589659.536993
-28836161.323697
-28610724.487864
-29284955.631194
-28902388.261784
-28881013.081383
-28935017.383582
-28754104.176081
-28840645.023518
-28873977.349465
-28384287.805285
-29216232.059768
-28591831.304905
-28682359.897392
-28421939.856968
-28837799.011868
-28679942.043108
