-28015577.343032
-28160382.371941
-28307481.134614
-28164787.057258
-28330740.541145
-28131894.110644
-28045707.199088
-27931901.435201
-28059251.526849
-28214281.698622
-27955654.983286
-28082943.813589
-28433964.016536
-28032288.157963
-28218862.799462
-28004573.203513
-28044513.372367
-27794085.327880
-28134437.937351
-27911156.708127
-28090505.730729
-28316943.262114
-28002222.230704
-28091931.155819
-28025311.873087
-27954157.575003
-27865735.425900
-28148820.255897
-28182950.110075
-28178537.979474
-28229187.477722
-28337676.363559
-28115295.169754
-27923075.883111
-27966133.824339
-28319720.592064
-28037110.033509
-28052919.349453
-27931152.082274
-27944167.299779
-28057005.101100
-28323279.833615
-28319828.788895
-28104792.913791
-28179556.948367
-27865378.192689
-28268974.778411
-28122459.887138
-28140626.040177
-27936606.721965
-28438534.280430
-28407517.033233
-27996241.490705
-27988486.033847
-27950487.354927
-27961951.030213
-27892849.780743
-28264710.928196
-27917602.939371
-28153764.444227
-28109116.069320
-28062400.826801
-28007689.240127
-28247482.454656
-27929384.906780
-28238092.880321
-28078639.731144
-28116251.542581
-28086871.848735
-28236346.843716
-28177173.915864
-27864548.144147
-28061928.692411
-27914257.359577
-28001220.734001
-28162397.209515
-28224312.322256
-27806059.207821
-28089697.908090
-27975059.105391
-28067480.846040
-27865265.908739
-28355216.188772
-28003450.240837
-28236708.774880
-28075994.394879
-28239947.841984
-27980942.451104
-28284706.000643
-28131947.366407
-27758360.095618
-28219407.872199
-28256848.743103
-28306560.108572
-28014645.313467
-27815806.060364
-28222590.794916
-28147637.941275
-28205290.922508
-28245914.615590
