-27513323.637630
-27669505.148430
-27395003.049083
-27777477.118669
-27508348.552665
-27695374.109032
-27549613.161924
-27362148.520688
-27428318.600987
-27464490.495388
-27514665.251797
-27511148.873951
-27575581.010183
-27780769.899358
-27549538.266737
-27499787.352165
-27505239.533976
-27525501.360161
-27769394.975713
-27475037.337982
-27132719.606494
-27534857.687150
-27447595.611052
-27641053.671621
-27297736.953171
-27473014.907478
-27387823.870249
-27296085.346313
-27589153.935511
-27552391.700202
-27433152.855460
-27307825.040467
-27373578.647522
-27266531.097116
-27269678.933710
-27494747.156399
-27609874.427362
-27450365.989282
-27565987.086130
-27288704.690272
-27577224.875398
-27820371.710673
-27330278.411718
-27466943.081996
-27659226.650094
-27468597.858294
-27515322.553835
-27570746.176919
-27355106.932841
-27442710.646763
-27690662.543432
-27444169.332534
-27644635.276295
-27335714.403831
-27239659.172781
-27456463.776304
-27567097.329411
-27388891.063254
-27742726.219555
-27656827.874380
-27458941.404708
-27402838.755585
-27734682.713108
-27580162.822140
-27539471.169163
-27401665.286324
-27628891.080929
-27194171.986753
-27444341.917604
-27277979.165695
-27371894.942739
-27781391.808886
-27535500.385036
-27416901.417288
-27475840.351293
-27329771.277888
-27702649.536746
-27533094.974170
-27483337.402993
-27469435.285077
-27694883.822443
-27583970.366653
-27329524.202230
-26988468.739913
-27436082.849352
-27151810.762486
-27491384.798301
-27283605.124414
-27546643.662523
-27210389.832583
-27400010.806670
-27689450.808252
-27528333.296741
-27382074.590952
-27251953.166401
-27250293.889290
-27614635.020298
-27327192.301691
-27257815.038227
-27504305.870277
