-26859574.925464
-26816119.027574
-27059608.813494
-26847924.240883
-26896966.630021
-26834439.240312
-26805266.143999
-26961544.597368
-27102666.617177
-26708257.072096
-27220131.427153
-26876470.552024
-26914536.077778
-26923864.287699
-26937407.369313
-26770769.315498
-27198287.100035
-27093174.032394
-26970612.368791
-26693603.618405
-27003511.888547
-27102672.317854
-26802196.988182
-26810346.378268
-26906442.219951
-26701383.147719
-27229309.490726
-26856058.852029
-27278196.656479
-26702831.137954
-26731155.339861
-26980929.547956
-26844172.603555
